Downloading data from https://storage.googleapis.com/tensorflow/tf-keras-datasets/mnist.npz
11493376/11490434 [==============================] - 0s 0us/step
11501568/11490434 [==============================] - 0s 0us/step
Generation 1
1101110110000101010001010100010001010000011111010011000000010100110 0.11349999904632568
0100011110011101000100011000110011010101001111011111000001100010110 0.7870000004768372
0001111011001101111010011000111000011100010011011011100110111100111 0.11349999904632568
0001111001001111011001110110111111011010110111000101010000001111110 0.10279999673366547
1100110000011000010010101110101110010000110010011010101100000011101 0.6680999994277954
0001000011000101100100100000010010101000011110111010110100000110111 0.44339999556541443
0101101001001011101000010010000000000111101111001001000111101101011 0.9448999762535095
1001111000000110001001001001011000101000000101011010110110111101011 0.9204999804496765
0000000100000000001010001011000010111001101011010101000110010100011 0.8579999804496765
1100100000001010001101011001010001101010101111111001100100010011011 0.15620000660419464
1000011000011111110110100010101010110110000111011000101111001000000 0.08169999718666077
1000000101100100000011000110000000111110001010001101101110001100110 0.6180999875068665
1101100001101101000000011010001100110000000100101000001110011111001 0.6448000073432922
1010110010000000111100100110001011100011011010111101011010110011011 0.13809999823570251
1101111110001001000001101110001010010011001000101010100010100100010 0.7903000116348267
1100000011101010111011110110011001010110000001101000100101111000101 0.22089999914169312
1000000111000000100111000011110011101100000111000001110010001011010 0.13819999992847443
0000011100000110010110100110100111101010110110110001011101100011100 0.13379999995231628
0001100010000010100000001011010010100010101110001101001101110110000 0.10379999876022339
0100011001111100011011100000110101011111001110111000100011010110000 0.10700000077486038
0000111001111110111001011011101000000110100000011000100111001011100 0.2603999972343445
1100101000001000110111000100101000001000010011011010000001101101001 0.839900016784668
1001111110010010101000000111110011011101110110111000110110000110101 0.2093999981880188
0100100100000010000100001000001100000100000011110000011001001100110 0.9401999711990356
0101001110001110100101110101001101001001010000110111000010101000010 0.14489999413490295
[0.9448999762535095]
[0, 1, 0, 1, 1, 0, 1, 0, 0, 1, 0, 0, 1, 0, 1, 1, 1, 0, 1, 0, 0, 0, 0, 1, 0, 0, 1, 0, 0, 0, 0, 0, 0, 0, 0, 0, 0, 1, 1, 1, 1, 0, 1, 1, 1, 1, 0, 0, 1, 0, 0, 1, 0, 0, 0, 1, 1, 1, 1, 0, 1, 1, 0, 1, 0, 1, 1] 0.9448999762535095 0.8700953948001067
Generation 2
0101101001001011101000010010000000000111101111001001000111101101011 0.9448999762535095
0101101001001011101000010010000000000111101111001001000111101101011 0.9448999762535095
0100100100000010000100001000001100000100000011110000011001001100110 0.9401999711990356
0100100100000010001001011001010001101000000011110000011001011111011 0.9384999871253967
1001111000000110001001001001011000101000000101011010110110111101011 0.9204999804496765
1001111000000110001001011001010010111001101011011010110110010101011 0.9172000288963318
1001111110010110001000000111111011011101110110111000110110010100100 0.886900007724762
1101111110001001000001101110001010010011001000101010100110010100011 0.8810999989509583
1101111110001001000001101110001010010011001011001001000111001101011 0.8792999982833862
0000000100000000001010001011000010111001101011010101000110010100011 0.8579999804496765
1100000000010110001001000001011000100110000001101000100101111101111 0.85589998960495
1100101000001000110111000100101000001000010011011010000001101101001 0.839900016784668
1100100000001010001101011001010001101010101111110000011001000110110 0.8131999969482422
0100011110011101000100011000110011010101001111011111000001100010110 0.7870000004768372
0100011110011101000100011000110011010101001111011111000001000010110 0.7085999846458435
1100110000011000010010101110101110010000110010011010101100000011101 0.6680999994277954
1101100001101101000000011010001100110000000100101000001110011111001 0.6448000073432922
1000000101100100000011000110000000111110001010001101101110001100110 0.6180999875068665
1101110110000101010001010100010001010000010001101000100001110000100 0.5947999954223633
1101110110000101010001010100010001010000011111010011000000000110111 0.5504999756813049
0101101001001011101000010001000000000111101100101010100010100100010 0.4683000147342682
0001000011000101100100100000010010101000011110111010110100000110111 0.44339999556541443
1100110000011000010010101110101110010000110010011000101100000011101 0.4120999872684479
0001000100000000001010001011001000101000000101010101000110111100011 0.4025000035762787
1100101000001000110111001011101000001110100000011000100001111111100 0.3944000005722046
1100110000011000000000011010001110010000111010011010101110011111101 0.3734000027179718
Generation 3
0101101001001011101000010010000000000111101111001001000111101101011 0.9448999762535095
0100100100001010001010001011000010000101101011010101011001001100110 0.9616000056266785
0101101001001011101000010010000000000111101111001001000111101101011 0.9448999762535095
0100100100000010000100001000001100000100000011110000011001001100110 0.9401999711990356
0100100100000010001001011001010001101000000011110000011001011111011 0.9384999871253967
1101111000000110001001001001011000101000000101011010110110111100011 0.9332000017166138
1001111000000110001101001001011000101110000001011010100110111101011 0.9327999949455261
0100011110011101000100011010110011010110000001101000100101101001111 0.9291999936103821
1001111000000110001001001001011000101000000101011010110110111101011 0.9204999804496765
1001111000000110001001011001010010111001101011011010110110010101011 0.9172000288963318
1001111000010110101001011001010010110001101011011010111110010101011 0.907800018787384
1001111000000010001001011001010010011001101011010011001110010101011 0.9002000093460083
1001111000000110001001001001011000101000000101011000110110110101110 0.8892999887466431
0000000100000000001001011011000000111001101011010101000110010101011 0.8873999714851379
1001111110010110001000000111111011011101110110111000110110010100100 0.886900007724762
1101111110001001000001101110001010010011001000101010100110010100011 0.8810999989509583
1101111110001001000001101110001010010011001011001001000111001101011 0.8792999982833862
0000000100000000001010001011000010111001101011110101000110011101011 0.8766000270843506
1001111000000110001001011001010010111001101011011010110110001101011 0.8758999705314636
0000000100000000000100101000000100111000000011111000000110010100011 0.870199978351593
1101111110001001000001101110001010110011001011001000110111001101011 0.8611000180244446
0000000100000000001010001011000010111001101011010101000110010100011 0.8579999804496765
1100000000010110001001000001011000100110000001101000100101111101111 0.85589998960495
1100101000001000110111000100101000001000010011011010000001101101001 0.839900016784668
1100100000001010001101011001010001101010101111110000011001000110110 0.830299973487854
1001111000000110001010001001010010111001111011011010110110010100011 0.7871999740600586
Generation 4
0100100100001010001010001011000010000101101011010101011001001100110 0.9616000056266785
0100100100001010001010001011000010000101101011010101011001001100110 0.9616000056266785
0101101001001011100100011010110011000111000001101001000111101101011 0.9599999785423279
0100011110011101000001100110001010010011000001101000100001100100111 0.951200008392334
0101101001000110001101001001011000101110000001011010100110111101011 0.9491999745368958
0101101001001011101000010010000000000111101111001001000111101101011 0.9448999762535095
1001101100000110001001001001011000101000000101011000110101001100110 0.9417999982833862
0100100100000010000100001000001100000100000011110000011001001100110 0.9401999711990356
0100100100000010001001011001010001101000000011110000011001011111011 0.9384999871253967
1001111000000110001101001001011000101110000001011010100110111101011 0.9350000023841858
1101111000000110001001001001011000101000000101011010110110111100011 0.9332000017166138
1001111000000011101000010010000000000111101111001001000111101101011 0.9322999715805054
0100011110011101000100011010110011010110000001101000100101101001111 0.9291999936103821
0100100100011101000101111001010011010110000001101000100101111001111 0.9273999929428101
0000011110000110001001001001011000100110000001101000100101100101011 0.9272000193595886
0100011110000010001000011011110001101100000011110000011001011111011 0.9269000291824341
1001111000000110001001001001011000101000000101011010110110111101011 0.9204999804496765
1001111000000110001001011001010010111001101011011010110110010101011 0.9172000288963318
1101111110001001000001101110001010010010000101011010100110010101011 0.9147999882698059
0100111000000010000100001000001100100100000011110000011010110101110 0.9129999876022339
1001111000010110101001011001010010110001101011011010111110010101011 0.907800018787384
0100100100000010001001011001010001101000000011110000011001011101110 0.9061999917030334
1001111000000010001001011001010010011001101011010011001110010101011 0.9002000093460083
1001111000000110001001001001011000101000000101011000110110110101110 0.8892999887466431
0000000100000000001001011011000000111001101011010101000110010101011 0.8873999714851379
1001111110010110001000000111111011011101110110111000110110010100100 0.886900007724762
Generation 5
0100100100001010001010001011000010000101101011010101011001001100110 0.9616000056266785
1001111000000010001010001011000010000101101011010101011000010101110 0.9675999879837036
0100100100001010001010001011000010000101101011010101011001001100110 0.9616000056266785
0101101001001011100100011010110011000111000001101001000111101101011 0.9599999785423279
0100011110011101000001100110001010010011000001101000100001100100111 0.951200008392334
1001101100000110001001001001011000101000000101010000010100001100110 0.9502000212669373
0101101001000110001101001001011000101110000001011010100110111101011 0.9491999745368958
1001111110010110001000000111001010010011000001101000100001100100101 0.9462000131607056
0100010110011101000001100110001010010011000001111000100001100100111 0.945900022983551
0100100100000010010100001010000011000111000001101001000001001101011 0.9455000162124634
0101101001001011101000010010000000000111101111001001000111101101011 0.9448999762535095
1001101100000110001001001001011000101000000101011000110101001100110 0.9417999982833862
0100100100000010000100001000001100000100000011110000011001001100110 0.9401999711990356
0100100100000010001001011001010001101000000011110000011001011111011 0.9384999871253967
1001111000000110001101001001011000101110000001011010100110111101011 0.9350000023841858
0101101001001011101000010011000010000001101011011010011110011101011 0.9333999752998352
1101111000000110001001001001011000101000000101011010110110111100011 0.9332000017166138
1001111000000011101000010010000000000111101111001001000111101101011 0.9322999715805054
0100011110011101000100011010110011010110000001101000100101101001111 0.9291999936103821
0100100100011101000101111001010011010110000001101000100101111001111 0.9273999929428101
0000011110000110001001001001011000100110000001101000100101100101011 0.9272000193595886
0100011110000010001000011011110001101100000011110000011001011111011 0.9269000291824341
0100011000000010000100001000001100100100000011111000111011110100110 0.9251999855041504
1001111000000110001001001001011000101000000101011010110110111101011 0.9204999804496765
1001111000000110001001011001010010111001101011011010110110010101011 0.9172000288963318
1101111110001001000001101110001010010010000101011010100110010101011 0.9147999882698059
Generation 6
1001111000000010001010001011000010000101101011010101011000010101110 0.9675999879837036
1001111000000010001010001011000010000101101011010101011000010101110 0.9675999879837036
0100100100001010001010001011000010000101101011010101011001001100110 0.9616000056266785
0101101001001011100100011010110011000111000001101001000111101101011 0.9599999785423279
0100011110000010001000001011110001101101000011110101011001011111011 0.9516000151634216
0100011110011101000001100110001010010011000001101000100001100100111 0.951200008392334
1001101100000110001001001001011000101000000101010000010100001100110 0.9502000212669373
0101101001000110001101001001011000101110000001011010100110111101011 0.9491999745368958
1001111110010110001000000111001010010011000001101000100001100100101 0.9462000131607056
0100010110011101000001100110001010010011000001111000100001100100111 0.945900022983551
0100100100000010010100001010000011000111000001101001000001001101011 0.9455000162124634
0101101001001011101000010010000000000111101111001001000111101101011 0.9448999762535095
1001101100000110001001001001011000101000000101011000110101001100110 0.9417999982833862
0100100100000010000100001000001100000100000011110000011001001100110 0.9401999711990356
0100100100000010001001011001010001101000000011110000011001011111011 0.9384999871253967
1001111000000110001101001001011000101110000001011010100110111101011 0.9350000023841858
0101101001001011101000010011000010000001101011011010011110011101011 0.9333999752998352
1101111000000110001001001001011000101000000101011010110110111100011 0.9332000017166138
1001111000000011101000010010000000000111101111001001000111101101011 0.9322999715805054
0100100100000010001001011001010001101000000011110000000111001111001 0.9294000267982483
0100011110011101000100011010110011010110000001101000100101101001111 0.9291999936103821
0000011110000110001001001001011000100110000001101000100111100101011 0.9279999732971191
0101101001001011101000010010000000000111101111001001011001111101011 0.9277999997138977
0100100100011101000101111001010011010110000001101000100101111001111 0.9273999929428101
0100011110000010001000011011110001101100000011110000011001011111011 0.9269000291824341
0100011000000010000100001000001100100100000011111000111011110100110 0.9251999855041504
Generation 7
1001111000000010001010001011000010000101101011010101011000010101110 0.9675999879837036
1001111000000010001010001011000010000101101011010101011000010101110 0.9675999879837036
0100100100001010001010001011000010000101101011010101011001001100110 0.9616000056266785
0101101001001011101000010010000010000101101011010101011011110101011 0.9610000252723694
0101101001001011100100011010110011000111000001101001000111101101011 0.9599999785423279
0100100001001011100100011010110011000111000001101001000101101101110 0.9556999802589417
0100011110000010001000001011110001101101000011110101011001011111011 0.9516000151634216
0100100100001010001010001011000010000100000011111000111001001100110 0.9516000151634216
0100011110011101000001100110001010010011000001101000100001100100111 0.951200008392334
0100010110011101000001100110001010010011000001101000100001100100111 0.9509000182151794
1001101100000110001001001001011000101000000101010000010100001100110 0.9502000212669373
0101101001000110001101001001011000101110000001011010100110111101011 0.9491999745368958
0101101001001011110100011010110011000001101011011001011110011101011 0.9484999775886536
0100100100000010010100001010110011000111000001101001000001001101011 0.947700023651123
1001111110010110001000000111001010010011000001101000100001100100101 0.9462000131607056
0100010110011101000001100110001010010101000001010000100001010101110 0.9460999965667725
0100010110011101000001100110001010010011000001111000100001100100111 0.945900022983551
0101101001001011101000010010000000000111101111001001000111101101011 0.9448999762535095
1001101100000110001001001001011000101000000101011000110101001100110 0.9417999982833862
0100011110011101000001100110001010010011000001111001100001100100111 0.9412999749183655
0100100100000010000100001000001100000100000011110000011001001100110 0.9401999711990356
0100100100000010001001011001010001101000000011110000011001011111011 0.9384999871253967
0100111000000010000100001000001100100101101011010101011011010100110 0.9377999901771545
0101101001101011100100011010000011000111000001101001000111101101011 0.9362000226974487
1001111000000110001101001001011000101110000001011010100110111101011 0.9350000023841858
0101101001001011101000010011000010000001101011011010011110011101011 0.9333999752998352
Generation 8
1001111000000010001010001011000010000101101011010101011000010101110 0.9675999879837036
1001111000000010001010001011000010000101101011010101011000010101110 0.9675999879837036
0101101001000110001000001011110001101101000011111101011001011101011 0.963699996471405
0101101101001011101000010010000010000101101011010101011110011101011 0.9621000289916992
0100100100001010001010001011000010000101101011010101011001001100110 0.9616000056266785
0101101001001011101000010010000010000101101011010101011011110101011 0.9610000252723694
0101101001001011100100011010110011000111000001101001000111101101011 0.9599999785423279
0100111001001011101000010010000000000111100011110101011001011101011 0.958299994468689
0100100001001011100100011010110011000111000001101001000101101101110 0.9556999802589417
0101101001001011101000010010000010000101101011010101000111110101011 0.955299973487854
0101101001001011101000010010000010000101101001101001000111101101011 0.9545000195503235
0101101010000010001000001011110001101101000011110101011011010111011 0.9519000053405762
0100011110000010001000001011110001101101000011110101011001011111011 0.9516000151634216
0100100100001010001010001011000010000100000011111000111001001100110 0.9516000151634216
0100011110011101000001100110001010010011000001101000100001100100111 0.951200008392334
0100010110011101000001100110001010010011000001101000100001100100111 0.9509000182151794
1001101100000110001001001001011000101000000101010000010100001100110 0.9502000212669373
0101101001000110001101001001011000101110000001011010100110111101011 0.9491999745368958
0101101001001011110100011010110011000001101011011001011110011101011 0.9484999775886536
0101101001001011101100001010100010000101111011010101000001101101011 0.9483000040054321
0100100100000010010100001010110011000111000001101001000001001101011 0.947700023651123
1001111110010110001000000111001010010011000001101000100001100100101 0.9462000131607056
0100010110011101000001100110001010010101000001010000100001010101110 0.9460999965667725
0100010110011101000001100110001010010011000001111000100001100100111 0.945900022983551
0100100001001010001010001011100011000111000001111000111001101101110 0.9449999928474426
0101101001001011101000010010000000000111101111001001000111101101011 0.9448999762535095
Generation 9
1001111000000010001010001011000010000101101011010101011000010101110 0.9675999879837036
1001111000000010001010001011000010000101101011010101011000010101110 0.9675999879837036
0100100100001010001010001011000010000101101011010101011001010100110 0.9660000205039978
0101101001000110001000001011110001101101000011111101011001011101011 0.963699996471405
0101101101001011101000010010000010000101101011010101011110011101011 0.9621000289916992
0100100100001010001010001011000010000101101011010101011001001100110 0.9616000056266785
0101101001001011101000010010000011000111000001101001000111101101011 0.9613000154495239
0101101001001011101000010010000010000101101011010101011011110101011 0.9610000252723694
0101101001001011100100011010110011000111000001101001000111101101011 0.9599999785423279
0100111001001011101000010010000000000111100011110101011001011101011 0.958299994468689
0100011110000010001000001011110001101101000011110101011001011111011 0.9578999876976013
0101101001000010001000001011110001101111100011110101011001011101011 0.957099974155426
0100111001001011101000010010000000000101000111111101011001011101011 0.9563000202178955
1100011110011011100100100110001010010011000001101000100001100100110 0.9560999870300293
0100100001001011100100011010110011000111000001101001000101101101110 0.9556999802589417
0101101001001011101000010010000010000101101011010101000111110101011 0.955299973487854
0101101001000110001101001001011000101110000001011101000111101101011 0.9542999863624573
0100100100000010010100001010110010000101101001101001000001011101011 0.9535999894142151
0101101010000010001000001011110001101101000011110101011011010111011 0.9519000053405762
0100100100001010001010001011000010000100000011111000111001001100110 0.9516000151634216
0100011110011101000001100110001010010011000001101000100001100100111 0.951200008392334
0100010110011101000001100110001010010011000001101000100001100100111 0.9509000182151794
1001101100000110001001001001011000101000000101010000010100001100110 0.9502000212669373
0101101001000110001101001001011000101110000001011010100110111101011 0.9491999745368958
0101101001001011110100011010110011000001101011011001011110011101011 0.9484999775886536
0100010010011101000001100110001010010101000001010100100001001101110 0.9484999775886536
Generation 10
1001111000000010001010001011000010000101101011010101011000010101110 0.9675999879837036
1001111000000010001010001011000010000101101011010101011000010101110 0.9675999879837036
0101101001001011100100011010110011000111000001101001000111101101011 0.9664999842643738
0100100100001010001010001011000010000101101011010101011001010100110 0.9660000205039978
0101101001001011100100011010110011000101101001101011000001011101011 0.965399980545044
1001101100000010010100001010110010000101101001100001000101011100110 0.9649999737739563
0101101001000110001000001011110001101101000011111101011001011101011 0.963699996471405
0101101001001011101000010010000011000111000001101001001011101101011 0.9631999731063843
0101101101001011101000010010000010000101101011010101011110011101011 0.9621000289916992
0100100100001010001010001011000010000101101011010101011001001100110 0.9616000056266785
0100110100000010010100001010110010000101101001101001001101011101011 0.9616000056266785
0101101001001011101000010010000010000101101011010101011011110101011 0.9610000252723694
0100111001001011101000010010000000000111100011110101011001011101011 0.958299994468689
0100011110000010001000001011110001101101000011110101011001011111011 0.9578999876976013
0101101001000010001000001011110001101111100011110101011001011101011 0.957099974155426
0101101001001011000100011010110111000111000001101001000111101101011 0.9570000171661377
0100111001001011101000010010000000000101000111111101011001011101011 0.9563000202178955
1100011110011011100100100110001010010011000001101000100001100100110 0.9560999870300293
0100100001001011100100011010110011000111000001101001000101101101110 0.9556999802589417
0101101100000110001101000001011000101100000001011010100100001100110 0.9556000232696533
0101101001001011101000010010000010000101101011010101000111110101011 0.955299973487854
0101101001000110001101001001011000101110000001011101000111101101011 0.9542999863624573
0100100100000010010100001010110010000101101001101001000001011101011 0.9535999894142151
0101101010000010001000001011110001101101000011110101011011010111011 0.9519000053405762
0100100100001010001010001011000010000100000011111000111001001100110 0.9516000151634216
0100011110011101000001100110001010010011000001101000100001100100111 0.951200008392334
Generation 11
1001111000000010001010001011000010000101101011010101011000010101110 0.9675999879837036
1100011110011101000001100110001010010011000001101000100001100100110 0.9688000082969666
1001111000000010001010001011000010000101101011010101011000010101110 0.9675999879837036
0101101001001011100100011010110011000111000001101001000111101101011 0.9664999842643738
0100100100001010001010001011000010000101101011010101011001010100110 0.9660000205039978
0101101001001011100100011010110011000101101001101011000001011101011 0.965399980545044
1001101100000010010100001010110010000101101001100001000101011100110 0.9649999737739563
1100011110011011110100100110000010010011000001101000100001101100110 0.9646999835968018
0101101001000110001000001011110001101101000011111101011001011101011 0.963699996471405
0101101001001011101000010010000011000111000001101001001011101101011 0.9631999731063843
0100100100001010001010001011000010000101101011010101011001001100110 0.9629999995231628
0101101101001011101000010010000010000101101011010101011110011101011 0.9621000289916992
0100110100000010010100001010110010000101101001101001001101011101011 0.9616000056266785
0101101001001011101000010010000010000101101011010101011011110101011 0.9610000252723694
0101101000000010010100001010110010000101101001101011000001011101011 0.9606000185012817
0100111001001011101000010010000000000111100011110101011001011101011 0.958299994468689
0100011110000010001000001011110001101101000011110101011001011111011 0.9578999876976013
0101101001000010001000001011110001101111100011110101011001011101011 0.957099974155426
0101101001001011000100011010110111000111000001101001000111101101011 0.9570000171661377
0101101001001011100100011010110011000101100011110101011001011101011 0.9567000269889832
0100100001001011100100011010110011000111000001101001000101001101110 0.95660001039505
0100111001001011101000010010000000000101000111111101011001011101011 0.9563000202178955
0101101100000110001101000001011000101100000001011010100100001100110 0.9556000232696533
0101101001001011101000010010000010000101101011010101000111110101011 0.955299973487854
0101101001000110001101001001011000101110000001011101000111101101011 0.9542999863624573
0100111001001011101000010010000000000111101001101011000001011101011 0.9541000127792358
Generation 12
1100011110011101000001100110001010010011000001101000100001100100110 0.9688000082969666
1100011110011101000001100110001010010011000001101000100001100100110 0.9688000082969666
1001111000000010001010001011000010000101101011010101011000010101110 0.9675999879837036
0101101001001011100100011010110011000111000001101001000111101101011 0.9664999842643738
0100100100001010001010001011000010000101101011010101011001010100110 0.9660000205039978
0101101001001011100100011010110011000101101001101011000001011101011 0.965399980545044
1001101100000010010100001010110010000101101001100001000101011100110 0.9649999737739563
1100011110011011110100100110000010010011000001101000100001101100110 0.9646999835968018
0101101001000110001000001011110001101101000011111101011001011101011 0.963699996471405
0101101001001011101000010010000011000111000001101001001011101101011 0.9631999731063843
0100100100001010001010001011000010000101101011010101011001001100110 0.9629999995231628
0101101101001011101000010010000010000101101011010101011110011101011 0.9621000289916992
0100110100000010010100001010110010000101101001101001001101011101011 0.9616000056266785
0101101001001011101000010010000010000101101011010101011011110101011 0.9610000252723694
0100111001001011101000010010000000000100000111111101111000011101011 0.9607999920845032
0101101000000010010100001010110010000101101001101011000001011101011 0.9606000185012817
0100011110000010001000001011110001101101000011110101011001011111011 0.960099995136261
0100111001001011101000010010000000000111100011110101011001011101011 0.958299994468689
0101101001000010001000001011110001101111100011110101011001011101011 0.957099974155426
0101101001001011000100011010110111000111000001101001000111101101011 0.9570000171661377
0101101001001011100100011010110011000101100011110101011001011101011 0.9567000269889832
0100100001001011100100011010110011000111000001101001000101001101110 0.95660001039505
0100111001001011101000010010000000000101000111111101011001011101011 0.9563000202178955
0101101100000110001101000001011000101100000001011010100100001100110 0.9556000232696533
0101101001001011101000010010000010000101101011010101000111110101011 0.955299973487854
0101101001000110001101001001011000101110000001011101000111101101011 0.9542999863624573
Generation 13
1100011110011101000001100110001010010011000001101000100001100100110 0.9688000082969666
1100011110011101000001100110001010010011000001101000100001100100110 0.9688000082969666
1001111000000010001010001011000010000101101011010101011000010101110 0.9675999879837036
0100100100001010101010001011000010000101100001101001011001101100110 0.9668999910354614
0101101001001011100100011010110011000111000001101001000111101101011 0.9664999842643738
0100100100001010001010001011000010000101101011010101011001010100110 0.9660000205039978
0101101001001011100100011010110011000101101001101011000001011101011 0.965399980545044
1001101100000010010100001010110010000101101001100001000101011100110 0.9649999737739563
1100011110011011110100100110000010010011000001101000100001101100110 0.9646999835968018
1100011110011101000001100010000000000100000111111101111000011101011 0.9639999866485596
0101101001000110001000001011110001101101000011111101011001011101011 0.963699996471405
0101101001001011101000010010000011000111000001101001001011101101011 0.9631999731063843
0100100100001010001010001011000010000101101011010101011001001100110 0.9629999995231628
0101101101001011101000010010000010000101101011010101011110011101011 0.9621000289916992
0100110100000010010100001010110010000101101001101001001101011101011 0.9616000056266785
0101101001001011101000010010000010000101101011010101011011110101011 0.9610000252723694
0100111001001011101000010010000000000100000111111101111000011101011 0.9607999920845032
0101101000000010010100001010110010000101101001101011000001011101011 0.9606000185012817
0100011110000010001000001011110001101101000011110101011001011111011 0.960099995136261
0100111001001011101000010010000000000111100011110101011001011101011 0.958299994468689
1100011110011101000000100110001010010011101001101001000001100100110 0.9574999809265137
0101101001000010001000001011110001101111100011110101011001011101011 0.957099974155426
0101101001001011000100011010110111000111000001101001000111101101011 0.9570000171661377
0101101001001011100100011010110011000101100011110101011001011101011 0.9567000269889832
0100100001001011100100011010110011000111000001101001000101001101110 0.95660001039505
0100111001001011101000010010000000000101000111111101011001011101011 0.9563000202178955
Generation 14
1100011110011101000001100110001010010011000001101000100001100100110 0.9688000082969666
1100011110011101000001100110001010010011000001101000100001100100110 0.9688000082969666
1001111000000010001010001011000010000101101011010101011000010101110 0.9675999879837036
0100100100001010101010001011000010000101100001101001011001101100110 0.9668999910354614
0101101001001011100100011010110011000111000001101001000111101101011 0.9664999842643738
0100100100001010001010001011000010000101101011010101011001010100110 0.9660000205039978
0101101001001011100100011010110011000101101001101011000001011101011 0.965399980545044
1001101100000010010100001010110010000101101001100001000101011100110 0.9649999737739563
1100011110011011110100100110000010010011000001101000100001101100110 0.9646999835968018
1100011110011101000001100010000000000100000111111101111000011101011 0.9639999866485596
0101101001000110001000001011110001101101000011111101011001011101011 0.963699996471405
0100100011001011100100011010110011000110001001100001000101011100110 0.963699996471405
0101101001001011101000010010000011000111000001101001001011101101011 0.9631999731063843
0100100100001010001010001011000010000101101011010101011001001100110 0.9629999995231628
0101101101001011101000010010000010000101101011010101011110011101011 0.9621000289916992
0100110100000010010100001010110010000101101001101001001101011101011 0.9616000056266785
0101101001001011101000010010000010000101101011010101011011110101011 0.9610000252723694
0100111001001011101000010010000000000100000111111101111000011101011 0.9607999920845032
0101101000000010010100001010110010000101101001101011000001011101011 0.9606000185012817
0100011110000010001000001011110001101101000011110101011001011111011 0.960099995136261
0101101001001011100100011010110011000101100011101101010101001101011 0.9585000276565552
0100111001001011101000010010000000000111100011110101011001011101011 0.958299994468689
1100011110011101000000100110001010010011101001101001000001100100110 0.9574999809265137
0101101001000010001000001011110001101111100011110101011001011101011 0.957099974155426
0101101001001011000100011010110111000111000001101001000111101101011 0.9570000171661377
0101101001001011100100011010110011000101100011110101011001011101011 0.9567000269889832
Generation 15
1100011110011101000001100110001010010011000001101000100001100100110 0.9688000082969666
1100011110011101000001100110001010010011000001101000100001100100110 0.9688000082969666
1001111000000010001010001011000010000101101011010101011000010101110 0.9675999879837036
1100011110011011110100100110000010010011000001100001000101101100110 0.9675999879837036
0101101000000010010100001010110011000101100001101011000001001101011 0.9670000076293945
0100100100001010101010001011000010000101100001101001011001101100110 0.9668999910354614
0101101001001011100100011010110011000111000001101001000111101101011 0.9664999842643738
0100100100001010001010001011000010000101101011010101011001010100110 0.9660000205039978
0101101001001011100100011010110011000101101001101011000001011101011 0.965399980545044
1001101100000010010100001010110010000101101001100001000101011100110 0.9649999737739563
0100100100001010001010001011000010000110001001100001000101010100110 0.964900016784668
1100011110011011110100100110000010010011000001101000100001101100110 0.9646999835968018
1100011110001010001010001011000010000111000001101000101000001100110 0.9646999835968018
1100011110011101000001100010000000000100000111111101111000011101011 0.9639999866485596
0101101001000110001000001011110001101101000011111101011001011101011 0.963699996471405
0100100011001011100100011010110011000110001001100001000101011100110 0.963699996471405
0101101001001011101000010010000011000111000001101001001011101101011 0.9631999731063843
0100100100001010001010001011000010000101101011010101011001001100110 0.9629999995231628
0101101101001011101000010010000010000101101011010101011110011101011 0.9621000289916992
0100110100000010010100001010110010000101101001101001001101011101011 0.9616000056266785
0101101001001011101000010010000010000101101011010101011011110101011 0.9610000252723694
0100111001001011101000010010000000000100000111111101111000011101011 0.9607999920845032
1100011110011011110100100110000010010011000001101001001001101100110 0.9603999853134155
0100100011001011100100011010110011000101101011010101011001011100110 0.9603000283241272
0100011110000010001000001011110001101101000011110101011001011111011 0.960099995136261
0101101001001011100100011010110011000101100011101101010101001101011 0.9585000276565552
Generation 16
1100011110011101000001100110001010010011000001101000100001100100110 0.9688000082969666
1100011110011101000001100110001010010011000001101000100001100100110 0.9688000082969666
1001111000000010001010001011000010000101101011010101011000010101110 0.9675999879837036
1100011110011011110100100110000010010011000001100001000101101100110 0.9675999879837036
0101101101001011101000010010000010000101101011010101011101001101011 0.9672999978065491
0101101000000010010100001010110011000101100001101011000001001101011 0.9670000076293945
0100100100001010101010001011000010000101100001101001011001101100110 0.9668999910354614
0101101001001011100100011010110011000111000001101001000111101101011 0.9664999842643738
0100100100001010001010001011000010000101101011010101011001010100110 0.9660000205039978
0101101001001011100100011010110011000101101001101011000001011101011 0.965399980545044
1001101100000010010100001010110010000101101001100001000101011100110 0.9649999737739563
0100100100001010001010001011000010000110001001100001000101010100110 0.964900016784668
1100011110011011110100100110000010010011000001101000100001101100110 0.9646999835968018
1100011110001010001010001011000010000111000001101000101000001100110 0.9646999835968018
1100011110011101000001100010000000000100000111111101111000011101011 0.9639999866485596
0101101001000110001000001011110001101101000011111101011001011101011 0.963699996471405
0100100011001011100100011010110011000110001001100001000101011100110 0.963699996471405
0101101001001011101000010010000011000111000001101001001011101101011 0.9631999731063843
0100100100001010001010001011000010000101101011010101011001001100110 0.9629999995231628
0101101101001011101000010010000010000101101011010101011110011101011 0.9621000289916992
0100110100000010010100001010110010000101101001101001001101011101011 0.9616000056266785
0101101001001011101000010010000010000101101011010101011011110101011 0.9610000252723694
0100111001001011101000010010000000000100000111111101111000011101011 0.9607999920845032
1100011110011011110100100110000010010011000001101001001001101100110 0.9603999853134155
0100100011001011100100011010110011000101101011010101011001011100110 0.9603000283241272
0100011110000010001000001011110001101101000011110101011001011111011 0.960099995136261
Generation 17
1100011110011101000001100110001010010011000001101000100001100100110 0.9688000082969666
1100011110011101000001100110001010010011000001101000100001100100110 0.9688000082969666
0001101001001011100100011010110011000101101001101011000001011101011 0.9685999751091003
1001111000000010001010001011000010000101101011010101011000010101110 0.9675999879837036
1100011110011011110100100110000010010011000001100001000101101100110 0.9675999879837036
0101101101001011101000010010000010000101101011010101011101001101011 0.9672999978065491
0101101000000010010100001010110011000101100001101011000001001101011 0.9670000076293945
0100100100001010101010001011000010000101100001101001011001101100110 0.9668999910354614
0101101001001011100100011010110011000111000001101001000111101101011 0.9664999842643738
0100100100001010001010001011000010000101101011010101011001010100110 0.9660000205039978
0101101000000010010100001010110011000101100011110011011001011101011 0.965499997138977
1001101100000010010100001010110010000101101001100001000101011100110 0.9649999737739563
0100100100001010001010001011000010000110001001100001000101010100110 0.964900016784668
1100011110011011110100100110000010010011000001101000100001101100110 0.9646999835968018
1100011110001010001010001011000010000111000001101000101000001100110 0.9646999835968018
1100011110011101000001100010000000000100000111111101111000011101011 0.9639999866485596
0101101001000110001000001011110001101101000011111101011001011101011 0.963699996471405
0100100011001011100100011010110011000110001001100001000101011100110 0.963699996471405
0101101001001011101000010010000011000111000001101001001011101101011 0.9631999731063843
0101101000000010010100001010110011000101100001101001000001001101011 0.9631999731063843
0100100100001010001010001011000010000101101011010101011001001100110 0.9629999995231628
0101101101001011101000010010000010000101101011010101011110011101011 0.9621000289916992
0100110100000010010100001010110010000101101001101001001101011101011 0.9616000056266785
0101101001001011101000010010000010000101101011010101011011110101011 0.9610000252723694
0100111001001011101000010010000000000100000111111101111000011101011 0.9607999920845032
0100011110000010001000001011110001101101000001101101010001001111011 0.9606999754905701
Generation 18
1100011110011101000001100110001010010011000001101000100001100100110 0.9688000082969666
1100011110011101000001100110001010010011000001101000100001100100110 0.9688000082969666
0001101001001011100100011010110011000101101001101011000001011101011 0.9685999751091003
0101101000000011101000001010110011001101100011110011011001011101011 0.9678000211715698
1001111000000010001010001011000010000101101011010101011000010101110 0.9675999879837036
1100011110011011110100100110000010010011000001100001000101101100110 0.9675999879837036
0101101101001011101000010010000010000101101011010101011101001101011 0.9672999978065491
0100100100001010001010001001000010000101101011010101011001010100110 0.9671000242233276
0101101000000010010100001010110011000101100001101011000001001101011 0.9670000076293945
0100100100001010101010001011000010000101100001101001011001101100110 0.9668999910354614
0101101001001011100100011010110011000111000001101001000111101101011 0.9664999842643738
0101101000000010010100001010110011000101100011110011011001011101011 0.965499997138977
1001101100000010010100001010110010000101101001100001000101011100110 0.9649999737739563
0100100100001010001010001011000010000110001001100001000101010100110 0.964900016784668
0101101001000110001000001011110001101101000111111101111001011101011 0.964900016784668
1100011110011011110100100110000010010011000001101000100001101100110 0.9646999835968018
1100011110001010001010001011000010000111000001101000101000001100110 0.9646999835968018
0101101001001011101000000010000011000100100011110011011011110101011 0.9646000266075134
1100011110011101000001100010000000000100000111111101111000011101011 0.9639999866485596
0101101001000110001000001011110001101101000011111101011001011101011 0.963699996471405
0100100011001011100100011010110011000110001001100001000101011100110 0.963699996471405
0101101001001011101000010010000011000111000001101001001011101101011 0.9631999731063843
0101101000000010010100001010110011000101100001101001000001001101011 0.9631999731063843
0100100100001010001010001011000010000101101011010101011001001100110 0.9629999995231628
0100100011001011100100011010110011000110101011010101011001001100110 0.9625999927520752
0101101101001011101000010010000010000101101011010101011110011101011 0.9621000289916992
Generation 19
1100011110011101000001100110001010010011000001101000100001100100110 0.9688000082969666
1100011110011101000001100110001010010011000001101000100001100100110 0.9688000082969666
0001101001001011100100011010110011000101101001101011000001011101011 0.9685999751091003
0101101000000011101000001010110011001101100011110011011001011101011 0.9678000211715698
1001111000000010001010001011000010000101101011010101011000010101110 0.9675999879837036
1100011110011011110100100110000010010011000001100001000101101100110 0.9675999879837036
0101101101001011101000010010000010000101101011010101011101001101011 0.9672999978065491
0100100100001010001010001001000010000101101011010101011001010100110 0.9671000242233276
0101101000000010010100001010110011000101100001101011000001001101011 0.9670000076293945
0100100100001010101010001011000010000101100001101001011001101100110 0.9668999910354614
0101101001001011100100011010110011000111000001101001000111101101011 0.9664999842643738
0101101001001011100100001010110010000101100001101001000111011100110 0.9657999873161316
0100100100001010001010001001000010000101101011010101011001000100110 0.9656999707221985
0101101000000010010100001010110011000101100011110011011001011101011 0.965499997138977
1001101100000010010100001010110010000101101001100001000101011100110 0.9649999737739563
0100100100001010001010001011000010000110001001100001000101010100110 0.964900016784668
0101101001000110001000001011110001101101000111111101111001011101011 0.964900016784668
1100011110011011110100100110000010010011000001101000100001101100110 0.9646999835968018
1100011110001010001010001011000010000111000001101000101000001100110 0.9646999835968018
0101101001001011101000000010000011000100100011110011011011110101011 0.9646000266075134
0100100100001010001010001011000010000101101011010101011001011100110 0.9645000100135803
1100011110011101000001100010000000000100000111111101111000011101011 0.9639999866485596
0101101001000110001000001011110001101101000011111101011001011101011 0.963699996471405
0100100011001011100100011010110011000110001001100001000101011100110 0.963699996471405
1100011110011100000001100110001010010011000001100001011001000100110 0.9632999897003174
0101101001001011101000010010000011000111000001101001001011101101011 0.9631999731063843
Generation 20
1100011110011101000001100110001010010011000001101000100001100100110 0.9688000082969666
0101101001001011101000000010000011001101000111110011011001110101011 0.9696999788284302
1100011110011101000001100110001010010011000001101000100001100100110 0.9688000082969666
0001101001001011100100011010110011000101101001101011000001011101011 0.9685999751091003
0101101000000011101000001010110011001101100011110011011001011101011 0.9678000211715698
1001111000000010001010001011000010000101101011010101011000010101110 0.9675999879837036
1100011110011011110100100110000010010011000001100001000101101100110 0.9675999879837036
0101101101001011101000010010000010000101101011010101011101001101011 0.9672999978065491
0100100100001010001010001001000010000101101011010101011001010100110 0.9671000242233276
0101101000000010010100001010110011000101100001101011000001001101011 0.9670000076293945
0100100100001010101010001011000010000101100001101001011001101100110 0.9668999910354614
0101101001001011100100011010110011000111000001101001000111101101011 0.9664999842643738
0101101001001011100100001010110010000101100001101001000111011100110 0.9657999873161316
0100100100001010001010001001000010000101101011010101011001000100110 0.9656999707221985
0101101000000010010100001010110011000101100011110011011001011101011 0.965499997138977
1001101100000010010100001010110010000101101001100001000101011100110 0.9649999737739563
0100100100001010001010001011000010000110001001100001000101010100110 0.964900016784668
0101101001000110001000001011110001101101000111111101111001011101011 0.964900016784668
1100011110011011110100100110000010010011000001101000100001101100110 0.9646999835968018
1100011110001010001010001011000010000111000001101000101000001100110 0.9646999835968018
0101101001001011101000000010000011000100100011110011011011110101011 0.9646000266075134
0100100100001010001010001011000010000101101011010101011001011100110 0.9645000100135803
1100011110011101000001100010000000000100000111111101111000011101011 0.9639999866485596
0101101001000110001000001011110001101101000011111101011001011101011 0.963699996471405
0100100011001011100100011010110011000110001001100001000101011100110 0.963699996471405
1100011110011100000001100110001010010011000001100001011001000100110 0.9632999897003174
Generation 21
0101101001001011101000000010000011001101000111110011011001110101011 0.9696999788284302
0001101001001011100100011110110011000101101001101011100001011111011 0.9717000126838684
0101101001001011101000000010000011000100100011110011011011010101011 0.9702000021934509
0100100100001010001010001001000010000101101011010101011101000100110 0.9699000120162964
0101101001001011101000000010000011001101000111110011011001110101011 0.9696999788284302
1100011110011101000001100110001010010011000001101000100001100100110 0.9688000082969666
0001101001001011100100011010110011000101101001101011000001011101011 0.9685999751091003
0101101000000011101000001010110011001101100011110011011001011101011 0.9678000211715698
1001111000000010001010001011000010000101101011010101011000010101110 0.9675999879837036
1100011110011011110100100110000010010011000001100001000101101100110 0.9675999879837036
0101101101001011101000010010000010000101101011010101011101001101011 0.9672999978065491
0100100100001010001010001001000010000101101011010101011001010100110 0.9671000242233276
0101101000000010010100001010110011000101100001101011000001001101011 0.9670000076293945
0100100100001010101010001011000010000101100001101001011001101100110 0.9668999910354614
0101101001001011100100011010110011000111000001101001000111101101011 0.9664999842643738
0101101101001011101000010010000010000101101011010101011001001101011 0.9663000106811523
0101101001001011100100001010110010000101100001101001000111011100110 0.9657999873161316
0100100100001010001010001001000010000101101011010101011001000100110 0.9656999707221985
0101101000000010010100001010110011000101100011110011011001011101011 0.965499997138977
1001101100000010010100001010110010000101101001100001000101011100110 0.9649999737739563
0100100100001010001010001011000010000110001001100001000101010100110 0.964900016784668
0101101001000110001000001011110001101101000111111101111001011101011 0.964900016784668
1100011110011011110100100110000010010011000001101000100001101100110 0.9646999835968018
1100011110001010001010001011000010000111000001101000101000001100110 0.9646999835968018
0101101001001011101000000010000011000100100011110011011011110101011 0.9646000266075134
0100100100001010001010001011000010000101101011010101011001011100110 0.9645000100135803
Generation 22
0001101001001011100100011110110011000101101001101011100001011111011 0.9717000126838684
0001101001001011100100011110110011000101101001101011100001011111011 0.9717000126838684
0101101001001011101000000010000011000100100011110011011011010101011 0.9702000021934509
0100100100001010001010001001000010000101101011010101011101000100110 0.9699000120162964
0101101001001011101000000010000011001101000111110011011001110101011 0.9696999788284302
1100011110011101000001100110001010010011000001101000100001100100110 0.9688000082969666
0001101001001011100100011010110011000101101001101011000001011101011 0.9685999751091003
0101101000000011101000001010110011001101100011110011011001011101011 0.9678000211715698
1001111000000010001010001011000010000101101011010101011000010101110 0.9675999879837036
1100011110011011110100100110000010010011000001100001000101101100110 0.9675999879837036
0101101101001011101000010010000010000101101011010101011101001101011 0.9672999978065491
1100011110011010001010001001000010000101101011010101011001011100110 0.9672999978065491
0100100100001010001010001001000010000101101011010101011001010100110 0.9671000242233276
0101101000000010010100001010110011000101100001101011000001001101011 0.9670000076293945
0100100100001010101010001011000010000101100001101001011001101100110 0.9668999910354614
0101101001001011100100011010110011000111000001101001000111101101011 0.9664999842643738
0101101101001011101000010010000010000101101011010101011001001101011 0.9663000106811523
0101101001001011100100001010110010000101100001101001000111011100110 0.9657999873161316
0100100100001010001010001001000010000101101011010101011001000100110 0.9656999707221985
0101101000000010010100001010110011000101100011110011011001011101011 0.965499997138977
0100100100001010001010001001000010000101101011010101011001011100110 0.965499997138977
1001101100000010010100001010110010000101101001100001000101011100110 0.9649999737739563
0100100100001010001010001011000010000110001001100001000101010100110 0.964900016784668
0101101001000110001000001011110001101101000111111101111001011101011 0.964900016784668
1100011110011011110100100110000010010011000001101000100001101100110 0.9646999835968018
1100011110001010001010001011000010000111000001101000101000001100110 0.9646999835968018
Generation 23
0001101001001011100100011110110011000101101001101011100001011111011 0.9717000126838684
0001101001001011100100011110110011000101101001101011100001011111011 0.9717000126838684
1100011110011011110100100110000010010011100001100001000101011100110 0.9710999727249146
0101101001001011101000000010000011000100100011110011011011010101011 0.9702000021934509
0100100100001010001010001001000010000101101011010101011101000100110 0.9699000120162964
0101101001001011101000000010000011001101000111110011011001110101011 0.9696999788284302
0101101001001011101000100110000011000100100011110011011011001101011 0.9690999984741211
1100011110011101000001100110001010010011000001101000100001100100110 0.9688000082969666
0001101001001011100100011010110011000101101001101011000001011101011 0.9685999751091003
0101101000000011101000001010110011001101100011110011011001011101011 0.9678000211715698
1001111000000010001010001011000010000101101011010101011000010101110 0.9675999879837036
0101101101001011101000010010000010000101101011010101011101001101011 0.9672999978065491
1100011110011010001010001001000010000101101011010101011001011100110 0.9672999978065491
0100100100001010001010001001000010000101101011010101011001010100110 0.9671000242233276
0101101000000010010100001010110011000101100001101011000001001101011 0.9670000076293945
0100100100001010101010001011000010000101100001101001011001101100110 0.9668999910354614
1100011111011011110110100110000010010001100001101011000101001100110 0.96670001745224
0101101001001011100100011010110011000111000001101001000111101101011 0.9664999842643738
0101101101001011101000010010000010000101101011010101011001001101011 0.9663000106811523
0101101001001011100100001010110010000101100001101001000111011100110 0.9657999873161316
0100100100001010001010001001000010000101101011010101011001000100110 0.9656999707221985
0101101000000010010100001010110011000101100011110011011001011101011 0.965499997138977
0100100100001010001010001001000010000101101011010101011001011100110 0.965499997138977
1001101100000010010100001010110010000101101001100001000101011100110 0.9649999737739563
0100100100001010001010001011000010000110001001100001000101010100110 0.964900016784668
0101101001000110001000001011110001101101000111111101111001011101011 0.964900016784668
Generation 24
0001101001001011100100011110110011000101101001101011100001011111011 0.9717000126838684
0001101001001011100100011110110011000101101001101011100001011111011 0.9717000126838684
0100100100001010001010001011000010000110001001100001000101110100110 0.9711999893188477
1100011110011011110100100110000010010011100001100001000101011100110 0.9710999727249146
0101101001001011101000000010000011000100100011110011011011010101011 0.9702000021934509
0100100100001010001010001001000010000101101011010101011101000100110 0.9699000120162964
0101101001001011101000000010000011001101000111110011011001110101011 0.9696999788284302
0101101001001011101000100110000011000100100011110011011011001101011 0.9690999984741211
1100011110011101000001100110001010010011000001101000100001100100110 0.9688000082969666
0001101001001011100100011010110011000101101001101011000001011101011 0.9685999751091003
1100011111011011110010001011000010000101101001101001000101101100110 0.9682999849319458
0101101000000011101000001010110011001101100011110011011001011101011 0.9678000211715698
1001111000000010001010001011000010000101101011010101011000010101110 0.9675999879837036
0101101101001011101000010010000010000101101011010101011101001101011 0.9672999978065491
1100011110011010001010001001000010000101101011010101011001011100110 0.9672999978065491
0100100100001010001010001001000010000101101011010101011001010100110 0.9671000242233276
0101101000000010010100001010110011000101100001101011000001001101011 0.9670000076293945
0100100100001010101010001011000010000101100001101001011001101100110 0.9668999910354614
1100011111011011110110100110000010010001100001101011000101001100110 0.96670001745224
0101101001001011100100011010110011000111000001101001000111101101011 0.9664999842643738
0101101101001011101000010010000010000101101011010101011001001101011 0.9663000106811523
0101101001001011100100001010110010000101100001101001000111011100110 0.9657999873161316
0100100100001010001010001001000010000101101011010101011001000100110 0.9656999707221985
0101101000000010010100001010110011000101100011110011011001011101011 0.965499997138977
0100100100001010001010001001000010000101101011010101011001011100110 0.965499997138977
1001101100000010010100001010110010000101101001100001000101011100110 0.9649999737739563
Generation 25
0001101001001011100100011110110011000101101001101011100001011111011 0.9717000126838684
0001101011000010010100001010110011000101100011110011011001011111011 0.9735999703407288
0001101001001011100100011110110011000101101001101011100001011111011 0.9717000126838684
0100100100001010001010001011000010000110001001100001000101110100110 0.9711999893188477
1100011110011011110100100110000010010011100001100001000101011100110 0.9710999727249146
0101101001001011101000000010000011000100100011110011011011010101011 0.9702000021934509
0100100100001010001010001001000010000101101011010101011101000100110 0.9699000120162964
0101101001001011101000000010000011001101000111110011011001110101011 0.9696999788284302
0101101001001011101000100110000011000100100011110011011011001101011 0.9690999984741211
1100011110011101000001100110001010010011000001101000100001100100110 0.9688000082969666
0001101001001011100100011010110011000101101001101011000001011101011 0.9685999751091003
1100011111011011110010001011000010000101101001101001000101101100110 0.9682999849319458
0101101000000011101000001010110011001101100011110011011001011101011 0.9678000211715698
1001111000000010001010001011000010000101101011010101011000010101110 0.9675999879837036
0101101101001011101000010010000010000101101011010101011101001101011 0.9672999978065491
1100011110011010001010001001000010000101101011010101011001011100110 0.9672999978065491
0100100100001010001010001001000010000101101011010101011001010100110 0.9671000242233276
0101101000000010010100001010110011000101100001101011000001001101011 0.9670000076293945
0100100100001010101010001011000010000101100001101001011001101100110 0.9668999910354614
1100011111011011110110100110000010010001100001101011000101001100110 0.96670001745224
0101101001001011100100011010110011000111000001101001000111101101011 0.9664999842643738
0101101101001011101000010010000010000101101011010101011001001101011 0.9663000106811523
0101101001001011100100001010110010000101100001101001000111011100110 0.9657999873161316
0100100100001010001010001001000010000101101011010101011001000100110 0.9656999707221985
0101101000000010010100001010110011000101100011110011011001011101011 0.965499997138977
0100100100001010001010001001000010000101101011010101011001011100110 0.965499997138977
Generation 26
0001101011000010010100001010110011000101100011110011011001011111011 0.9735999703407288
0001101011000010010100001010110011000101100011110011011001011111011 0.9735999703407288
0001101001001011100100011110110011000101101001101011100001011111011 0.9717000126838684
0100100100001010001010001011000010000110001001100001000101110100110 0.9711999893188477
1100011110011011110100100110000010010011100001100001000101011100110 0.9710999727249146
0101101001001011101000000010000011000100100011110011011011010101011 0.9702000021934509
0100100100001010001010001001000010000101101011010101011101000100110 0.9699000120162964
0101101001001011101000000010000011001101000111110011011001110101011 0.9696999788284302
0101101001001011101000100110000011000100100011110011011011001101011 0.9690999984741211
1100011110011101000001100110001010010011000001101000100001100100110 0.9688000082969666
0001101001001011100100011010110011000101101001101011000001011101011 0.9685999751091003
1100011111011011110010001011000010000101101001101001000101101100110 0.9682999849319458
0101101000000011101000001010110011001101100011110011011001011101011 0.9678000211715698
1001111000000010001010001011000010000101101011010101011000010101110 0.9675999879837036
0101101101001011101000010010000010000101101011010101011101001101011 0.9672999978065491
1100011110011010001010001001000010000101101011010101011001011100110 0.9672999978065491
0100100100001010001010001001000010000101101011010101011001010100110 0.9671000242233276
0101101000000010010100001010110011000101100001101011000001001101011 0.9670000076293945
0100100100001010101010001011000010000101100001101001011001101100110 0.9668999910354614
1100011111011011110110100110000010010001100001101011000101001100110 0.96670001745224
0101101001001011100100011010110011000111000001101001000111101101011 0.9664999842643738
0101101101001011101000010010000010000101101011010101011001001101011 0.9663000106811523
0101101001001011100100001010110010000101100001101001000111011100110 0.9657999873161316
0100100100001010001010001001000010000101101011010101011001000100110 0.9656999707221985
0101101000000010010100001010110011000101100011110011011001011101011 0.965499997138977
0100100100001010001010001001000010000101101011010101011001011100110 0.965499997138977
Generation 27
0001101011000010010100001010110011000101100011110011011001011111011 0.9735999703407288
0001101011000010010100001010110011000101100011110011011001011111011 0.9735999703407288
0001101001001011100100011110110011000101101001101011100001011111011 0.9717000126838684
0100100100001010001010001011000010000110001001100001000101110100110 0.9711999893188477
1100011110011011110100100110000010010011100001100001000101011100110 0.9710999727249146
0101101001001011101000000010000011000100100011110011011011010101011 0.9702000021934509
0100100100001010001010001001000010000101101011010101011101000100110 0.9699000120162964
0001101001001011100100011010110011000101101001101111100001011101011 0.9697999954223633
0101101001001011101000000010000011001101000111110011011001110101011 0.9696999788284302
0101101001001011101000100110000011000100100011110011011011001101011 0.9690999984741211
1100011110011101000001100110001010010011000001101000100001100100110 0.9688000082969666
0001101001001011100100011010110011000101101001101011000001011101011 0.9685999751091003
1100011111011011110010001011000010000101101001101001000101101100110 0.9682999849319458
0101101000000011101000001010110011001101100011110011011001011101011 0.9678000211715698
1001111000000010001010001011000010000101101011010101011000010101110 0.9675999879837036
0100100100001011100100001010110011000111101011010101011001011100110 0.9674999713897705
1100011110011001000001100110001010010011000001010101000001100100110 0.9674999713897705
0001101001001011100100011110110011000101101001101011000001011111011 0.9674000144004822
0101101101001011101000010010000010000101101011010101011101001101011 0.9672999978065491
1100011110011010001010001001000010000101101011010101011001011100110 0.9672999978065491
0100100100001010001010001001000010000101101011010101011001010100110 0.9671000242233276
0101101000000010010100001010110011000101100001101011000001001101011 0.9670000076293945
0100100100001010101010001011000010000101100001101001011001101100110 0.9668999910354614
1100011111011011110110100110000010010001100001101011000101001100110 0.96670001745224
0101101001001011100100011010110011000111000001101001000111101101011 0.9664999842643738
0101101101001011101000010010000010000101101011010101011001001101011 0.9663000106811523
Generation 28
0001101011000010010100001010110011000101100011110011011001011111011 0.9735999703407288
0001101011000010010100001010110011000101100011110011011001011111011 0.9735999703407288
0001101001001011100100011110110011000101101001101011100001011111011 0.9717000126838684
0100100100001010001010001011000010000110001001100001000101110100110 0.9711999893188477
1100011110011011110100100110000010010011100001100001000101011100110 0.9710999727249146
0101101001001011101000000010000011000100100011110011011011010101011 0.9702000021934509
0101101001000010010100001010110011000101110001101111100001011101011 0.9700000286102295
0100100100001010001010001001000010000101101011010101011101000100110 0.9699000120162964
0001101001001011100100011010110011000101101001101111100001011101011 0.9697999954223633
0101101001001011101000000010000011001101000111110011011001110101011 0.9696999788284302
0101101001001011101000100110000011000100100011110011011011001101011 0.9690999984741211
1100011110011101000001100110001010010011000001101000100001100100110 0.9688000082969666
0001101001001011100100011010110011000101101001101011000001011101011 0.9685999751091003
1100011111011011110010001011000010000101101001101001000101101100110 0.9682999849319458
1100011110011101000001100100001010010011000001101011000001011100110 0.9682999849319458
0101101000000011101000001010110011001101100011110011011001011101011 0.9678000211715698
1001111000000010001010001011000010000101101011010101011000010101110 0.9675999879837036
0100100100001011100100001010110011000111101011010101011001011100110 0.9674999713897705
1100011110011001000001100110001010010011000001010101000001100100110 0.9674999713897705
0001101001001011100100011110110011000101101001101011000001011111011 0.9674000144004822
0101101101001011101000010010000010000101101011010101011101001101011 0.9672999978065491
1100011110011010001010001001000010000101101011010101011001011100110 0.9672999978065491
0100100100001010001010001001000010000101101011010101011001010100110 0.9671000242233276
0101101000000010010100001010110011000101100001101011000001001101011 0.9670000076293945
0100100100001010101010001011000010000101100001101001011001101100110 0.9668999910354614
1100011111011011110110100110000010010001100001100011000101001100110 0.9668999910354614
Generation 29
0001101011000010010100001010110011000101100011110011011001011111011 0.9735999703407288
0001101011000010010100001010110011000101100011110011011001011111011 0.9735999703407288
0001101101001011100100011110100011100101101001101011100001011111011 0.9735999703407288
0001101001001011100100011110110011000101101001101011100001011111011 0.9717000126838684
0100100100001010001010001011000010000110001001100001000101110100110 0.9711999893188477
1100011110011011110100100110000010010011100001100001000101011100110 0.9710999727249146
0101101001001011101000000010000011000100100011110011011011010101011 0.9702000021934509
0101101001000010010100001010110011000101110001101111100001011101011 0.9700000286102295
0100100100001010001010001001000010000101101011010101011101000100110 0.9699000120162964
0001101001001011100100011010110011000101101001101111100001011101011 0.9697999954223633
0101101001001011101000000010000011001101000111110011011001110101011 0.9696999788284302
0101101001001011101000100110000011000100100011110011011011001101011 0.9690999984741211
1100011110011101000001100110001010010011000001101000100001100100110 0.9688000082969666
0001101001001011100100011010110011000101101001101011000001011101011 0.9685999751091003
1100011111011011110010001011000010000101101001101001000101101100110 0.9682999849319458
1100011110011101000001100100001010010011000001101011000001011100110 0.9682999849319458
0101101000000011101000001010110011001101100011110011011001011101011 0.9678000211715698
1100011110011010001010001001000011000101110001101111011001011100110 0.9677000045776367
1001111000000010001010001011000010000101101011010101011000010101110 0.9675999879837036
0100100100001011100100001010110011000111101011010101011001011100110 0.9674999713897705
1100011110011001000001100110001010010011000001010101000001100100110 0.9674999713897705
0001101001001011100100011110110011000101101001101011000001011111011 0.9674000144004822
0101101101001011101000010010000010000101101011010101011101001101011 0.9672999978065491
1100011110011010001010001001000010000101101011010101011001011100110 0.9672999978065491
0100100100001010001010001001000010000101101011010101011001010100110 0.9671000242233276
0101101000000010010100001010110011000101100001101011000001001101011 0.9670000076293945
Generation 30
0001101011000010010100001010110011000101100011110011011001011111011 0.9735999703407288
0001101011000010010100001010110011000101100011110011011001011111011 0.9735999703407288
0001101101001011100100011110100011100101101001101011100001011111011 0.9735999703407288
0001101001001011100100011110110011000101101001101011100001011111011 0.9717000126838684
0100100100001010001010001011000010000110001001100001000101110100110 0.9711999893188477
1100011110011011110100100110000010010011100001100001000101011100110 0.9710999727249146
0101101001001011101000000010000011000100100011110011011011010101011 0.9702000021934509
0101101001000010010100001010110011000101110001101111100001011101011 0.9700000286102295
0100100100001010001010001001000010000101101011010101011101000100110 0.9699000120162964
0001101001001011100100011010110011000101101001101111100001011101011 0.9697999954223633
0101101001001011101000000010000011001101000111110011011001110101011 0.9696999788284302
1100011110011001000001100110001010010011000001010101000001101100110 0.9696999788284302
0101101001001011101000100110000011000100100011110011011011001101011 0.9690999984741211
1100011110011101000001100110001010010011000001101000100001100100110 0.9688000082969666
0001101001001011100100011010110011000101101001101011000001011101011 0.9685999751091003
1100011111011011110010001011000010000101101001101001000101101100110 0.9682999849319458
1100011110011101000001100100001010010011000001101011000001011100110 0.9682999849319458
0101101000000011101000001010110011001101100011110011011001011101011 0.9678000211715698
1100011110011010001010001001000011000101110001101111011001011100110 0.9677000045776367
1001111000000010001010001011000010000101101011010101011000010101110 0.9675999879837036
0100100100001011100100001010110011000111101011010101011001011100110 0.9674999713897705
0001101001001011100100011110110011000101101001101011000001011111011 0.9674000144004822
0101101101001011101000010010000010000101101011010101011101001101011 0.9672999978065491
1100011110011010001010001001000010000101101011010101011001011100110 0.9672999978065491
0100100100001010001010001001000010000101101011010101011001010100110 0.9671000242233276
0101101000000010010100001010110011000101100001101011000001001101011 0.9670000076293945
[0.9448999762535095, 0.9448999762535095, 0.9616000056266785, 0.9616000056266785, 0.9675999879837036, 0.9675999879837036, 0.9675999879837036, 0.9675999879837036, 0.9675999879837036, 0.9675999879837036, 0.9688000082969666, 0.9688000082969666, 0.9688000082969666, 0.9688000082969666, 0.9688000082969666, 0.9688000082969666, 0.9688000082969666, 0.9688000082969666, 0.9688000082969666, 0.9696999788284302, 0.9717000126838684, 0.9717000126838684, 0.9717000126838684, 0.9717000126838684, 0.9735999703407288, 0.9735999703407288, 0.9735999703407288, 0.9735999703407288, 0.9735999703407288, 0.9735999703407288]
[0, 0, 0, 1, 1, 0, 1, 0, 1, 1, 0, 0, 0, 0, 1, 0, 0, 1, 0, 1, 0, 0, 0, 0, 1, 0, 1, 0, 1, 1, 0, 0, 1, 1, 0, 0, 0, 1, 0, 1, 1, 0, 0, 0, 1, 1, 1, 1, 0, 0, 1, 1, 0, 1, 1, 0, 0, 1, 0, 1, 1, 1, 1, 1, 0, 1, 1] 0.9735999703407288 0.8255316415180762