Generation 1
0001111110000010011110000011111010011111000101100000101000100110111 0.8838000297546387
1000001001000010011000000011100011010000110101100010100010110100111 0.9235000014305115
0000000011111111111111011101011110011001011001011100101010100000011 0.16099999845027924
0000111111000100000100011010101011000111000001000101111100100110011 0.4147999882698059
1100001101111001111111100011110111001110011010001111000000100110011 0.10840000212192535
0000111001000111110010110001001011110101101011011011001010100001100 0.29089999198913574
1100110000101010101000001011101110010011101001010010100101000110110 0.2994999885559082
0101001110001100111100100101111001111010001111001110011111001101111 0.10320000350475311
0100000100101110111101010000001101001110110001011110001010110010000 0.06469999998807907
0100000111101011001001110010101111110000011111001000111010100100110 0.7009000182151794
0000011010100101000010100011000000001111100010101011111111011000011 0.16339999437332153
1110011110000111000100001011110011010011000000000011010101001001111 0.777400016784668
0100010011111101101100001111010100101000101011100110100100010110001 0.10570000112056732
0000011111100010001011101010110010011010110110101101011011011100001 0.7710999846458435
1101010000000110011001010110000011011100010010010000010001001100111 0.5198000073432922
1100010100111001110110000101010000001010010001110101110110101110100 0.10450000315904617
0000010101010001011101101001100100101110110110100111100100000100000 0.19629999995231628
1100000110001110000010001000101100111001101100110011010000101111101 0.09799999743700027
0100111101010010011111010111000110110010000010010111100001110001111 0.09799999743700027
1000001011111010111110100000010101000010110010111000010100110101011 0.7311999797821045
1000000111101010111010110010011000001010100110111101000000010100100 0.41440001130104065
0100010000101000110111010000000101001010001101011010101100010110111 0.18700000643730164
1100100001000111000100110010101101010111100110100110001101101110100 0.40119999647140503
0110011001000001110001001010001010100000100001001011000110100001010 0.13359999656677246
1001001000011111000100010010000000110111000101001011110011000100001 0.28940001130104065
[0.9235000014305115]
[1, 0, 0, 0, 0, 0, 1, 0, 0, 1, 0, 0, 0, 0, 1, 0, 0, 1, 1, 0, 0, 0, 0, 0, 0, 0, 1, 1, 1, 0, 0, 0, 1, 1, 0, 1, 0, 0, 0, 0, 1, 1, 0, 1, 0, 1, 1, 0, 0, 0, 1, 0, 1, 0, 0, 0, 1, 0, 1, 1, 0, 1, 0, 0, 1, 1, 1] 0.9235000014305115 0.8255530315818208
Generation 2
1000001001000010011000000011100011010000110101100010100010110100111 0.9235000014305115
0100111110000011001001110010101111110000011111001100111010100100110 0.951200008392334
1000001001000010011000000011100011010000110101100010100010110100111 0.9235000014305115
0001111110000010011100011010101011000111000101100001101000100110111 0.9128999710083008
0000111111001100000100011010101011000111000101100001111100100110111 0.901199996471405
0001111110000010011110000011111010011111000101100000101000100110111 0.8838000297546387
1000001000011111000100010010000000110110110101111000010000000100011 0.7936999797821045
0000000111101011001001110010101111110000111110100111100100000100100 0.7822999954223633
1110011110000111000100001011110011010011000000000011010101001001111 0.777400016784668
0000011111100010001011101010110010011010110110101101011011011100001 0.7710999846458435
1000001011111010111110100000010101000010110010111000010100110101011 0.7311999797821045
0100000111101011001001110010101111110000011111001000111010100100110 0.7009000182151794
1100100101000111000100110010101101010111100110101000000101100100100 0.6854000091552734
0000010101010001011101100001100100101111000101100111100100000100010 0.6492999792098999
1101010000000110011001010110000011011100010010010000010001001100111 0.5198000073432922
1000000111101010110010110010011000001110100110110101111100010100110 0.4666999876499176
0000111111000100000100011010101011000111000001000101111100100110011 0.4147999882698059
1000000111101010111010110010011000001010100110111101000000010100100 0.41440001130104065
1000000111101010111010101000011000001010100110100111100000010100100 0.4140999913215637
1100100001000111000100110010101101010111100110100110001101101110100 0.40119999647140503
0000111111000100000110100011111010011111000001000100111100100110011 0.4000999927520752
0001111110000010011110000011111010011110110110100000101000100110101 0.375900000333786
0000011111100010011011101010110000011010111110101011110011000100001 0.33340001106262207
1100110000101010101000001011101110010011101001010010100101000110110 0.2994999885559082
1001001000011111000100010010000010110111000101001101011011011100001 0.2930999994277954
0000111111000100000100011001100100101110110110100101111100101100000 0.2922999858856201
Generation 3
0100111110000011001001110010101111110000011111001100111010100100110 0.951200008392334
0000011111100010011011101010110010011010110110101101011011010100101 0.9545000195503235
0100111110000011000100111010101011000111000101100001111100100100110 0.9521999955177307
0100111110000011001001110010101111110000011111001100111010100100110 0.951200008392334
1110011110000111000100001011110111000011000001100000101001100001111 0.9455000162124634
1100100110100110000100110010101101010111000110101000000101100100110 0.9416999816894531
1000001001000010011000000011100011010000110101100010100010110100111 0.9235000014305115
0001111110000010011100011010101011000111000101100001101000100110111 0.9128999710083008
0000111111001100000100011010101011000111000101100001111100100110111 0.901199996471405
0001111110000010011110001011111010011111000101100000101000100110111 0.8964999914169312
0000001001000010011000000011100011010100110101100010000010100110111 0.8687000274658203
0000111111001100001001110010101111110000011111001100111010100110111 0.8407999873161316
1110011110000111000100001011110011010011000000000011010001001001111 0.8323000073432922
1100001000011111000100010010000000110110110101110000010100000100011 0.8203999996185303
1001111110000010010110000010111010011111000101100000101000110100111 0.7975999712944031
1000001000011111000100010010000000110110110101111000010000000100011 0.7936999797821045
0000000111101011001001110010101111110000111110100111100100000100100 0.7822999954223633
0001101001000010011100011010101011000111100101100001101000100110101 0.7781000137329102
0000011111100010001011101010110010011010110110101101011011011100001 0.7710999846458435
0100000111101011001001110010101101010111100110100100000111000100100 0.7347000241279602
1000001011111010111110100000010101000010110010111000010100110101011 0.7311999797821045
0100000111101011001001110010101111110000011111001000111010100100110 0.7009000182151794
1100100101000111000100110010101101010111100110101000000101100100100 0.6854000091552734
0000010101010001011101100001100100101111000101100111100100000100010 0.6492999792098999
1000000111101010111010110010011000001011000101100111100100010100100 0.6050999760627747
0001111110000010101110000011111010011111000100000011010100001110111 0.5626000165939331
Generation 4
0000011111100010011011101010110010011010110110101101011011010100101 0.9545000195503235
0110011110000111000100001011110111000011000001100001101000100011111 0.9557999968528748
0000011111100010011011101010110010011010110110101101011011010100101 0.9545000195503235
0100111110000011000100111010101011000111000101100001111100100100110 0.953499972820282
0000111111100010001011101010110010011010110111101101001011010100011 0.9523000121116638
0100111110000011001001110010101111110000011111001100111010100100110 0.951200008392334
1110011110000111000100001011110111000011000001100000101001100001111 0.9455000162124634
0100111110000011000100111011111010011110000101100000101000100100110 0.9422000050544739
1100100110100110000100110010101101010111000110101000000101100100110 0.9416999816894531
1000001001000010011000000011100011010000110101100010100010110100111 0.9235000014305115
0001111110000010011110001011111010011111100101101000000101100110111 0.9158999919891357
0001101001000010011100011010101011000111100101100001111100100110111 0.9140999913215637
0001111110000010011100011010101011000111000101100001101000100110111 0.9128999710083008
1100100110100110000100110010101101010111000110100000101000100100110 0.9118000268936157
0001101110000010011100011011101010011111000101100001101000100110111 0.9086999893188477
0000111111001100000100011010101011000111000101100001111100100110111 0.901199996471405
1100100110100111000100001011110110000011000110101000000101100001110 0.8978000283241272
0001111110000010011110001011111010011111000101100000101000100110111 0.8964999914169312
0001111110000010011110001010101011000101000101100011111100100110111 0.8950999975204468
1000111111001011000100011010101011000111000101100001111100100111111 0.8898000121116638
0101111110000011000100111010111011000111000101100001111100100100110 0.8781999945640564
0000001001000010011000000011100011010100110101100010000010100110111 0.8687000274658203
1000011110000111000100001011110011010011000101100011000010110100111 0.8544999957084656
0000111111001100001001110010101111110000011111001100111010100110111 0.8407999873161316
1110011110000111000100001011110011010011000000000011010001001001111 0.8323000073432922
1100001000011111000100010010000000110110110101110000010100000100011 0.8203999996185303
Generation 5
0110011110000111000100001011110111000011000001100001101000100011111 0.9557999968528748
1110011100000111000100001011110101010011000001100000001011100001111 0.9721999764442444
1100100110000011000100111010111011000111000101100001111000100100110 0.9627000093460083
0100100110100110000100110010101111110000011111001100111010100100110 0.9620000123977661
0110011110000111000100001011110111000011000001100001101000100011111 0.9557999968528748
0000111111100010000100001011110111000011000001100001101000100010111 0.9556999802589417
0000011111100010011011101010110010011010110110101101011011010100101 0.9545000195503235
0000111111100011001011101010110010011010110101101101001011010100011 0.9535999894142151
0100111110000011000100111010101011000111000101100001111100100100110 0.953499972820282
0000111111100010001011101010110010011010110111101101001011010100011 0.9523000121116638
0100111110000011001001110010101111110000011111001100111010100100110 0.951200008392334
0100111110000011001001100001111010011110000101100000111010100100110 0.9506000280380249
1110011110000111000100001011110111000011000001100000101001100001111 0.9455000162124634
0100111110000011000100111011111010011110000101100010101010100100111 0.9434999823570251
1100100110100110000100110010101101010111000110101000000101100100110 0.9416999816894531
0101111110100110000100010010101101010111000110100000101100100100110 0.9347000122070312
1000001001000010011000000011100011010000110101100010100010110100111 0.9235000014305115
0110010110000111000100001011110111000011000001100001101001100001111 0.920799970626831
1000001001000010011000000011100011010000110101100000100000110100110 0.9186000227928162
1100100110100110000100110010101111000011000001100001101000100001110 0.9179999828338623
0100011010000111000100001010100111110000000001100001101000100001111 0.9160000085830688
0001111110000010011110001011111010011111100101101000000101100110111 0.9158999919891357
0001101001000010011100011010101011000111100101100001111100100110111 0.9140999913215637
0001111110000010011100011010101011000111000101100001101000100110111 0.9128999710083008
1100100110100110000100110010101101010111000110100000101000100100110 0.9118000268936157
0001101110000010011100011011101010011111000101100001101000100110111 0.9086999893188477
Generation 6
1110011100000111000100001011110101010011000001100000001011100001111 0.9721999764442444
1110011100000111000100001011110101010011000001100000001011100001111 0.9721999764442444
0000111111100010001011101010110010011111100111101000000011000100011 0.9666000008583069
1110011100000111000100001111110101010011001001101000101011100001111 0.9664000272750854
1100100110000011000100111010111011000111000101100001111000100100110 0.9627000093460083
0100100110100110000100110010101111110000011111001100111010100100110 0.9620000123977661
0000011111100111000100001010100111110000000001100001101000000100101 0.9593999981880188
1110011010000111000100001011110111000011000001100000101001100001111 0.9563000202178955
0110011110000111000100001011110111000011000001100001101000100011111 0.9557999968528748
0000111111100010000100001011110111000011000001100001101000100010111 0.9556999802589417
0000011111100010011011101010110010011010110110101101011011010100101 0.9545000195503235
0000111111100010001011101010110010011010110111101101001011010100011 0.9538000226020813
0000111111100011001011101010110010011010110101101101001011010100011 0.9535999894142151
0100111110000011000100111010101011000111000101100001111100100100110 0.953499972820282
0100111110000011001001110010101111110000011111001100111010100100110 0.951200008392334
0100111110000011001001100001111010011110000101100000111010100100110 0.9506000280380249
0000111011100010001011101010111101010111000110101000000101100100110 0.9490000009536743
0000111110000010011000011010101011000111000101100010101000100100111 0.9480999708175659
1110011110000111000100001011110111000011000001100000101001100001111 0.9455000162124634
0101111110000011001001110010101111110000011111001100101100100100110 0.9438999891281128
1100100110100110000100110010101101010111000110101000000101100100110 0.9416999816894531
0000111110100010000100001111111010011111100101100000010100100010111 0.9361000061035156
0101111110100110000100010010101101010111000110100000101100100100110 0.9347000122070312
0100111110000011001001110000101111100011010001101100111010100000111 0.9286999702453613
1000001001000010011000000011100011010000110101100010100010110100111 0.9235000014305115
1100100110100110000100110010100110011010110111101101001011010100011 0.9228000044822693
Generation 7
1110011100000111000100001011110101010011000001100000001011100001111 0.9721999764442444
1110011100000111000100001011110101010011000001100000001011100001111 0.9721999764442444
0000111111100010001011101010110010011111100111101000000011000100011 0.9666000008583069
1110011100000111000100001111110101010011001001101000101011100001111 0.9664000272750854
1100100110000011000100111010111011000111000101100001111000100100110 0.9627000093460083
0100100110100110000100110010101111110000011111001100111010100100110 0.9620000123977661
1110011100000111000100001011110101010011000001101000001011100001111 0.9611999988555908
0000011111100111000100001010100111110000000001100001101000000100101 0.9593999981880188
1110011010000111000100001011110111000011000001100000101001100001111 0.9563000202178955
0110011110000111000100001011110111000011000001100001101000100011111 0.9557999968528748
0000111111100010000100001011110111000011000001100001101000100010111 0.9556999802589417
0000011111100010011011101010110010011010110110101101011011010100101 0.9545000195503235
0000111111100010001011101010110010011010110111101101001011010100011 0.9538000226020813
0000111111100011001011101010110010011010110101101101001011010100011 0.9535999894142151
0100111110000011000100111010101011000111000101100001111100100100110 0.953499972820282
0100111110000011001001110010101111110000011111001100111010100100110 0.951200008392334
1110011010000111000100001011110111000011000110101000001001100001110 0.9510999917984009
0100111110000011001001100001111010011110000101100000111010100100110 0.9506000280380249
0000111011100010001011101010111101010111000110101000000101100100110 0.9490000009536743
0000111110000010011000011010101011000111000101100010101000100100111 0.9480999708175659
1110011110000111000100001011110111000011000001100000101001100001111 0.9455000162124634
0101111110000011001001110010101111110000011111001100101100100100110 0.9438999891281128
0101111100000111000100001111110101110000011101101000101000100101010 0.9431999921798706
0110011110000110000100001111110111000011000001100001101000100001111 0.9431999921798706
0100111110000011001001110010101111111011010001101100001110100100110 0.9427000284194946
1100100110100110000100110010101101010111000110101000000101100100110 0.9416999816894531
Generation 8
1110011100000111000100001011110101010011000001100000001011100001111 0.9721999764442444
1110011100000111000100001011110101010011000001100000001011100001111 0.9721999764442444
0000111111100011001011001111110101110000010101111101001011010101011 0.9714999794960022
0000111111100111000100001010101111110000010001100001101000000100110 0.9697999954223633
1110011100000111000100001011110101100000010101101000001000100001111 0.9688000082969666
0000111111100010001011101010110010011111100111101000000011000100011 0.9666000008583069
1110011100000111000100001111110101010011001001101000101011100001111 0.9664000272750854
1100100110000011000100111010111011000111000101100001111000100100110 0.9627000093460083
0100100110100110000100110010101111110000011111001100111010100100110 0.9620000123977661
0000011111100111000100001010100111110000000001100001101000000100101 0.9593999981880188
1110011010000111000100001010110110011010110110101000001011010100011 0.9581999778747559
1110011010000111000100001011110111000011000001100000101001100001111 0.9563000202178955
0110011110000111000100001011110111000011000001100001101000100011111 0.9557999968528748
0000111111100010000100001011110111000011000001100001101000100010111 0.9556999802589417
0100100110100110000100110010101111110000011111001100111011000100110 0.9556000232696533
0000011111100010011011101010110010011010110110101101011011010100101 0.9545000195503235
0000111111100010001011101010110010011010110111101101001011010100011 0.9538000226020813
0000111111100011001011101010110010011010110101101101001011010100011 0.9535999894142151
0100111110000011000100111010101011000111000101100001111100100100110 0.953499972820282
0100111110000011001001110010101111110000011111001100111010100100110 0.951200008392334
1110011010000111000100001011110111000011000110101000001001100001110 0.9510999917984009
0100111110000011001001100001111010011110000101100000111010100100110 0.9506000280380249
0000111011100010001011101010111101010111000110101000000101100100110 0.9490000009536743
1110011100000111000100001011110101010011000001101100001011100000110 0.9484000205993652
0000111110000010011000011010101011000111000101100010101000100100111 0.9480999708175659
1110011110000111000100001011110111000011000001100000101001100001111 0.9455000162124634
Generation 9
1110011100000111000100001011110101010011000001100000001011100001111 0.9721999764442444
1110011100000111000100001011110101010011000001100000001011100001111 0.9721999764442444
0000111111100011001011001111110101110000010101111101001011010101011 0.9714999794960022
0000111111100111000100001010101111110000010001100001101000000100110 0.9697999954223633
1110011100000111000100001011110101100000010101101000001000100001111 0.9688000082969666
0000111111100010001011101010110010011111100111101000000011000100011 0.9666000008583069
1110011100000111000100001111110101010011001001101000101011100001111 0.9664000272750854
0000011111100010001011101010110010011111100111101001011011010100101 0.9663000106811523
1110011100000111000100001111110101110011001101101000001011100001111 0.9631999731063843
1100100110000011000100111010111011000111000101100001111000100100110 0.9627000093460083
0100100110100110000100110010101111110000011111001100111010100100110 0.9620000123977661
1110001100000111000100001010110101010001000001101100001011100100110 0.9595000147819519
0000011111100111000100001010100111110000000001100001101000000100101 0.9593999981880188
1110011010000111000100001010110110011010110110101000001011010100011 0.9581999778747559
1110011010000111000100001011110111000011000001100000101001100001111 0.9563000202178955
0110011110000111000100001011110111000011000001100001101000100011111 0.9557999968528748
0000111111100010000100001011110111000011000001100001101000100010111 0.9556999802589417
0100100110100110000100110010101111110000011111001100111011000100110 0.9556000232696533
0000011111100010011011101010110010011010110110101101011011010100101 0.9545000195503235
0000111111100010001011101010110010011010110111101101001011010100011 0.9538000226020813
0000111111100011001011101010110010011010110101101101001011010100011 0.9535999894142151
0100111110000011000100111010101011000111000101100001111100100100110 0.953499972820282
0100111110000011001001110010101111110000011111001100111010100100110 0.951200008392334
1110011010000111000100001011110111000011000110101000001001100001110 0.9510999917984009
0100111110000011001001100001111010011110000101100000111010100100110 0.9506000280380249
0000111011100010001011101010111101010111000110101000000101100100110 0.9490000009536743
Generation 10
1110011100000111000100001011110101010011000001100000001011100001111 0.9721999764442444
1110011100000111000100001011110101010011000001100000001011100001111 0.9721999764442444
0000111111100011001011001111110101110000010101111101001011010101011 0.9714999794960022
0000111111100111000100001010101111110000010001100001101000000100110 0.9697999954223633
1110011100000111000100001011110101100000010101101000001000100001111 0.9688000082969666
0000111111100010001011101010110010011111100111101000000011000100011 0.9666000008583069
1110011100000111000100001111110101010011001001101000101011100001111 0.9664000272750854
0000011111100010001011101010110010011111100111101001011011010100101 0.9663000106811523
1110011100000111000100001111110101110011001101101000001011100001111 0.9631999731063843
1100100110000011000100111010111011000111000101100001111000100100110 0.9627000093460083
0100100110100110000100110010101111110000011111001100111010100100110 0.9620000123977661
1110001100000111000100001010110101010001000001101100001011100100110 0.9595000147819519
0000011111100111000100001010100111110000000001100001101000000100101 0.9593999981880188
1110011010000111000100001010110110011010110110101000001011010100011 0.9581999778747559
0100100110100110000100110010101111110100000101101100110010100100111 0.9574000239372253
1110011010000111000100001011110111000011000001100000101001100001111 0.9563000202178955
0000011111100010001011101010110110011110100111101001011011000100101 0.9559000134468079
0110011110000111000100001011110111000011000001100001101000100011111 0.9557999968528748
0000111111100010000100001011110111000011000001100001101000100010111 0.9556999802589417
0100100110100110000100110010101111110000011111001100111011000100110 0.9556000232696533
0000011111100010011011101010110010011010110110101101011011010100101 0.9545000195503235
0000111011100010001011001111110101110000010101111100000011010101011 0.9538999795913696
0000111111100010001011101010110010011010110111101101001011010100011 0.9538000226020813
0000111111100011001011101010110010011010110101101101001011010100011 0.9535999894142151
0100111110000011000100111010101011000111000101100001111100100100110 0.953499972820282
0100111110000011001001110010101111110000011111001100111010100100110 0.951200008392334
Generation 11
1110011100000111000100001011110101010011000001100000001011100001111 0.9721999764442444
1110011100000111000100001011110101010011000001100000001011100001111 0.9721999764442444
0000111111100011001011001111110101110000010101111101001011010101011 0.9714999794960022
0000111111100111000100001010101111110000010001100001101000000100110 0.9697999954223633
1110011100000111000100001011110101100000010101101000001000100001111 0.9688000082969666
0000111111100010001011101010110010011111100111101000000011000100011 0.9666000008583069
1110011100000111000100001111110101010011001001101000101011100001111 0.9664000272750854
0000011111100010001011101010110010011111100111101001011011010100101 0.9663000106811523
0000111111100011001111001111110101000111000101100001101011010101110 0.963699996471405
0100100110100110000100110010101111110000011111001100111011000100110 0.9635000228881836
1110011010000111000100001010110110010000010110101000001011100100011 0.9632999897003174
1110011100000111000100001111110101110011001101101000001011100001111 0.9631999731063843
1100100110000011000100111010111011000111000101100001111000100100110 0.9627000093460083
0100100110100110000100110010101111110000011111001100111010100100110 0.9620000123977661
1101100110000011000100111010111011110000010101111101011000100100011 0.9603999853134155
1110001100000111000100001010110101010001000001101100001011100100110 0.9595000147819519
0000011111100111000100001010100111110000000001100001101000000100101 0.9593999981880188
1110011010000111000100001010110110011010110110101000001011010100011 0.9581999778747559
0100100110100110000100110010101111110100000101101100110010100100111 0.9574000239372253
0101100110100110000100110010101111110000011111001100111011000100110 0.9571999907493591
0000111111100010001011100010110010011111100111101000011011000100011 0.9564999938011169
1110011010000111000100001011110111000011000001100000101001100001111 0.9563000202178955
0000011111100010001011101010110110011110100111101001011011000100101 0.9559000134468079
0110011110000111000100001011110111000011000001100001101000100011111 0.9557999968528748
0000111111100010000100001011110111000011000001100001101000100010111 0.9556999802589417
1110011010000111000100001010110010011111100111101000001011000100011 0.9555000066757202
Generation 12
1110011100000111000100001011110101010011000001100000001011100001111 0.9721999764442444
1110011100000111000100001011110101010011000001100000001011100001111 0.9721999764442444
0000111111100011001111001111110101010000010001100001001011010101110 0.9715999960899353
0000111111100011001011001111110101110000010101111101001011010101011 0.9714999794960022
0000111111100111000100001010101111110000010001100001101000000100110 0.9697999954223633
0000111111100011001011001111110101101111000101110101101011010101011 0.9692000150680542
1110011100000111000100001011110101100000010101101000001000100001111 0.9688000082969666
0000111111100010001011101010110010011111100111101000000011000100011 0.9666000008583069
1110011100000111000100001111110101010011001001101000101011100001111 0.9664000272750854
0000011111100010001011101010110010011111100111101001011011010100101 0.9663000106811523
1110011010000111000100001010110010011111100111101000000011000100011 0.9656000137329102
0000111111100011001111001111110101000111000101100001101011010101110 0.963699996471405
0100100110100110000100110010101111110000011111001100111011000100110 0.9635000228881836
1110011010000111000100001010110110010000010110101000001011100100011 0.9632999897003174
1110011100000111000100001111110101110011001101101000001011100001111 0.9631999731063843
1100100110000011000100111010111011000111000101100001111000100100110 0.9627000093460083
0100100110100110000100110010101111110000011111001100111010100100110 0.9620000123977661
1101100110000011000100111010111011110000010101111101011000100100011 0.9603999853134155
1110001100000111000100001010110101010001000001101100001011100100110 0.9595000147819519
0000011111100111000100001010100111110000000001100001101000000100101 0.9593999981880188
1110011010000111000100001010110110011010110110101000001011010100011 0.9581999778747559
0100100110100110000100110010101111110100000101101100110010100100111 0.9574000239372253
0101100110100110000100110010101111110000011111001100111011000100110 0.9571999907493591
0000111111100010001011100010110010011111100111101000011011000100011 0.9564999938011169
1110011010000111000100001011110111000011000001100000101001100001111 0.9563000202178955
0000011111100010001011101010110110011110100111101001011011000100101 0.9559000134468079
Generation 13
1110011100000111000100001011110101010011000001100000001011100001111 0.9721999764442444
1110011100000111000100001011110101010011000001100000001011100001111 0.9721999764442444
0000111111100011001111001111110101010000010001100001001011010101110 0.9715999960899353
0000111111100011001011001111110101110000010101111101001011010101011 0.9714999794960022
0000111111100111000100001010101111110000010001100001101000000100110 0.9697999954223633
0000111111100011001011001111110101101111000101110101101011010101011 0.9692000150680542
1110011100000111000100001011110101100000010101101000001000100001111 0.9688000082969666
0000111111100010001011101010110010011111100111101000000011000100011 0.9666000008583069
1110011100000111000100001111110101010011001001101000101011100001111 0.9664000272750854
0000011111100010001011101010110010011111100111101001011011010100101 0.9663000106811523
1110011010000111000100001010110010011111100111101000000011000100011 0.9656000137329102
0000111111100011001111001111110101000111000101100001101011010101110 0.963699996471405
1101111010000111000100001010110010011010010101111101001000110100011 0.9635999798774719
0100100110100110000100110010101111110000011111001100111011000100110 0.9635000228881836
1110011010000111000100001010110110010000010110101000001011100100011 0.9632999897003174
1110011100000111000100001111110101110011001101101000001011100001111 0.9631999731063843
1100100110000011000100111010111011000111000101100001111000100100110 0.9627000093460083
0100100110100110000100110010101111110000011111001100111010100100110 0.9620000123977661
1101100110000011000100111010111011110000010101111101011000100100011 0.9603999853134155
1110001100000111000100001010110101010001000001101100001011100100110 0.9595000147819519
0000011111100111000100001010100111110000000001100001101000000100101 0.9593999981880188
0000111111100010000100110010101111110000011111001100111011100100110 0.958299994468689
1110011010000111000100001010110110011010110110101000001011010100011 0.9581999778747559
0100100110100110000100110010101111110100000101101100110010100100111 0.9574000239372253
0101100110100110000100110010101111110000011111001100111011000100110 0.9571999907493591
0000111111100010001011100010110010011111100111101000011011000100011 0.9564999938011169
Generation 14
1110011100000111000100001011110101010011000001100000001011100001111 0.9721999764442444
1110011100000111000100001011110101010011000001100000001011100001111 0.9721999764442444
0000111111100011001111001111110101010000010001100001001011010101110 0.9715999960899353
0000111111100011001011001111110101110000010101111101001011010101011 0.9714999794960022
0000111111100010001011101010110010111000011111001100111011000100101 0.9699000120162964
0000111111100111000100001010101111110000010001100001101000000100110 0.9697999954223633
0000111111100011001011001111110101101111000101110101101011010101011 0.9692000150680542
1110011100000111000100001011110101100000010101101000001000100001111 0.9688000082969666
0000111111100010001011101010110010011111100111101000000011000100011 0.9666000008583069
1110011100000111000100001111110101010011001001101000101011100001111 0.9664000272750854
0000011111100010001011101010110010011111100111101001011011010100101 0.9663000106811523
1110011010000111000100001010110010011111100111101000000011000100011 0.9656000137329102
0000111111100011001111001111110101000111000101100001101011010101110 0.963699996471405
1101111010000111000100001010110010011010010101111101001000110100011 0.9635999798774719
0100100110100110000100110010101111110000011111001100111011000100110 0.9635000228881836
1110011010000111000100001010110110010000010110101000001011100100011 0.9632999897003174
1110011100000111000100001111110101110011001101101000001011100001111 0.9631999731063843
1100100110000011000100111010111011000111000101100001111000100100110 0.9627000093460083
0100100110100110000100110010101111110000011111001100111010100100110 0.9620000123977661
1101100110000011000100111010110110010000010101111101001011100100011 0.9610000252723694
1110001100000111000100001010110101010001000001101100001011100100110 0.9595000147819519
0000011111100111000100001010100111110000000001100001101000000100101 0.9593999981880188
0000111111100010000100110010101111110000011111001100111011100100110 0.958299994468689
1110011010000111000100001010110110011010110110101000001011010100011 0.9581999778747559
0100100110100110000100110010101111110100000101101100110010100100111 0.9574000239372253
0101100110100110000100110010101111110000011111001100111011000100110 0.9571999907493591
Generation 15
1110011100000111000100001011110101010011000001100000001011100001111 0.9721999764442444
1110011100000111000100001011110101010011000001100000001011100001111 0.9721999764442444
0000111111100011001111001111110101010000010001100001001011010101110 0.9715999960899353
0000111111100011001011001111110101110000010101111101001011010101011 0.9714999794960022
0000111111100010001011101010110010111000011111001100111011000100101 0.9699000120162964
0000111111100111000100001010101111110000010001100001101000000100110 0.9697999954223633
0000111111100011001011001111110101101111000101110101101011010101011 0.9692000150680542
1110011100000111000100001111110101110011001101101000001011100000111 0.968999981880188
1110011100000111000100001011110101100000010101101000001000100001111 0.9688000082969666
1110011010000111000100001010110011011111100111101000000011000100011 0.9686999917030334
1110011010000111000100001010110010011010010101111101101000110100011 0.96670001745224
0000111111100010001011101010110010011111100111101000000011000100011 0.9666000008583069
1110011100000111000100001111110101010011001001101000101011100001111 0.9664000272750854
0000011111100010001011101010110010011111100111101001011011010100101 0.9663000106811523
1110011010000111000100001010110010011111100111101000000011000100011 0.9656000137329102
0000111111100011001111001111110101000111000101100001101011010101110 0.963699996471405
1101111010000111000100001010110010011010010101111101001000110100011 0.9635999798774719
0100100110100110000100110010101111110000011111001100111011000100110 0.9635000228881836
1110011010000111000100001010110110010000010110101000001011100100011 0.9632999897003174
1110011100000111000100001111110101110011001101101000001011100001111 0.9631999731063843
1100100110000011000100111010111011000111000101100001111000100100110 0.9627000093460083
0100100110100110000100110010101111110000011111001100111010100100110 0.9620000123977661
1101100110000011000100111010110110010000010101111101001011100100011 0.9610000252723694
1110011010000111000100001010110110011010110110101000001011010100011 0.9602000117301941
1110001100000111000100001010110101010001000001101100001011100100110 0.9595000147819519
0000011111100111000100001010100111110000000001100001101000000100101 0.9593999981880188
Generation 16
1110011100000111000100001011110101010011000001100000001011100001111 0.9721999764442444
1110011100000111000100001011110101010011000001100000001011100001111 0.9721999764442444
0000111111100011001111001111110101010000010001100001001011010101110 0.9715999960899353
0000111111100011001011001111110101110000010101111101001011010101011 0.9714999794960022
0000111111100010001011101010110010111000011111001100111011000100101 0.9699000120162964
0000111111100111000100001010101111110000010001100001101000000100110 0.9697999954223633
0000111111100011001011001111110101101111000101110101101011010101011 0.9692000150680542
1110011100000111000100001111110101110011001101101000001011100000111 0.968999981880188
1110011100000111000100001011110101100000010101101000001000100001111 0.9688000082969666
1110011010000111000100001010110011011111100111101000000011000100011 0.9686999917030334
1110011010000111000100001010110010010000010101111101000000110100011 0.9681000113487244
0000111111100010001011101010110010011110010101111101001000110100011 0.9667999744415283
1110011010000111000100001010110010011010010101111101101000110100011 0.96670001745224
0000111111100010001011101010110010011111100111101000000011000100011 0.9666000008583069
1110011100000111000100001111110101010011001001101000101011100001111 0.9664000272750854
0000011111100010001011101010110010011111100111101001011011010100101 0.9663000106811523
1110011010000111000100001010110010011111100111101000000011000100011 0.9656000137329102
0000111111100010000100110001110101010000010001100001011010100100110 0.9652000069618225
0000111111100011001111001111110101000111000101100001101011010101110 0.963699996471405
1101111010000111000100001010110010011010010101111101001000110100011 0.9635999798774719
0100100110100110000100110010101111110000011111001100111011000100110 0.9635000228881836
1110011010000111000100001010110110010000010110101000001011100100011 0.9632999897003174
1110011100000111000100001111110101110011001101101000001011100001111 0.9631999731063843
1101111010000111000100001010110010011010010101111101101000110100011 0.963100016117096
1100100110000011000100111010111011000111000101100001111000100100110 0.9627000093460083
0100100110100110000100110010101111110000011111001100111010100100110 0.9620000123977661
Generation 17
1110011100000111000100001011110101010011000001100000001011100001111 0.9721999764442444
1110011010000111000100001010110010011010010101111101000010110100011 0.9739999771118164
1110011100000111000100001011110101010011000001100000001011100001111 0.9721999764442444
0000111111100011001111001111110101010000010001100001001011010101110 0.9715999960899353
0000111111100011001011001111110101110000010101111101001011010101011 0.9714999794960022
0000111111100010001011101010110010111000011111001100111011000100101 0.9699000120162964
0000111111100111000100001010101111110000010001100001101000000100110 0.9697999954223633
0000111111100011001011001111110101101111000101110101101011010101011 0.9692000150680542
1110011100000111000100001111110101110011001101101000001011100000111 0.968999981880188
1110011100000111000100001011110101100000010101101000001000100001111 0.9688000082969666
1110011010000111000100001010110010011111100111101000000011000100011 0.9688000082969666
1110011010000111000100001010110011011111100111101000000011000100011 0.9686999917030334
1101111010000111000100001010110010011010010101111101000000010100011 0.968500018119812
1101111010000111000100001010110010011010010101111101101000110100011 0.9674000144004822
0000111111100010001011101010110010011110010101111101001000110100011 0.9667999744415283
1110011010000111000100001010110010011010010101111101101000110100011 0.96670001745224
0000111111100010001011101010110010011111100111101000000011000100011 0.9666000008583069
1110011100000111000100001111110101010011001001101000101011100001111 0.9664000272750854
0000011111100010001011101010110010011111100111101001011011010100101 0.9663000106811523
1101111010000111000100001010110110011010010101101101101000110100011 0.9661999940872192
0000111111100010000100110001110101010000010001100001011010100100110 0.9652000069618225
0000111111100000001011101010110010011111100111101000000011100100011 0.9646000266075134
0000111111100011001111001111110101000111000101100001101011010101110 0.963699996471405
0100100110100110000100110010101111110000011111001100111011000100110 0.9635000228881836
1110011010000111000100001010110110010000010110101000001011100100011 0.9632999897003174
1110011100000111000100001111110101110011001101101000001011100001111 0.9631999731063843
Generation 18
1110011010000111000100001010110010011010010101111101000010110100011 0.9739999771118164
1110011010000111000100001010110010011010010101111101000010110100011 0.9739999771118164
0000111111100010001011101010110010011111100111101000000011000101011 0.9732000231742859
1110011100000111000100001011110101010011000001100000001011100001111 0.9721999764442444
0000111111100011001111001111110101010000010001100001001011010101110 0.9715999960899353
0000111111100011001011001111110101110000010101111101001011010101011 0.9714999794960022
0000111111100010001011101010110010111000011111001100111011000100101 0.9699000120162964
0000111111100111000100001010101111110000010001100001101000000100110 0.9697999954223633
0000111111100011001011001111110101101111000101110101101011010101011 0.9692000150680542
1110011100000111000100001111110101110011001101101000001011100000111 0.968999981880188
1110011100000111000100001011110101100000010101101000001000100001111 0.9688000082969666
1110011010000111000100001010110010011111100111101000000011000100011 0.9688000082969666
1110011010000111000100001010110011011111100111101000000011000100011 0.9686999917030334
1101111010000111000100001010110010011010010101111101000000010100011 0.968500018119812
1101111010000111000100001010110010011010010101111101101000110100011 0.9674000144004822
0000111111100010001011101010110010011110010101111101001000110100011 0.9667999744415283
1110011010000111000100001010110010011010010101111101101000110100011 0.96670001745224
0000111111100010001011101010110010011111100111101000000011000100011 0.9666000008583069
1110011100000111000100001111110101010011001001101000101011100001111 0.9664000272750854
0000011111100010001011101010110010011111100111101001011011010100101 0.9663000106811523
1101111010000111000100001010110110011010010101101101101000110100011 0.9661999940872192
0000111111100010000100110001110101010000010001100001011010100100110 0.9652000069618225
0000111111100000001011101010110010011111100111101000000011100100011 0.9646000266075134
0000111111100011001111001111110101000111000101100001101011010101110 0.963699996471405
0100100110100110000100110010101111110000011111001100111011000100110 0.9635000228881836
1110011010000111000100001010110110010000010110101000001011100100011 0.9632999897003174
Generation 19
1110011010000111000100001010110010011010010101111101000010110100011 0.9739999771118164
1110011010000111000100001010110010011010010101111101000010110100011 0.9739999771118164
0000111111100010001011101010110010011111100111101000000011000101011 0.9732000231742859
1110011100000111000100001011110101010011000001100000001011100001111 0.9721999764442444
0000111111100011001111001111110101010000010001100001001011010101110 0.9715999960899353
0000111111100011001011001111110101110000010101111101001011010101011 0.9714999794960022
0000111111100010001011101010110010111000011111001100111011000100101 0.9699000120162964
0000111111100111000100001010101111110000010001100001101000000100110 0.9697999954223633
0000111111100011001011001111110101101111000101110101101011010101011 0.9692000150680542
1110011100000111000100001111110101110011001101101000001011100000111 0.968999981880188
1110011100000111000100001011110101100000010101101000001000100001111 0.9688000082969666
1110011010000111000100001010110010011111100111101000000011000100011 0.9688000082969666
1110011010000111000100001010110011011111100111101000000011000100011 0.9686999917030334
1101111010000111000100001010110010011010010101111101000000010100011 0.968500018119812
1101111010000111000100001010110010011010010101111101101000110100011 0.9674000144004822
0000111111100010001011101010110010011110010101111101001000110100011 0.9667999744415283
1110011010000111000100001010110010011010010101111101101000110100011 0.96670001745224
0000111111100010001011101010110010011111100111101000000011000100011 0.9666000008583069
1110011100000111000100001111110101010011001001101000101011100001111 0.9664000272750854
0000011111100010001011101010110010011111100111101001011011010100101 0.9663000106811523
1101111010000111000100001010110110011010010101101101101000110100011 0.9661999940872192
0000111111100010000100110001110101010000010001100001011010100100110 0.9652000069618225
0000111111100000001011101010110010011111100111101000000011100100011 0.9646000266075134
0000111111100011001111001111110101000111000101100001101011010101110 0.963699996471405
0100100110100110000100110010101111110000011111001100111011000100110 0.9635000228881836
1110011010000111000100001010110110010000010110101000001011100100011 0.9632999897003174
Generation 20
1110011010000111000100001010110010011010010101111101000010110100011 0.9739999771118164
1110011010000111000100001010110010011010010101111101000010110100011 0.9739999771118164
0000111111100010001011101010110010011111100111101000000011000101011 0.9732000231742859
1110011100000111000100001011110101010011000001100000001011100001111 0.9721999764442444
0000111111100011001111001111110101010000010001100001001011010101110 0.9715999960899353
0000111111100011001011001111110101110000010101111101001011010101011 0.9714999794960022
0000111111100010001011101010110010111000011111001100111011000100101 0.9699000120162964
0000111111100111000100001010101111110000010001100001101000000100110 0.9697999954223633
0000111111100011001011001111110101101111000101110101101011010101011 0.9692000150680542
1110011010000111000100001010110011011110010101111100000000010100011 0.9690999984741211
1110011100000111000100001111110101110011001101101000001011100000111 0.968999981880188
1101111010000111000100001000110010011010010101111101001000000100011 0.9689000248908997
1110011100000111000100001011110101100000010101101000001000100001111 0.9688000082969666
1110011010000111000100001010110010011111100111101000000011000100011 0.9688000082969666
1110011010000111000100001010110011011111100111101000000011000100011 0.9686999917030334
1101111010000111000100001010110010011010010101111101101000110100011 0.9674000144004822
0000111111100010001011101010110010011110010101111101001000110100011 0.9667999744415283
1110011010000111000100001010110010011010010101111101101000110100011 0.96670001745224
0000111111100010001011101010110010011111100111101000000011000100011 0.9666000008583069
1101111010000111000100001010110110011010010101101101100000100100011 0.9664999842643738
1110011100000111000100001111110101010011001001101000101011100001111 0.9664000272750854
1110011010000111000100001011110101010010010101100010000010010000111 0.9664000272750854
0000011111100010001011101010110010011111100111101001011011010100101 0.9663000106811523
1110011101000111000100001010110010010011000001111101001011100101011 0.9653000235557556
0000111111100010000100110001110101010000010001100001011010100100110 0.9652000069618225
0000111111100000001011101010110010011111100111101000000011100100011 0.9646000266075134
Generation 21
1110011010000111000100001010110010011010010101111101000010110100011 0.9739999771118164
1110011110000111000100001010110010011010010101111101101000000101011 0.9750999808311462
1110011010000111000100001010110010011010010101111101000010110100011 0.9739999771118164
0000111111100010001011101010110010011111100111101000000011000101011 0.9732000231742859
1110011100000111000100001011110101010011000001100000001011100001111 0.9721999764442444
0000111111100011001111001111110101010000010001100001001011010101110 0.9715999960899353
0000111111100011001011001111110101110000010101111101001011010101011 0.9714999794960022
1110011010000111000100001010110011011110010101111101001100110100011 0.9704999923706055
0000111111100010001011101010110010111000011111001100111011000100101 0.9699000120162964
0000111111100111000100001010101111110000010001100001101000000100110 0.9697999954223633
0000111111100010001011101010110010011111100111101000000011000100011 0.9696999788284302
1101111010000111000100101000110010011010011101111101101000110100011 0.9692999720573425
0000111111100011001011001111110101101111000101110101101011010101011 0.9692000150680542
1110011010000111000100001010110011011110010101111100000000010100011 0.9690999984741211
1110011100000111000100001111110101110011001101101000001011100000111 0.968999981880188
1101111010000111000100001000110010011010010101111101001000000100011 0.9689000248908997
1110011100000111000100001011110101100000010101101000001000100001111 0.9688000082969666
1110011010000111000100001010110010011111100111101000000011000100011 0.9688000082969666
1110011010000111000100001010110011011111100111101000000011000100011 0.9686999917030334
1110011000000111000100001010110010111010010101111101001000000100011 0.9681000113487244
1101111010000111000100001010110010011010010101111101101000110100011 0.9674000144004822
0000111111100010001011101010110010011110010101111101001000110100011 0.9667999744415283
1110011010000111000100001010110010011010010101111101101000110100011 0.96670001745224
1101111010000111010100001010110110011010010101111101100000110100011 0.9666000008583069
1101111010000111000100001010110110011010010101101101100000100100011 0.9664999842643738
1110011100000111000100001111110101010011001001101000101011100001111 0.9664000272750854
Generation 22
1110011110000111000100001010110010011010010101111101101000000101011 0.9750999808311462
1110011110000111000100001010110010011010010101111101101000000101011 0.9750999808311462
1110011010000111000100001010110010011010010101111101000010110100011 0.9739999771118164
0000111111100010001011101010110010011111100111101000000011000101011 0.9732000231742859
1110011100000111000100001011110101010011000001100000001011100001111 0.9721999764442444
0000111111100011001111001111110101010000010001100001001011010101110 0.9715999960899353
0000111111100011001011001111110101110000010101111101001011010101011 0.9714999794960022
1110011010000111000100001010110011011110010101111101001100110100011 0.9704999923706055
1100111111100111000100001010110011011111100111101000000011000100011 0.9703999757766724
0000111111100010001011101010110010111000011111001100111011000100101 0.9699000120162964
0000111111100111000100001010101111110000010001100001101000000100110 0.9697999954223633
0000111111100010001011101010110010011111100111101000000011000100011 0.9696999788284302
1110010100000111000100001000110010011011001001101000101011100101011 0.9695000052452087
1101111010000111000100101000110010011010011101111101101000110100011 0.9692999720573425
0000111111100011001011001111110101101111000101110101101011010101011 0.9692000150680542
1110011010000111000100001010110011011110010101111100000000010100011 0.9690999984741211
1110011100000111000100001111110101110011001101101000001011100000111 0.968999981880188
1101111010000111000100001000110010011010010101111101001000000100011 0.9689000248908997
1110011100000111000100001011110101100000010101101000001000100001111 0.9688000082969666
1110011010000111000100001010110010011111100111101000000011000100011 0.9688000082969666
1110011010000111000100001010110011011111100111101000000011000100011 0.9686999917030334
1110011000000111000100001010110010111010010101111101001000000100011 0.9681000113487244
1101111010000111000100001010110010011010010101111101101000110100011 0.9674000144004822
1110011010000111000100001010110011011000010001100011000011000101011 0.9671000242233276
0000111111100010001011101010110010011110010101111101001000110100011 0.9667999744415283
1110011010000111000100001010110010011010010101111101101000110100011 0.96670001745224
Generation 23
1110011110000111000100001010110010011010010101111101101000000101011 0.9750999808311462
1110011110000111000100001010110010011010010101111101101000000101011 0.9750999808311462
1110011010000111000100001010110010011010010101111101000010110100011 0.9739999771118164
0000111111100010001011101010110010011111100111101000000011000101011 0.9732000231742859
1110011100000111000100001011110101010011000001100000001011100001111 0.9721999764442444
0000111111100011001111001111110101010000010001100001001011010101110 0.9715999960899353
0000111111100011001011001111110101110000010101111101001011010101011 0.9714999794960022
1110011010000111000100001010110011011110010101111101001100110100011 0.9704999923706055
1100111111100111000100001010110011011111100111101000000011000100011 0.9703999757766724
0000111111100010001011101010110010111000011111001100111011000100101 0.9699000120162964
0000111111100111000100001010101111110000010001100001101000000100110 0.9697999954223633
0000111111100010001011101010110010011111100111101000000011000100011 0.9696999788284302
1110010100000111000100001000110010011011001001101000101011100101011 0.9695000052452087
1101111010000111000100101000110010011010011101111101101000110100011 0.9692999720573425
0000111111100011001011001111110101101111000101110101101011010101011 0.9692000150680542
1110011010000111000100001010110011011110010101111100000000010100011 0.9690999984741211
1110011100000111000100001111110101110011001101101000001011100000111 0.968999981880188
1101111010000111000100001000110010011010010101111101001000000100011 0.9689000248908997
1110011100000111000100001011110101100000010101101000001000100001111 0.9688000082969666
1110011010000111000100001010110010011111100111101000000011000100011 0.9688000082969666
1110011010000111000100001010110011011111100111101000000011000100011 0.9686999917030334
1110011000000111000100001010110010111010010101111101001000000100011 0.9681000113487244
1101111010000111000100001010110010011010010101111101101000110100011 0.9674000144004822
1110011010000111000100001010110011011000010001100011000011000101011 0.9671000242233276
0000111111100010001011101010110010011110010101111101001000110100011 0.9667999744415283
1110011010000111000100001010110010011010010101111101101000110100011 0.96670001745224
Generation 24
1110011110000111000100001010110010011010010101111101101000000101011 0.9750999808311462
1110011110000111000100001010110010011010010101111101101000000101011 0.9750999808311462
1110011010000111000100001010110010011010010101111101000010110100011 0.9739999771118164
0000111111100010001011101010110010011111100111101000000011000101011 0.9732000231742859
1110011100000111000100001011110101010011000001100000001011100001111 0.9721999764442444
0000111111100011001111001111110101010000010001100001001011010101110 0.9715999960899353
0000111111100011001011001111110101110000010101111101001011010101011 0.9714999794960022
1110011010000111000100001010110011011110010101111101001100110100011 0.9704999923706055
1100111111100111000100001010110011011111100111101000000011000100011 0.9703999757766724
0000111111100010001011101010110010111000011111001100111011000100101 0.9699000120162964
0000111111100111000100001010101111110000010001100001101000000100110 0.9697999954223633
0000111111100010001011101010110010011111100111101000000011000100011 0.9696999788284302
1110010100000111000100001000110010011011001001101000101011100101011 0.9695000052452087
1101111010000111000100101000110010011010011101111101101000110100011 0.9692999720573425
0000111111100011001011001111110101101111000101110101101011010101011 0.9692000150680542
1110011010000111000100001010110011011110010101111100000000010100011 0.9690999984741211
1110011100000111000100001111110101110011001101101000001011100000111 0.968999981880188
1101111010000111000100001000110010011010010101111101001000000100011 0.9689000248908997
1110011100000111000100001011110101100000010101101000001000100001111 0.9688000082969666
1110011010000111000100001010110010011111100111101000000011000100011 0.9688000082969666
1110011010000111000100001010110011011111100111101000000011000100011 0.9686999917030334
1110011000000111000100001010110010111010010101111101001000000100011 0.9681000113487244
1101111010000111000100001010110010011010010101111101101000110100011 0.9674000144004822
1110011010000111000100001010110011011000010001100011000011000101011 0.9671000242233276
0000111111100010001011101010110010011110010101111101001000110100011 0.9667999744415283
1110011010000111000100001010110010011010010101111101101000110100011 0.96670001745224
Generation 25
1110011110000111000100001010110010011010010101111101101000000101011 0.9750999808311462
1110011110000111000100001010110010011010010101111101101000000101011 0.9750999808311462
1110011010000111000100001010110010011010010101111101000010110100011 0.9739999771118164
0000111111100010001011101010110010011111100111101000000011000101011 0.9732000231742859
1110011100000111000100001011110101010011000001100000001011100001111 0.9721999764442444
0000111111100011001111001111110101010000010001100001001011010101110 0.9715999960899353
0000111111100011001011001111110101110000010101111101001011010101011 0.9714999794960022
1100111111100111000100001010110011011111100111101000000011000100011 0.9710999727249146
1110011010000111000100001010110011011110010101111101001100110100011 0.9704999923706055
0000111111100010001011101010110010111000011111001100111011000100101 0.9699000120162964
0000111111100111000100001010101111110000010001100001101000000100110 0.9697999954223633
0000111111100010001011101010110010011111100111101000000011000100011 0.9696999788284302
1110010100000111000100001000110010011011001001101000101011100101011 0.9695000052452087
1101111010000111000100101000110010011010011101111101101000110100011 0.9692999720573425
0000111111100011001011001111110101101111000101110101101011010101011 0.9692000150680542
1110011010000111000100001010110011011110010101111100000000010100011 0.9690999984741211
0000111111100011101011001000110101101111000101110101101011010111011 0.9690999984741211
1110011100000111000100001111110101110011001101101000001011100000111 0.968999981880188
1101111010000111000100001000110010011010010101111101001000000100011 0.9689000248908997
1110011100000111000100001011110101100000010101101000001000100001111 0.9688000082969666
1110011010000111000100001010110010011111100111101000000011000100011 0.9688000082969666
1110011010000111000100001010110011011111100111101000000011000100011 0.9686999917030334
1110011000000111000100001010110010111010010101111101001000000100011 0.9681000113487244
1101111010000111000100001000110010011010010101111101111000000100011 0.9681000113487244
1110011010000111000100001010110011011000010001100011000011000101011 0.9671000242233276
0000111111100010001011101010110010011110010101111101001000110100011 0.9667999744415283
Generation 26
1110011110000111000100001010110010011010010101111101101000000101011 0.9750999808311462
1110011110000111000100001010110010011010010101111101101000000101011 0.9750999808311462
1110011010000111000100001010110010011010010101111101000010110100011 0.9739999771118164
0000111111100010001011101010110010011111100111101000000011000101011 0.9732000231742859
1110011100000111000100001011110101010011000001100000001011100001111 0.9721999764442444
0000111111100011001111001111110101010000010001100001001011010101110 0.9715999960899353
0000111111100011001011001111110101110000010101111101001011010101011 0.9714999794960022
1100111111100111000100001010110011011111100111101000000011000100011 0.9710999727249146
1110011010000111000100001010110011011110010101111101001100110100011 0.9704999923706055
0000111111100010001011101010110010111000011111001100111011000100101 0.9699000120162964
0000111111100111000100001010101111110000010001100001101000000100110 0.9697999954223633
0000111111100010001011101010110010011111100111101000000011000100011 0.9696999788284302
1110010100000111000100001000110010011011001001101000101011100101011 0.9695000052452087
1101111010000111000100101000110010011010011101111101101000110100011 0.9692999720573425
0000111111100011001011001111110101101111000101110101101011010101011 0.9692000150680542
1110011010000111000100001010110011011110010101111100000000010100011 0.9690999984741211
0000111111100011101011001000110101101111000101110101101011010111011 0.9690999984741211
1110011100000111000100001111110101110011001101101000001011100000111 0.968999981880188
1101111010000111000100001000110010011010010101111101001000000100011 0.9689000248908997
1110011100000111000100001011110101100000010101101000001000100001111 0.9688000082969666
1110011010000111000100001010110010011111100111101000000011000100011 0.9688000082969666
1110011010000111000100001010110011011111100111101000000011000100011 0.9686999917030334
1110011000000111000100001010110010111010010101111101001000000100011 0.9681000113487244
1101111010000111000100001000110010011010010101111101111000000100011 0.9681000113487244
1110011110000111000100001000110010011010010101111101001000000101011 0.9681000113487244
1110011010000111000100001010110011011000010001100011000011000101011 0.9671000242233276
Generation 27
1110011110000111000100001010110010011010010101111101101000000101011 0.9750999808311462
1110011110000111000100001010110010011010010101111101101000000101011 0.9750999808311462
1110011010000111000100001010110010011010010101111101000010110100011 0.9739999771118164
0000111111100010001011101010110010011111100111101000000011000101011 0.9732000231742859
1110011100000111000100001011110101010011000001100000001011100001111 0.9721999764442444
0000111111100011001111001111110101010000010001100001001011010101110 0.9715999960899353
0000111111100011001011001111110101110000010101111101001011010101011 0.9714999794960022
1100111111100111000100001010110011011111100111101000000011000100011 0.9710999727249146
1110011010000111000100001010110011011110010101111101001100110100011 0.9704999923706055
0000111111100010001011101010110010111000011111001100111011000100101 0.9699000120162964
0000111111100111000100001010101111110000010001100001101000000100110 0.9697999954223633
0000111111100010001011101010110010011111100111101000000011000100011 0.9696999788284302
1110010100000111000100001000110010011011001001101000101011100101011 0.9695000052452087
1101111010000111000100101000110010011010011101111101101000110100011 0.9692999720573425
0000111111100011001011001111110101101111000101110101101011010101011 0.9692000150680542
1110011010000111000100001010110011011110010101111100000000010100011 0.9690999984741211
0000111111100011101011001000110101101111000101110101101011010111011 0.9690999984741211
1110011100000111000100001111110101110011001101101000001011100000111 0.968999981880188
1101111010000111000100001000110010011010010101111101001000000100011 0.9689000248908997
1110011100000111000100001011110101100000010101101000001000100001111 0.9688000082969666
1110011010000111000100001010110010011111100111101000000011000100011 0.9688000082969666
1110011010000111000100001010110011011111100111101000000011000100011 0.9686999917030334
1101111010000111100100101000110010011010010101110101111000110100011 0.968500018119812
1110011000000111000100001010110010111010010101111101001000000100011 0.9681000113487244
1101111010000111000100001000110010011010010101111101111000000100011 0.9681000113487244
1110011110000111000100001000110010011010010101111101001000000101011 0.9681000113487244
Generation 28
1110011110000111000100001010110010011010010101111101101000000101011 0.9750999808311462
0000111111100011001111001111110101010000010001100001001011000100110 0.9797999858856201
1110011110000111000100001010110010011010010101111101101000000101011 0.9750999808311462
1110011010000111000100001010110010011010010101111101000010110100011 0.9739999771118164
0000111111100010001011101010110010011111100111101000000011000101011 0.9732000231742859
1110011100000111000100001011110101010011000001100000001011100001111 0.9721999764442444
0000111111100011001111001111110101010000010001100001001011010101110 0.9715999960899353
0000111111100011001011001111110101110000010101111101001011010101011 0.9714999794960022
1100111111100111000100001010110011011111100111101000000011000100011 0.9710999727249146
1110011010000111000100001010110011011110010101111101001100110100011 0.9704999923706055
1101111010000011000100001000110010011010010101111101111000010100011 0.9700999855995178
0000111111100010001011101010110010111000011111001100111011000100101 0.9699000120162964
0000111111100111000100001010101111110000010001100001101000000100110 0.9697999954223633
0000111111100010001011101010110010011111100111101000000011000100011 0.9696999788284302
1110010100000111000100001000110010011011001001101000101011100101011 0.9695000052452087
1101111010000111000101001000110101101111010101110101111000000101011 0.9693999886512756
1101111010000111000100101000110010011010011101111101101000110100011 0.9692999720573425
0000111111100011001011001111110101101111000101110101101011010101011 0.9692000150680542
1110011010000111000100001010110011011110010101111100000000010100011 0.9690999984741211
0000111111100011101011001000110101101111000101110101101011010111011 0.9690999984741211
1110011100000111000100001111110101110011001101101000001011100000111 0.968999981880188
1101111010000111000100001000110010011010010101111101001000000100011 0.9689000248908997
1110011100000111000100001011110101100000010101101000001000100001111 0.9688000082969666
1110011010000111000100001010110010011111100111101000000011000100011 0.9688000082969666
1110011010000111000100001010110011011111100111101000000011000100011 0.9686999917030334
1101111010000111100100101000110010011010010101110101111000110100011 0.968500018119812
Generation 29
0000111111100011001111001111110101010000010001100001001011000100110 0.9797999858856201
0000111111100011001111001111110101010000010001100001001011000100110 0.9797999858856201
1110011110000111000100001010110010011010010101111101101000000101011 0.9750999808311462
1110011010000111000100001010110010011010010101111101000010110100011 0.9739999771118164
0000111111100010001011101010110010011111100111101000000011000101011 0.9732000231742859
1110011100000111000100001011110101010011000001100000001011100001111 0.9721999764442444
0000111111100011001111001111110101010000010001100001001011010101110 0.9715999960899353
0000111111100011001011001111110101110000010101111101001011010101011 0.9714999794960022
1100111111100111000100001010110011011111100111101000000011000100011 0.9710999727249146
1110011010000111000100001010110011011110010101111101001100110100011 0.9704999923706055
1101111010000111000100101000110010011010011101111101101100000101011 0.9703999757766724
1101111010000011000100001000110010011010010101111101111000010100011 0.9700999855995178
0000111111100010001011101010110010111000011111001100111011000100101 0.9699000120162964
0000111111100111000100001010101111110000010001100001101000000100110 0.9697999954223633
0000111111100010001011101010110010011111100111101000000011000100011 0.9696999788284302
1110010100000111000100001000110010011011001001101000101011100101011 0.9695000052452087
1101111010000111000101001000110101101111010101110101111000000101011 0.9693999886512756
1101111010000111000100101000110010011010011101111101101000110100011 0.9692999720573425
1110011010000111000100001010110011011111100101111100000010000100011 0.9692999720573425
0000111111100011001011001111110101101111000101110101101011010101011 0.9692000150680542
0000111111100011101011001000110101101111000101110101101011010111011 0.9690999984741211
1110011100000111000100001111110101110011001101101000001011100000111 0.968999981880188
1101111010000111000100001000110010011010010101111101001000000100011 0.9689000248908997
1110011100000111000100001011110101100000010101101000001000100001111 0.9688000082969666
1110011010000111000100001010110010011111100111101000000011000100011 0.9688000082969666
1110011010000111000100001010110011011111100111101000000011000100011 0.9686999917030334
Generation 30
0000111111100011001111001111110101010000010001100001001011000100110 0.9797999858856201
0000111111100011001111001111110101010000010001100001001011000100110 0.9797999858856201
1110011110000111000100001010110010011010010101111101101000000101011 0.9750999808311462
1110011010000111000100001010110010011010010101111101000010110100011 0.9739999771118164
1101111010000011001011001000110010011010110101111101001011010101011 0.9732999801635742
0000111111100010001011101010110010011111100111101000000011000101011 0.9732000231742859
1110011100000111000100001011110101010011000001100000001011100001111 0.9721999764442444
0000111111100011001111001111110101010000010001100001001011010101110 0.9715999960899353
0000111111100011001011001111110101110000010101111101001011010101011 0.9714999794960022
1100111111100111000100001010110011011111100111101000000011000100011 0.9710999727249146
1110011010000111000100001010110011011111100111101000000011000100011 0.9710000157356262
1110011010000111000100001010110011011110010101111101001100110100011 0.9704999923706055
1101111010000111000100101000110010011010011101111101101100000101011 0.9703999757766724
1101111010000011000100001000110010011010010101111101111000010100011 0.9700999855995178
0000111111100010001011101010110010111000011111001100111011000100101 0.9699000120162964
0000111111100111000100001010101111110000010001100001101000000100110 0.9697999954223633
0000111111100010001011101010110010011111100111101000000011000100011 0.9696999788284302
1110010100000111000100001000110010011011001001101000101011100101011 0.9695000052452087
1101111010000111000101001000110101101111010101110101111000000101011 0.9693999886512756
1101111010000111000100101000110010011010011101111101101000110100011 0.9692999720573425
1110011010000111000100001010110011011111100101111100000010000100011 0.9692999720573425
0000111111100011001011001111110101101111000101110101101011010101011 0.9692000150680542
0000111111100011101011001000110101101111000101110101101011010111011 0.9690999984741211
1110011100000111000100001111110101110011001101101000001011100000111 0.968999981880188
1101111010000111000100001000110010011010010101111101001000000100011 0.9689000248908997
1110011010000111000100001010110010011111110111101000000011000101011 0.9689000248908997
[0.9235000014305115, 0.951200008392334, 0.9545000195503235, 0.9557999968528748, 0.9721999764442444, 0.9721999764442444, 0.9721999764442444, 0.9721999764442444, 0.9721999764442444, 0.9721999764442444, 0.9721999764442444, 0.9721999764442444, 0.9721999764442444, 0.9721999764442444, 0.9721999764442444, 0.9721999764442444, 0.9739999771118164, 0.9739999771118164, 0.9739999771118164, 0.9739999771118164, 0.9750999808311462, 0.9750999808311462, 0.9750999808311462, 0.9750999808311462, 0.9750999808311462, 0.9750999808311462, 0.9750999808311462, 0.9797999858856201, 0.9797999858856201, 0.9797999858856201]
[0, 0, 0, 0, 1, 1, 1, 1, 1, 1, 1, 0, 0, 0, 1, 1, 0, 0, 1, 1, 1, 1, 0, 0, 1, 1, 1, 1, 1, 1, 0, 1, 0, 1, 0, 1, 0, 0, 0, 0, 0, 1, 0, 0, 0, 1, 1, 0, 0, 0, 0, 1, 0, 0, 1, 0, 1, 1, 0, 0, 0, 1, 0, 0, 1, 1, 0] 0.9797999858856201 0.827634078986717