Downloading data from https://storage.googleapis.com/tensorflow/tf-keras-datasets/mnist.npz
11490434/11490434 [==============================] - 0s 0us/step
Generation 1
0101110101011001100000110011100000001001110101000001111111111000010 0.12030000239610672
0100001111011010111101110010001010010110011111000100011100000010001 0.09910000115633011
0000111100010000110111010101000100100011001000110010110010010110100 0.16359999775886536
1100110110010001011000100101101100110100101100100111100100100101011 0.9287999868392944
1000110110001100100101010111001001000110110001001111111100001110000 0.07649999856948853
0001111010000111000000000111010101100010010010000011000100101010100 0.11760000139474869
1000110010110101101111101111111111011111111000101110110110011000001 0.0860000029206276
0100010111101011110100110101110001001011000010101110011101111010011 0.19900000095367432
1100010100010111010001010101000100010111001110110011111100101010010 0.08709999918937683
0000111000011110011101000110110101011001111111110010000101011001011 0.4138000011444092
0000111110011111010110111100100001010100011011101001011000000110011 0.13259999454021454
0000101000100000100111100000110101110101010001111000011111001010000 0.10379999876022339
0101010010000010101000000110010110000001100110101010100011000001011 0.18279999494552612
0100100101001010111000001001111011101100100001001110111110110010000 0.11420000344514847
1001011110000000111000000000100101010110101001001010101101100111010 0.476500004529953
1001010000001111001111000110001000001111010001011110000010111101101 0.9406999945640564
1101101010110001000000111101010111011010110000011100110011011110110 0.11320000141859055
0001100000001001001011100111010110101000010111101010011000000010001 0.09799999743700027
1000111100101110100001000000010000000101100110110001111100011110110 0.10080000013113022
1001110100011011101000000101100100111110001000110011000011011111001 0.7924000024795532
0000000101000011100011001101101110110101010111110111110000111101000 0.3912999927997589
1001011000001110010100010110010110110100011101010001001000000100001 0.45899999141693115
0100000111100101001111100001011011110011111001000010101101000001011 0.09390000253915787
0000100110000010001000100100010111101011100001001101010010000010000 0.08780000358819962
0100000100011111101101001100110111111111110010010000110101001101000 0.08370000123977661
[0.9406999945640564]
[1, 0, 0, 1, 0, 1, 0, 0, 0, 0, 0, 0, 1, 1, 1, 1, 0, 0, 1, 1, 1, 1, 0, 0, 0, 1, 1, 0, 0, 0, 1, 0, 0, 0, 0, 0, 1, 1, 1, 1, 0, 1, 0, 0, 0, 1, 0, 1, 1, 1, 1, 0, 0, 0, 0, 0, 1, 0, 1, 1, 1, 1, 0, 1, 1, 0, 1] 0.9406999945640564 0.8936649948358535
Generation 2
1001010000001111001111000110001000001111010001011110000010111101101 0.9406999945640564
0000111110011111010101111100100101011001111011110001011000000001111 0.951200008392334
1001010000001111001111000110001000001111010001011110000010111101101 0.9406999945640564
1100110110010001011000100101101100110100101100100111100100100101011 0.9287999868392944
1001011110000000111000000000100101010111010001011110001101101101110 0.9253000020980835
0100000111100101001111100101011011110111010001010010000010011101111 0.9020000100135803
1100110100001111001111000110011000001111010101011110100100100101001 0.8974000215530396
1100110110010011101000000101110100111110001000110011000100101111011 0.8664000034332275
1001110100011011101000000101100100101110011000110011010000111101001 0.8252000212669373
0001111010000111000010000111010101110010010011110010000101101011110 0.8050000071525574
1001110100011011101000000101100100111110001000110011000011011111001 0.7924000024795532
1001110101011011101000100101100100111110000000110011100100100101001 0.701200008392334
0100000101000111100011001101101110110101010111110111100011011111001 0.6924999952316284
0101110101011001100000110011100000001001110100110001011111011111001 0.6040999889373779
1001011110000000111000000000100101010110101001001010101101100111010 0.476500004529953
1001011000001110010100010110010110110100011101010001001000000100001 0.45899999141693115
0000111000011110011101000110110101011001111111110010000101011001011 0.4138000011444092
0000000101000011100011001101101110110101010111110111110000111101000 0.3912999927997589
1100110110010001011000100101101100110011101000100010100110011100010 0.2799000144004822
1001010000001111001111000110001000001110101001001010110010110111001 0.24199999868869781
0000000101000011100011001101101110111101010111100111110001111111000 0.2101999968290329
0100010111101011110100110101110001001011000010101110011101111010011 0.19900000095367432
0101010010000010101000000110010110000001100110101010100011000001011 0.18279999494552612
0000111100010000110111010101000100100011001000110010110010010110100 0.16359999775886536
0000111000011110011110000110110011010100001111101010000101011110011 0.16220000386238098
1001110100011011101000000101100100111110001001000011000011111000010 0.1412000060081482
Generation 3
0000111110011111010101111100100101011001111011110001011000000001111 0.951200008392334
0000111110011111010101111101100100111110001011110001011000000011111 0.964900016784668
0000111110011111010101111100100101011001111011110001011100001111011 0.9575999975204468
0000111110011111010101111100100001011001111011110001011000000001111 0.9564999938011169
1001010000001111001111000110001000001111010001011110000010111101101 0.9406999945640564
1001011110000000111000000000101000001111010001011110000010111101101 0.9386000037193298
1100110110010001011000100101101100110100101100100111100100100101011 0.9287999868392944
1001110100011011101000000110001000001110001000110010000010111111101 0.9142000079154968
0100000111100101001111100101011011110111010001010010000010011101111 0.9020000100135803
1100110100001111001111000110011000001111010101011110100100100101001 0.8974000215530396
1000000101000101100011001101101110010111010001011110000011011111101 0.8715000152587891
1100110110010011101000000101110100111110001000110011000100101111011 0.8664000034332275
1100110110010001011000100101100101010110101001001111101101100111010 0.8662999868392944
0100000111100101001111100101011011110111010011110001011000011001111 0.8253999948501587
1001110100011011101000000101100100101110011000110011010000111101001 0.8252000212669373
1001110100011011101000000101100100111110001000111011000101011111001 0.820900022983551
0001111010000111000010000111010101110010010011110010000101101011110 0.8050000071525574
1001110100011011101000000101100100111110001000110011000011011111001 0.7924000024795532
1001011000001110010010000111011101110010011101010001000100100101011 0.7756999731063843
1001010000001111001111000110001000001111010001011110100101011001111 0.738099992275238
1001110101011011101000100101100100111110000000110011100100100101001 0.701200008392334
0100000101000111100011001101101110110101010111110111100011011111001 0.6924999952316284
1001011110000000111000000000101100110100101100100010100100100101011 0.6534000039100647
1001110100011001101000000100100101011001111000110011000011011101001 0.6373999714851379
0101110101011001100000110011100000001001110100110001011111011111001 0.6040999889373779
0100000111100101001111100101011001110010010011110010000101101011110 0.5224000215530396
Generation 4
0000111110011111010101111101100100111110001011110001011000000011111 0.964900016784668
0000111110011111010101111101100100111110001011110001011000000011111 0.964900016784668
0000111110011111010101111100100101011001111011110001011100001111011 0.9575999975204468
0000111110011111010101111100100001011001111011110001011000000001111 0.9564999938011169
0000111010011111010101111100000101011111010101011110100100100111011 0.9484999775886536
1001011110000000111000000000111000001111000001011110000010111101101 0.9451000094413757
1100110110010001011000100101101100110100101100100111100100100101011 0.9429000020027161
1001010000001111001111000110001000001111010001011110000010111101101 0.9406999945640564
1001110100011011101000000110001000001110001000110010000010111111101 0.9142000079154968
1100110100001111001111000110011000001001111011110001011100001101001 0.9139000177383423
0100000111100101001111100101011011110111010001010010000010011101111 0.9020000100135803
1001010000001110001111000110001000001111010001011110000010111101101 0.9010000228881836
0100000111000101010101111100100101011001111011010001011100011101011 0.8985000252723694
1100110100001111001111000110011000001111010101011110100100100101001 0.8974000215530396
1100110110010001011011100101101100110101010101011110100100100101001 0.8827000260353088
1000000101000101100011001101101110010111010001011110000011011111101 0.8715000152587891
1100110110010011101000000101110100111110001000110011000100101111011 0.8664000034332275
1100110110010001011000100101100101010110101001001111101101100111010 0.8662999868392944
0100000111100101001111100101011011110111010001110010000010001001111 0.8600000143051147
0100000111100101001111100101011011110111010011110001011000011001111 0.8253999948501587
1001110100011011101000000101100100101110011000110011010000111101001 0.8252000212669373
1001110100011011101000000101100100111110001000111011000101011111001 0.820900022983551
0001111010000111000010000111010101110010010011110010000101101011110 0.8050000071525574
1001110100011011101000000101100100111110001000110011000011011111001 0.7924000024795532
1001011000001110010010000111011101110010011101010001000100100101011 0.7756999731063843
1001010000001111001111000110001000001111010001011110100101011001111 0.738099992275238
Generation 5
0000111110011111010101111101100100111110001011110001011000000011111 0.964900016784668
0000111110011111010101111101100100111110001011110001011000000011111 0.964900016784668
1100110110010011010101100101100101010110101001110001101010000011111 0.9611999988555908
0001111010000111000010100110010101110010010001011110000001111101100 0.9581000208854675
0000111110011111010101111100100101011001111011110001011100001111011 0.9575999975204468
0000111110011111010101111100100001011001111011110001011000000001111 0.9564999938011169
0000110110010001011000101100000101011111010101011110100100100111011 0.9552000164985657
0000111010011111010101111100000101011111010101011110100100100111011 0.9484999775886536
0001111010000111000010000111010101001111010001011110000010111101101 0.948199987411499
1001011110000000111000000000111000001111000001011110000010111101101 0.9451000094413757
1100110110010001011000100101101100110100101100100111100100100101011 0.9429000020027161
1001010000001111001111000110001000001111010001011110000010111101101 0.9406999945640564
0000111010011111010101111101100100111110001011110001011000000011111 0.9366999864578247
1100111010011111010101110101101100110000101100100111100100100101011 0.9362999796867371
1100110100001111001000000110011000001001111011110011011110011101001 0.9162999987602234
1001110100011011101000000110001000001110001000110010000010111111101 0.9142000079154968
1100110100001111001111000110011000001001111011110001011100001101001 0.9139000177383423
0100000111100101001111100101011011110111010001010010000010011101111 0.9020000100135803
1001010000001110001111000110001000001111010001011110000010111101101 0.9010000228881836
0100000111000101010101111100100101011001111011010001011100011101011 0.8985000252723694
0000111110001111011111000110011000001111010101011001011000000111101 0.8980000019073486
1100110100001111001111000110011000001111010101011110100100100101001 0.8974000215530396
0000111110011101011000111101100100111110001011001111011101101111010 0.8939999938011169
1100110110010001011011100101101100110101010101011110100100100101001 0.8827000260353088
1000000101000101100011001101101110010111010001011110000011011111101 0.8715000152587891
1100110110010011101000000101110100111110001000110011000100101111011 0.8664000034332275
Generation 6
0000111110011111010101111101100100111110001011110001011000000011111 0.964900016784668
0000111110011111010101111101100100111110001011110001011000000011111 0.964900016784668
1100110110010011010101100101100101010110101001110001101010000011111 0.9611999988555908
0001111010000111000010100110010101110010010001011110000001111101100 0.9581000208854675
0000111110011111010101111100100101011001111011110001011100001111011 0.9575999975204468
0000111110011111010101111100100001011001111011110001011000000001111 0.9564999938011169
0000110110010001011000101100000101011111010101011110100100100111011 0.9552000164985657
1001110100011011101000000000001000001110001000110010000010111101101 0.9541000127792358
0000011110011111010101111100100001011001111101011110000010101001111 0.9524999856948853
0000111010011111010101111100000101011111010101011110100100100111011 0.9484999775886536
0001111010000111000010000111010101001111010001011110000010111101101 0.948199987411499
1001011110000000111000000000111000001111000001011110000010111101101 0.9451000094413757
1100110110010001011000100101101100110100101100100111100100100101011 0.9429000020027161
1001010000001111001111000110001000001111010001011110000010111101101 0.9406999945640564
0000111010011111010101111101100100111110001011110001011000000011111 0.9366999864578247
1100111010011111010101110101101100110000101100100111100100100101011 0.9362999796867371
0001111010000111000010000111010101000111010011110001011000010101101 0.9277999997138977
0001111010000111000010010111010101001111010001011100000010011101101 0.9221000075340271
1100110100001111001000000110011000001001111011110011011110011101001 0.9162999987602234
1001110100011011101000000110001000001110001000110010000010111111101 0.9142000079154968
1100110100001111001111000110011000001001111011110001011100001101001 0.9139000177383423
0100000111100101001111100101011011110111010001010010000010011101111 0.9020000100135803
1001010000001110001111000110001000001111010001011110000010111101101 0.9010000228881836
0100000111000101010101111100100101011001111011010001011100011101011 0.8985000252723694
0000111110001111011111000110011000001111010101011001011000000111101 0.8980000019073486
1100110100001111001111000110011000001111010101011110100100100101001 0.8974000215530396
Generation 7
0000111110011111010101111101100100111110001011110001011000000011111 0.964900016784668
0000111110011111010101111101100100111110001011110001011000000011111 0.968999981880188
0000111011011111010101011101100101111110001011110001011000000011111 0.9675999879837036
0001111010000111110101111100100001000111010011110001011000010001111 0.963699996471405
0000110110010001011000101100010101011111010101011111011000010111101 0.9617999792098999
1100110110010011010101100101100101010110101001110001101010000011111 0.9611999988555908
0001111010000111000010100110010101110010010001011110000001111101100 0.9581000208854675
0000111110011111010101111100100101011001111011110001011100001111011 0.9575999975204468
0000111110011111010101111100100001011001111011110001011000000001111 0.9564999938011169
1001110100011011101000000110001000001001111101011110000010101101101 0.9563999772071838
0000110110010001011000101100000101011111010101011110100100100111011 0.9552000164985657
1001110100011011101000000000001000001110001000110010000010111101101 0.9541000127792358
0000011110011111010101111111010101000111010011110001011000111001111 0.9538000226020813
0000011110011111010101111100100001011001111101011110000010101001111 0.9524999856948853
0000011111011111010010000111010101011001111101011110000010101101101 0.9492999911308289
0000111010011111010101111100000101011111010101011110100100100111011 0.9484999775886536
0001111010000111000010000111010101001111010001011110000010111101101 0.948199987411499
1001011110000000111000000000111000001111000001011110000010111101101 0.9451000094413757
0001111010000111000010000111010101000111010010110000100100100101011 0.9438999891281128
1100110110010001011000100101101100110100101100100111100100100101011 0.9429000020027161
1001010000001111001111000110001000001111010001011110000010111101101 0.9406999945640564
1001110100011011101000000000001000001110001000110010000010111111101 0.9375
0000111010011111010101111101100100111110001011110001011000000011111 0.9366999864578247
1100111010011111010101110101101100110000101100100111100100100101011 0.9362999796867371
0001111010000111000010000111010101000111010011110001011000010101101 0.9277999997138977
1001011110000000111000000000111000001111000101111110000010100101011 0.9251000285148621
Generation 8
0000111110011111010101111101100100111110001011110001011000000011111 0.968999981880188
0000111110011111010101111101100100111110001011110001011000000011111 0.968999981880188
0000111110011111010101111100000101011001101001110001101010001111011 0.9688000082969666
0000111011011111010101011101100101111110001011110001011000000011111 0.9675999879837036
0000111110011111010101111110100101010110111001110001101010000011111 0.9674999713897705
0001111010000111110101111100100001000111010011110001011000010001111 0.963699996471405
0000110110010001011000101100010101011111010101011111011000010111101 0.9617999792098999
1100110110010011010101100101100101010110101001110001101010000011111 0.9611999988555908
1100110110010011010110100101101100110100101001110001101100100111101 0.9585000276565552
0001111010000111000010100110010101110010010001011110000001111101100 0.9581000208854675
0000111110011111010101111100100101011001111011110001011100001111011 0.9575999975204468
0000110110010001011000111100010101011111010101011111011000010101101 0.9574999809265137
0000111110011111010101111100100001011001111011110001011000000001111 0.9564999938011169
1001110100011011101000000110001000001001111101011110000010101101101 0.9563999772071838
1100110110010011010101100001100101010110111011110001011100000011111 0.9559999704360962
0000110110010001011000101100000101011111010101011110100100100111011 0.9552000164985657
1001110100011011101000000000001000001110001000110010000010111101101 0.9541000127792358
0000011110011111010101111111010101000111010011110001011000111001111 0.9538000226020813
0000011110011111010101111100100001011001111101011110000010101001111 0.9524999856948853
0000011111011111010010000111010101011001111101011110000010101101101 0.9492999911308289
0000111010011111010101111100000101011111010101011110100100100111011 0.9484999775886536
0001111010000111000010000111010101001111010001011110000010111101101 0.948199987411499
1001011110000000111000000000111000001111000001011110000010111101101 0.9451000094413757
0001111010000111110101111100100000110100101100100101011000010101011 0.9448999762535095
0001111010000111000010000111010101000111010010110000100100100101011 0.9438999891281128
0001010000001111001111000110001000001111010001110001011000010101101 0.9437000155448914
Generation 9
0000111110011111010101111101100100111110001011110001011000000011111 0.968999981880188
1101111010000011010101100001100101010110111011110001011100010011111 0.9713000059127808
0000111110011111010101111101100100111110001011110001011000000011111 0.968999981880188
0000111110011111010101111100000101011001101001110001101010001111011 0.9688000082969666
0000111011011111010101011101100101111110001011110001011000000011111 0.9675999879837036
0000111110011111010101111110100101010110111001110001101010000011111 0.9674999713897705
0001111010000111110101111100100001000111010011110001011000010001111 0.963699996471405
0001110100011011101000000110001000001001111101011101011000010101101 0.9628999829292297
0000110110010001011000101100010101011111010101011111011000010111101 0.9617999792098999
1100110110010011010101100101100101010110101001110001101010000011111 0.9611999988555908
1001110110000111000110100110010101110010011101011110000001101101101 0.9593999981880188
1100110110010011010110100101101100110100101001110001101100100111101 0.9585000276565552
0001111010000111000010100110010101110010010001011110000001111101100 0.9581000208854675
0000111110011111010101111100100101011001111011110001011100001111011 0.9575999975204468
0000110110010001011000111100010101011111010101011111011000010101101 0.9574999809265137
0000111110011111010101111100100001011001111011110001011000000001111 0.9564999938011169
1001110100011011101000000110001000001001111101011110000010101101101 0.9563999772071838
1100110110010011010101100001100101010110111011110001011100000011111 0.9559999704360962
0000110110010001011000101100000101011111010101011110100100100111011 0.9552000164985657
1001111010000111110101111100100000110110101100100110100010101101011 0.9550999999046326
1001110100011011101000000000001000001110001000110010000010111101101 0.9541000127792358
0001111000011011101000000110001000001001110001011110000010111101100 0.9539999961853027
0000011110011111010101111111010101000111010011110001011000111001111 0.9538000226020813
0000011110011111010101111100100001011001111101011110000010101001111 0.9524999856948853
0000011111011111010010000111010101011001111101011110000010101101101 0.9492999911308289
0000111010011111010101111100000101011111010101011110100100100111011 0.9484999775886536
Generation 10
1101111010000011010101100001100101010110111011110001011100010011111 0.9713000059127808
1100110110010011010101100001100101010110111011110001011100000011111 0.9715999960899353
1101111010000011010101100001100101010110111011110001011100010011111 0.9713000059127808
0000111110011111010101111101100100111110001011110001011000000011111 0.968999981880188
0000111110011111010101111100000101011001101001110001101010001111011 0.9688000082969666
0000111011011111010101011101100101111110001011110001011000000011111 0.9675999879837036
0000111110011111010101111110100101010110111001110001101010000011111 0.9674999713897705
0000111110011111010101111100000000001001111101011101011010000111011 0.9657999873161316
1001110100011011101000000000000100001110001001110001010010011101101 0.9652000069618225
0001111010000111110101111100100001000111010011110001011000010001111 0.963699996471405
0001110100011011101000000110001000001001111101011101011000010101101 0.9628999829292297
0000110110010001011000101100010101011111010101011111011000010111101 0.9617999792098999
1100110110010011010101100101100101010110101001110001101010000011111 0.9611999988555908
1001110110000111000110100110010101110010011101011110000001101101101 0.9593999981880188
0001110100011011101000000110001101011001101001110001101000011101101 0.958899974822998
1100110110010011010110100101101100110100101001110001101100100111101 0.9585000276565552
0001111010000111000010100110010101110010010001011110000001111101100 0.9581000208854675
0000111110011111010101111100100101011001111011110001011100001111011 0.9575999975204468
0000110110010001011000111100010101011111010101011111011000010101101 0.9574999809265137
0001110100011111101100000110001000011001111101011101011000111101101 0.9571999907493591
0000111110011111010101111100100001011001111011110001011000000001111 0.9564999938011169
1001110100011011101000000110001000001001111101011110000010101101101 0.9563999772071838
0000110110010001011000101100000101011111010101011110100100100111011 0.9552000164985657
1001111010000111110101111100100000110110101100100110100010101101011 0.9550999999046326
1001110100011011101000000000001000001110001000110010000010111101101 0.9541000127792358
0001111000011011101000000110001000001001110001011110000010111101100 0.9539999961853027
Generation 11
1100110110010011010101100001100101010110111011110001011100000011111 0.9715999960899353
1100110110010011010101100001100101010110111011110001011100000011111 0.9715999960899353
1101111010000011010101100001100101010110111011110001011100010011111 0.9713000059127808
0000111110011111010101111101100100111110001011110001011000000011111 0.968999981880188
0000111110011111010101111100000101011001101001110001101010001111011 0.9688000082969666
1100110110011111010101100001100101010110111011110001011000001011111 0.9688000082969666
1101111010000011010101100001100101010010111011110001011100000011111 0.9688000082969666
0000111011011111010101011101100101111110001011110001011000000011111 0.9675999879837036
0000111110011111010101111110100101010110111001110001101010000011111 0.9674999713897705
0000111110011111010101111100000000001001111101011101011010000111011 0.9657999873161316
1001110100011011101000000000000100001110001001110001010010011101101 0.9652000069618225
0001111010000111110101111100100001000111010011110001011000010001111 0.963699996471405
0001110100011011101000000110001000001001111101011101011000010101101 0.9628999829292297
0000110110010001011000101100010101011111010101011111011000010111101 0.9617999792098999
1100110110010011010101100101100101010110101001110001101010000011111 0.9611999988555908
1100110110010011010101100001100101010110111011110001011110010011111 0.9610999822616577
1001110110000111000110100110010101110010011101011110000001101101101 0.9593999981880188
0000111110011111010101111100000000011101111011110001011000000001111 0.9592999815940857
0001110100011011101000000110001101011001101001110001101000011101101 0.958899974822998
1100110110010011010110100101101100110100101001110001101100100111101 0.9585000276565552
0001111010000111000010100110010101110010010001011110000001111101100 0.9581000208854675
0000111110011111010101111101100100111111010011111001011000000001111 0.9577999711036682
0000111110011111010101111100100101011001111011110001011100001111011 0.9575999975204468
0000110110010001011000111100010101011111010101011111011000010101101 0.9574999809265137
1001111010000111110101111100100000110110101100100110101100101101011 0.9573000073432922
0001110100011111101100000110001000011001111101011101011000111101101 0.9571999907493591
Generation 12
1100110110010011010101100001100101010110111011110001011100000011111 0.9715999960899353
1100110110010011010101100001100101010110111011110001011100000011111 0.9715999960899353
1101111010000011010101100001100101010110111011110001011100010011111 0.9713000059127808
0000111110011111010101111101100100111110001011110001011000000011111 0.968999981880188
0000111110011111010101111100000101011001101001110001101010001111011 0.9688000082969666
1100110110011111010101100001100101010110111011110001011000001011111 0.9688000082969666
1101111010000011010101100001100101010010111011110001011100000011111 0.9688000082969666
0000110110010011010101111110100101010110111001110001101010010011111 0.9688000082969666
0000111011011111010101011101100101111110001011110001011000000011111 0.9675999879837036
0000111110011111010101111110100101010110111001110001101010000011111 0.9674999713897705
0000111110011111010101111100000000001001111101011101011010000111011 0.9657999873161316
1001110100011011101000000000000100001110001001110001010010011101101 0.9652000069618225
0000011110011111010101111100000001010010111101100001011100000011111 0.9646999835968018
0001111010000111110101111100100001000111010011110001011000010001111 0.963699996471405
1100111110011111010101100001100101010110111011110001011110000011111 0.9629999995231628
0001110100011011101000000110001000001001111101011101011000010101101 0.9628999829292297
1001110100011011101000000000000000001110001001011100011010000101101 0.9628000259399414
0000110110010001011000101100010101011111010101011111011000010111101 0.9617999792098999
1100110110010011010101100001100101010110111011110001011110010011111 0.9610999822616577
1101111010000011010101100001100100001001111011011100011010000111011 0.960099995136261
1001110110000111000110100110010101110010011101011110000001101101101 0.9593999981880188
0000111110011111010101111100000000011101111011110001011000000001111 0.9592999815940857
0001110100011011101000000110001101011001101001110001101000011101101 0.958899974822998
1100110110010011010110100101101100110100101001110001101100100111101 0.9585000276565552
0001111010000111000010100110010101110010010001011110000001111101100 0.9581000208854675
0001111010000111100101111100100001001001101001110001011000010001111 0.9581000208854675
Generation 13
1100110110010011010101100001100101010110111011110001011100000011111 0.9715999960899353
1101111010000011010101100001100101010110111011110001011100010011111 0.9731000065803528
1100110110010011010101100001100101010110111011110001011100000011111 0.9715999960899353
0000110110010001010101110001100101010011010101011111011000010111101 0.9711999893188477
0000111110011111010101111101100100111110001011110001011000000011111 0.968999981880188
0000111110011111010101111100000101011001101001110001101010001111011 0.9688000082969666
1100110110011111010101100001100101010110111011110001011000001011111 0.9688000082969666
1101111010000011010101100001100101010010111011110001011100000011111 0.9688000082969666
0000110110010011010101111110100101010110111001110001101010010011111 0.9688000082969666
0000111011011111010101011101100101111110001011110001011000000011111 0.9675999879837036
0000111110011111010101111110100101010110111001110001101010000011111 0.9674999713897705
1101111010000011010101100001100101010110111011110001011010010011111 0.9660999774932861
0000111110011111010101111100000000001001111101011101011010000111011 0.9657999873161316
1001110100011011101000000000000100001110001001110001010010011101101 0.9652000069618225
0000011110011111010101111100000001010010111101100001011100000011111 0.9646999835968018
0001111010000111110101111100100001000111010011110001011000010001111 0.963699996471405
1100111110011111010101100001100101010110111011110001011110000011111 0.9629999995231628
0001110100011011101000000110001000001001111101011101011000010101101 0.9628999829292297
1001110100011011101000000000000000001110001001011100011010000101101 0.9628000259399414
0000110110000001011000101001100101010110110101011111011110010011111 0.961899995803833
1100110110010011010101100001100101010110111011110001011110010011111 0.9610999822616577
1101111010000011010101100001100001011110111011110001011000010001111 0.9610000252723694
0001111010000111110101111100100001000111010011110001111100010001111 0.9606999754905701
1101111010000011010101100001100100001001111011011100011010000111011 0.960099995136261
1001110110000111000110100110010101110010011101011110000001101101101 0.9593999981880188
0000111110011111010101111100000000011101111011110001011000000001111 0.9592999815940857
Generation 14
1101111010000011010101100001100101010110111011110001011100010011111 0.9731000065803528
1101111010000011010101100001100101010110111011110001011100010011111 0.9731000065803528
1100110110010011010101100001100101010110111011110001011100000011111 0.9715999960899353
0000110110010001010101110001100101010011010101011111011000010111101 0.9711999893188477
0000111110010001010111110001100101010011010101011111011000000111011 0.9706000089645386
0000111110011111010101111101100100111110001011110001011000000011111 0.968999981880188
0000111110011111010101111100000101011001101001110001101010001111011 0.9688000082969666
1100110110011111010101100001100101010110111011110001011000001011111 0.9688000082969666
1101111010000011010101100001100101010010111011110001011100000011111 0.9688000082969666
0000110110010011010101111110100101010110111001110001101010010011111 0.9688000082969666
0000111011011111010101011101100101111110001011110001011000000011111 0.9675999879837036
0000111110011111010101111110100101010110111001110001101010000011111 0.9674999713897705
1101111010000011010101100001100101010110111011110001011010010011111 0.9660999774932861
0000111110011111010101111100000000001001111101011101011010000111011 0.9657999873161316
1100100110011011101000000000000100001110001001110001010010010101101 0.9657999873161316
1001110100011011101000000000000000001110000101011100011010000101101 0.965399980545044
1001110100011011101000000000000100001110001001110001010010011101101 0.9652000069618225
0000011110011111010101111100000001010010111101100001011100000011111 0.9646999835968018
0001111010000111110101111100100001000111010011110001011000010001111 0.963699996471405
0000110110000001011000101001100101010010111101100001011110010011111 0.963699996471405
1100111110011111010101100001100101010110111011110001011110000011111 0.9629999995231628
0001110100011011101000000110001000001001111101011101011000010101101 0.9628999829292297
0000110110000001011000101001100101010110110101011111011110010011111 0.961899995803833
1100110110010011010101100001100101010110111011110001011110010011111 0.9610999822616577
1101111010000011010101100001100001011110111011110001011000010001111 0.9610000252723694
0001111010000111110101111100100001000111010011110001111100010001111 0.9606999754905701
Generation 15
1101111010000011010101100001100101010110111011110001011100010011111 0.9731000065803528
1101111010000011010101100001100101010110111011110001011100010011111 0.9731000065803528
1100110110010011010101100001100101010110111011110001011100000011111 0.9715999960899353
0000110110010001010101110001100101010011010101011111011000010111101 0.9711999893188477
0000111110010001010111110001100101010011010101011111011000000111011 0.9706000089645386
1100110110011111010101100001100101010110111011110000011100000011111 0.9695000052452087
0000111110011111010101111101100100111110001011110001011000000011111 0.968999981880188
0000111110011111010101111100000101011001101001110001101010001111011 0.9688000082969666
1100110110011111010101100001100101010110111011110001011000001011111 0.9688000082969666
1101111010000011010101100001100101010010111011110001011100000011111 0.9688000082969666
0000110110010011010101111110100101010110111001110001101010010011111 0.9688000082969666
0001110100011011101000000110001000001001111101011101011000010101101 0.9686999917030334
1101111010000111110101111100100001000111010011110001011000000011111 0.9678999781608582
0000111011011111010101011101100101111110001011110001011000000011111 0.9675999879837036
0000111110011111010101111110100101010110111001110001101010000011111 0.9674999713897705
1101111010000011010101100001000101010010111011110001011000001011111 0.967199981212616
0000111011011111010101011101100101110010111011110001011100000011111 0.967199981212616
0001111010000011010101100001100101010010111011110001011100010001111 0.9670000076293945
1101111010000011010101100001100101010110111011110001011010010011111 0.9660999774932861
0000111110011111010101111100000000001001111101011101011010000111011 0.9657999873161316
1100100110011011101000000000000100001110001001110001010010010101101 0.9657999873161316
1001110100011011101000000000000000001110000101011100011010000101101 0.965399980545044
1001110100011011101000000000000100001110001001110001010010011101101 0.9652000069618225
0000011110011111010101111100000001010010111101100001011100000011111 0.9646999835968018
0001111010000111110101111100100001000111010011110001011000010001111 0.963699996471405
0000110110000001011000101001100101010010111101100001011110010011111 0.963699996471405
Generation 16
1101111010000011010101100001100101010110111011110001011100010011111 0.9731000065803528
1101111010000011010101100001100101010110111011110001011100010011111 0.9731000065803528
0000111110010001010111110001100101010011010001011111011000000111011 0.9718999862670898
1100110110010011010101100001100101010110111011110001011100000011111 0.9715999960899353
0000110110010001010101110001100101010011010101011111011000010111101 0.9711999893188477
1100110110011111010101100001100101010110111011110000011100000011111 0.9695000052452087
0000111110011111010101111101100100111110001011110001011000000011111 0.968999981880188
0000111110011111010101111100000101011001101001110001101010001111011 0.9688000082969666
1100110110011111010101100001100101010110111011110001011000001011111 0.9688000082969666
1101111010000011010101100001100101010010111011110001011100000011111 0.9688000082969666
0000110110010011010101111110100101010110111001110001101010010011111 0.9688000082969666
0001110100011011101000000110001000001001111101011101011000010101101 0.9686999917030334
1101111010000111110101111100100001000111010011110001011000000011111 0.9678999781608582
0000111011011111010101011101100101111110001011110001011000000011111 0.9675999879837036
0000111110011111010101111110100101010110111001110001101010000011111 0.9674999713897705
1101111010000011010101100001000101010010111011110001011000001011111 0.967199981212616
0000111011011111010101011101100101110010111011110001011100000011111 0.967199981212616
0001111010000011010101100001100101010010111011110001011100010001111 0.9670000076293945
1100110110010011010101100000000100001111001001110001010000010111101 0.9666000008583069
1101111010000011010101100001100101010110111011110001011010010011111 0.9660999774932861
0000111110011111010101111100000000001001111101011101011010000111011 0.9657999873161316
1100100110011011101000000000000100001110001001110001010010010101101 0.9657999873161316
1001110100011011101000000000000000001110000101011100011010000101101 0.965399980545044
1001110100011011101000000000000100001110001001110001010010011101101 0.9652000069618225
0000011110011111010101111100000001010010111101100001011100000011111 0.9646999835968018
0001111010000111110101111100100001000111010011110001011000010001111 0.963699996471405
Generation 17
1101111010000011010101100001100101010110111011110001011100010011111 0.9731000065803528
1101111010000011010101100001100101010110111011110001011100010011111 0.9731000065803528
0000111110010001010111110001100101010011010001011111011000000111011 0.9718999862670898
1100110110010011010101100001100101010110111011110001011100000011111 0.9715999960899353
0000110110010001010101110001100101010011010101011111011000010111101 0.9711999893188477
1100110110011111010101100001100101010110111011110000011100000011111 0.9695000052452087
0000111110011111010101111101100100111110001011110001011000000011111 0.968999981880188
0000111110011111010101111100000101011001101001110001101010001111011 0.9688000082969666
1100110110011111010101100001100101010110111011110001011000001011111 0.9688000082969666
1101111010000011010101100001100101010010111011110001011100000011111 0.9688000082969666
0000110110010011010101111110100101010110111001110001101010010011111 0.9688000082969666
0001110100011011101000000110001000001001111101011101011000010101101 0.9686999917030334
1101111010000111110101111100100001000111010011110001011000000011111 0.9678999781608582
0000111011011111010101011101100101111110001011110001011000000011111 0.9675999879837036
0000111110011111010101111110100101010110111001110001101010000011111 0.9674999713897705
1101111010000011010101100001000101010010111011110001011000001011111 0.967199981212616
0000111011011111010101011101100101110010111011110001011100000011111 0.967199981212616
0001111010000011010101100001100101010010111011110001011100010001111 0.9670000076293945
1100110110010011010101100000000100001111001001110001010000010111101 0.9666000008583069
1101111010000011010101100001100101010110111011110001011010010011111 0.9660999774932861
0000111110011111010101111100000000001001111101011101011010000111011 0.9657999873161316
1100100110011011101000000000000100001110001001110001010010010101101 0.9657999873161316
1001110100011011101000000000000000001110000101011100011010000101101 0.965399980545044
1001110100011011101000000000000100001110001001110001010010011101101 0.9652000069618225
0000011110011111010101111100000001010010111101100001011100000011111 0.9646999835968018
0001111010000111110101111100100001000111010001110001011000010001111 0.9638000130653381
Generation 18
1101111010000011010101100001100101010110111011110001011100010011111 0.9731000065803528
1101111010000011010101100001100101010110111011110001011000000011111 0.9745000004768372
1101111010000011010101100001100101010110111011110001011100010011111 0.9731000065803528
0000111110010001010111110001100101010011010001011111011000000111011 0.9718999862670898
1100110110010011010101100001100101010110111011110001011100000011111 0.9715999960899353
0000110110010001010101110001100101010011010101011111011000010111101 0.9711999893188477
1100110110011111010101100001100101000110111011110101011000000011111 0.9702000021934509
1101111010000011010101100001100101010110111011110001011000001011111 0.9697999954223633
1100110110011111010101100001100101010110111011110000011100000011111 0.9695000052452087
0000111110011111010101111101100100111110001011110001011000000011111 0.968999981880188
0000111110011111010101111100000101011001101001110001101010001111011 0.9688000082969666
1100110110011111010101100001100101010110111011110001011000001011111 0.9688000082969666
1101111010000011010101100001100101010010111011110001011100000011111 0.9688000082969666
0000110110010011010101111110100101010110111001110001101010010011111 0.9688000082969666
0001110100011011101000000110001000001001111101011101011000010101101 0.9686999917030334
1101111010000111110101111100100001000111010011110001011000000011111 0.9678999781608582
0000111011011111010101011101100101111110001011110001011000000011111 0.9675999879837036
0000111110011111010101111110100101010110111001110001101010000011111 0.9674999713897705
1100110110011011010101100001100101010110111011110001011100000011111 0.9674999713897705
0000111011011111010101011101100101110010111011110001011100000011111 0.967199981212616
0001111010000011010101100001100101010010111011110001011100010001111 0.9670000076293945
0000110011011111010101011101000101111110001011110001011100010011111 0.9668999910354614
1100110110010011010101100000000100001111001001110001010000010111101 0.9666000008583069
1101111010000011010101100001100101010110111011110001011010010011111 0.9660999774932861
0000111110011111010101111100000000001001111101011101011010000111011 0.9657999873161316
1100100110011011101000000000000100001110001001110001010010010101101 0.9657999873161316
Generation 19
1101111010000011010101100001100101010110111011110001011000000011111 0.9745000004768372
1101111010000011010101100001100101010110111011110001011000000011111 0.9745000004768372
0000110110010001010101110001100101010011010101011111011000010111101 0.9732000231742859
1101111010000011010101100001100101010110111011110001011100010011111 0.9731000065803528
0000111110010001010111110001100101010011010001011111011000000111011 0.9718999862670898
1100110110010011010101100001100101010110111011110001011100000011111 0.9715999960899353
0000111110011111010101111100000000010110111011110001011000001111011 0.97079998254776
1100110110011111010101100001100101000110111011110101011000000011111 0.9702000021934509
1101111010000011010101100001100101010110111011110001011000001011111 0.9697999954223633
1100110110011111010101100001100101010110111011110000011100000011111 0.9695000052452087
0000111110011111010101111101100100111110001011110001011000000011111 0.968999981880188
0000111110011111010101111100000101011001101001110001101010001111011 0.9688000082969666
1100110110011111010101100001100101010110111011110001011000001011111 0.9688000082969666
1101111010000011010101100001100101010010111011110001011100000011111 0.9688000082969666
0000110110010011010101111110100101010110111001110001101010010011111 0.9688000082969666
0001110100011011101000000110001000001001111101011101011000010101101 0.9686999917030334
1101111010000111110101111100100001000111010011110001011000000011111 0.9678999781608582
0000111011011111010101011101100101111110001011110001011000000011111 0.9675999879837036
0000111110011111010101111110100101010110111001110001101010000011111 0.9674999713897705
1100110110011011010101100001100101010110111011110001011100000011111 0.9674999713897705
0000111011011111010101011101100101110010111011110001011100000011111 0.967199981212616
0001111010000011010101100001100101010010111011110001011100010001111 0.9670000076293945
1100110110011111010101100001100101001001111101011101011010000011111 0.9670000076293945
0000110011011111010101011101000101111110001011110001011100010011111 0.9668999910354614
0000110010010001010101110001100101010111010001011111011000010111101 0.96670001745224
1100110110010011010101100000000100001111001001110001010000010111101 0.9666000008583069
Generation 20
1101111010000011010101100001100101010110111011110001011000000011111 0.9745000004768372
1101111010000011010101100001100101010110111011110001011000000011111 0.9745000004768372
0000110110010001010101110001100101010011010101011111011000010111101 0.9732000231742859
1101111010000011010101100001100101010110111011110001011100010011111 0.9731000065803528
0000111110010001010111110001100101010011010001011111011000000111011 0.9718999862670898
1100110110010011010101100001100101010110111011110001011100000011111 0.9715999960899353
0000111110011111010101111100000000010110111011110001011000001111011 0.97079998254776
1100110110011111010101100001100101000110111011110101011000000011111 0.9702000021934509
1101111010000011010101100001100101010110111011110001011000001011111 0.9697999954223633
1100110110011111010101100001100101010110111011110000011100000011111 0.9695000052452087
0000111110011111010101111101100100111110001011110001011000000011111 0.968999981880188
0000111110011111010101111100000101011001101001110001101010001111011 0.9688000082969666
1100110110011111010101100001100101010110111011110001011000001011111 0.9688000082969666
1101111010000011010101100001100101010010111011110001011100000011111 0.9688000082969666
0000110110010011010101111110100101010110111001110001101010010011111 0.9688000082969666
0001110100011011101000000110001000001001111101011101011000010101101 0.9686999917030334
1101111010000111110101111100100001000111010011110001011000000011111 0.9678999781608582
0000111011011111010101011101100101111110001011110001011000000011111 0.9675999879837036
0000111110011111010101111110100101010110111001110001101010000011111 0.9674999713897705
1100110110011011010101100001100101010110111011110001011100000011111 0.9674999713897705
0000111011011111010101011101100101110010111011110001011100000011111 0.967199981212616
0001111010000011010101100001100101010010111011110001011100010001111 0.9670000076293945
1100110110011111010101100001100101001001111101011101011010000011111 0.9670000076293945
0000110011011111010101011101000101111110001011110001011100010011111 0.9668999910354614
0000110010010001010101110001100101010111010001011111011000010111101 0.96670001745224
1100110110010011010101100000000100001111001001110001010000010111101 0.9666000008583069
Generation 21
1101111010000011010101100001100101010110111011110001011000000011111 0.9745000004768372
1101111010000011010101100001100101010110111011110001011000000011111 0.9745000004768372
0000110110010001010101110001100101010011010101011111011000010111101 0.9732000231742859
1101111010000011010101100001100101010110111011110001011100010011111 0.9731000065803528
1101111010000011010101100001100101010110111011110001011000010011111 0.972100019454956
0000111110010001010111110001100101010011010001011111011000000111011 0.9718999862670898
1100110110010011010101100001100101010110111011110001011100000011111 0.9715999960899353
0000111110011111010101111110100101010110111001110001101010000111011 0.9714000225067139
0000111110011111010101111100000000010110111011110001011000001111011 0.97079998254776
1100110110011111010101100001100101000110111011110101011000000011111 0.9702000021934509
1101111010000011010101100001100101010110111011110001011000001011111 0.9697999954223633
0000111110011111010101111110100101000111010011110001011000000011111 0.9696999788284302
1100110110011111010101100001100101010110111011110000011100000011111 0.9695000052452087
0001111010000011010101111100100101010010111011100001011000001111011 0.9692000150680542
1100110110011111010101100001100101010110111011110001011000001011111 0.9688000082969666
1101111010000011010101100001100101010010111011110001011100000011111 0.9688000082969666
0000110110010011010101111110100101010110111001110001101010010011111 0.9688000082969666
0001110100011011101000000110001000001001111101011101011000010101101 0.9686999917030334
1101111010000111110101111100100001000111010011110001011000000011111 0.9678999781608582
0000111011011111010101011101100101111110001011110001011000000011111 0.9675999879837036
0000111110011111010101111110100101010110111001110001101010000011111 0.9674999713897705
1100110110011011010101100001100101010110111011110001011100000011111 0.9674999713897705
0000110110010001010101110001100101010011010101110011010000010111101 0.9672999978065491
0000111011011111010101011101100101110010111011110001011100000011111 0.967199981212616
0001111010000011010101100001100101010010111011110001011100010001111 0.9670000076293945
1100110110011111010101100001100101001001111101011101011010000011111 0.9670000076293945
Generation 22
1101111010000011010101100001100101010110111011110001011000000011111 0.9745000004768372
1101111010000011010101100001100101010110111011110001011000000011111 0.9745000004768372
0000110110010001010101110001100101010011010101011111011000010111101 0.9732000231742859
1101111010000011010101100001100101010110111011110001011100010011111 0.9731000065803528
1101111010000011010101100001100101010110111011110001011000010011111 0.972100019454956
0000111110010001010111110001100101010011010001011111011000000111011 0.9718999862670898
0000110110011111010101111110100101010110111001110001101010000111011 0.9717000126838684
1100110110010011010101100001100101010110111011110001011100000011111 0.9715999960899353
0000111110011111010101111110100101010110111001110001101010000111011 0.9714000225067139
0000111110011111010101111100000000010110111011110001011000001111011 0.97079998254776
0001111010000011010101111100100101010010111011100001011000001111011 0.97079998254776
1100110110011111010101100001100101000110111011110101011000000011111 0.9702000021934509
1101111010000011010101100001100101010110111011110001011000001011111 0.9697999954223633
0001111010000011010101110001100101010011010001011111011000000111011 0.9697999954223633
0000111110011111010101111110100101000111010011110001011000000011111 0.9696999788284302
0000110110010001010101110001100101010110010101110001011100010111100 0.9696000218391418
1100110110011111010101100001100101010110111011110000011100000011111 0.9695000052452087
1100110110011111010101100001100101010110111011110001011000001011111 0.9688000082969666
1101111010000011010101100001100101010010111011110001011100000011111 0.9688000082969666
0000110110010011010101111110100101010110111001110001101010010011111 0.9688000082969666
0001110100011011101000000110001000001001111101011101011000010101101 0.9686999917030334
1101111010000111110101111100100001000111010011110001011000000011111 0.9678999781608582
0000111011011111010101011101100101111110001011110001011000000011111 0.9675999879837036
0000111110011111010101111110100101010110111001110001101010000011111 0.9674999713897705
1100110110011011010101100001100101010110111011110001011100000011111 0.9674999713897705
0000110110010011010101111110100101010110111011110001011010010011111 0.9674000144004822
Generation 23
1101111010000011010101100001100101010110111011110001011000000011111 0.9745000004768372
1101111010000011010101100001100101010110111011110001011000000011111 0.9745000004768372
0000110110010001010101110001100101010011010101011111011000010111101 0.9732000231742859
1101111010000011010101100001100101010110111011110001011100010011111 0.9731000065803528
1101111010000011010101100001100101010110111011110001011000010011111 0.972100019454956
0000111110010001010111110001100101010011010001011111011000000111011 0.9718999862670898
0000110110011111010101111110100101010110111001110001101010000111011 0.9717000126838684
1100110110010011010101100001100101010110111011110001011100000011111 0.9715999960899353
0000111110011111010101111110100101010110111001110001101010000111011 0.9714000225067139
0000111110011111010101111100000000010110111011110001011000001111011 0.97079998254776
0001111010000011010101111100100101010010111011100001011000001111011 0.97079998254776
1100110110011111010101100001100101000110111011110101011000000011111 0.9702000021934509
1101111010000011010101100001100101010110111011110001011000001011111 0.9697999954223633
0001111010000011010101110001100101010011010001011111011000000111011 0.9697999954223633
0000111110011111010101111110100101000111010011110001011000000011111 0.9696999788284302
0000110110010001010101110001100101010110010101110001011100010111100 0.9696000218391418
1100110110011111010101100001100101010110111011110000011100000011111 0.9695000052452087
1100110110011111010101100001100101010110111011110001011000001011111 0.9688000082969666
1101111010000011010101100001100101010010111011110001011100000011111 0.9688000082969666
0000110110010011010101111110100101010110111001110001101010010011111 0.9688000082969666
0001110100011011101000000110001000001001111101011101011000010101101 0.9686999917030334
1101111010000111110101111100100001000111010011110001011000000011111 0.9678999781608582
0000111011011111010101011101100101111110001011110001011000000011111 0.9675999879837036
0000111110011111010101111110100101010110111001110001101010000011111 0.9674999713897705
1100110110011011010101100001100101010110111011110001011100000011111 0.9674999713897705
0000110110010011010101111110100101010110111011110001011010010011111 0.9674000144004822
Generation 24
1101111010000011010101100001100101010110111011110001011000000011111 0.9745000004768372
0001111010000011110101111100100101010010010011100111011000000111011 0.9751999974250793
1101111010000011010101100001100101010110111011110001011000000011111 0.9745000004768372
0001111010000011010101110001100101010011010001110001101010000111011 0.9740999937057495
0000110110010001010101110001100101010011010101011111011000010111101 0.9732000231742859
1101111010000011010101100001100101010110111011110001011100010011111 0.9731000065803528
0000111110011111010101111110100101010110111001110001101010000111011 0.9725000262260437
1101111010000011010101100001100101010110111011110001011000010011111 0.972100019454956
0000111110010001010111110001100101010011010001011111011000000111011 0.9718999862670898
0000110110011111010101111110100101010110111001110001101010000111011 0.9717000126838684
1100110110010011010101100001100101010110111011110001011100000011111 0.9715999960899353
0000110110011111010101111110100100010110111011110001011000000111011 0.9714000225067139
0000111110011111010101111100000000010110111011110001011000001111011 0.97079998254776
0001111010000011010101111100100101010010111011100001011000001111011 0.97079998254776
1100110110011111010101100001100101000110111011110101011000000011111 0.9702000021934509
1101111010000011010101100001100101010110111011110001011000001011111 0.9697999954223633
0001111010000011010101110001100101010011010001011111011000000111011 0.9697999954223633
0000111110011111010101111110100101000111010011110001011000000011111 0.9696999788284302
0000110110010001010101110001100101010110010101110001011100010111100 0.9696000218391418
1100110110011111010101100001100101010110111011110000011100000011111 0.9695000052452087
1100110110011111010101100001100101010110111011110001011000001011111 0.9688000082969666
1101111010000011010101100001100101010010111011110001011100000011111 0.9688000082969666
0000110110010011010101111110100101010110111001110001101010010011111 0.9688000082969666
0001110100011011101000000110001000001001111101011101011000010101101 0.9686999917030334
1101111010000111110101111100100001000111010011110001011000000011111 0.9678999781608582
0000111011011111010101011101100101111110001011110001011000000011111 0.9675999879837036
Generation 25
0001111010000011110101111100100101010010010011100111011000000111011 0.9751999974250793
0001111010000011110111111100100101010010010011100111011000000111011 0.9753000140190125
0001111010000011110101111100100101010010010011100111011000000111011 0.9751999974250793
1101111010000011010101100001100101010110111011110001011000000011111 0.9745000004768372
0001111010000011010101110001100101010011010001110001101010000111011 0.9740999937057495
0000110110010001010101110001100101010011010101011111011000010111101 0.9732000231742859
0001111010000011010101110011100101010011010001011111011000000111011 0.9732000231742859
1101111010000011010101100001100101010110111011110001011100010011111 0.9731000065803528
0000111110011111010101111110100101010110111001110001101010000111011 0.9725000262260437
1101111010000011010101100001100101010110111011110001011000010011111 0.972100019454956
0000111110010001010111110001100101010011010001011111011000000111011 0.9718999862670898
0000110110011111010101111110100101010110111001110001101010000111011 0.9717000126838684
1100110110010011010101100001100101010110111011110001011100000011111 0.9715999960899353
0000110110011111010101111110100100010110111011110001011000000111011 0.9714000225067139
0000111110011111010101111100000000010110111011110001011000001111011 0.97079998254776
0001111010000011010101111100100101010010111011100001011000001111011 0.97079998254776
1100110110011111010101100001100101000110111011110101011000000011111 0.9702000021934509
1101111010000011010101100001100101010110111011110001011000001011111 0.9697999954223633
0000111110011111010101111110100101000111010011110001011000000011111 0.9696999788284302
0000110110010001010101110001100101010110010101110001011100010111100 0.9696000218391418
0000110110010001010101110001100101010011010101011111011100010101100 0.9696000218391418
1100110110011111010101100001100101010110111011110000011100000011111 0.9695000052452087
0000110110010011110101111100100101010010010011100111011000010111011 0.9692999720573425
1100110110011111010101100001100101010110111011110001011000001011111 0.9688000082969666
1101111010000011010101100001100101010010111011110001011100000011111 0.9688000082969666
0000110110010011010101111110100101010110111001110001101010010011111 0.9688000082969666
Generation 26
0001111010000011110111111100100101010010010011100111011000000111011 0.9753000140190125
0001111010000011110111111100100101010110010001110001101000000111011 0.9797999858856201
0001111010000011110111111100100101010010010011100101011010000111011 0.9787999987602234
0001111010000011110111111100100101010010010011100111011000000111011 0.9753000140190125
0001111010000011110101111100100101010010010011100111011000000111011 0.9751999974250793
1101111010000011010101100001100101010110111011110001011000000011111 0.9745000004768372
0001111010000011010101110001100101010011010001110001101010000111011 0.9740999937057495
0001111010000011010101110001100101010011010001110011111000000111011 0.9735999703407288
0000110110010001010101110001100101010011010101011111011000010111101 0.9732000231742859
0001111010000011010101110011100101010011010001011111011000000111011 0.9732000231742859
1101111010000011010101100001100101010110111011110001011100010011111 0.9731000065803528
0000111110011111010101111110100101010110111001110001101010000111011 0.9725000262260437
1101111010000011010101100001100101010110111011110001011000010011111 0.972100019454956
0000111110010001010111110001100101010011010001011111011000000111011 0.9718999862670898
0000110110011111010101111110100101010110111001110001101010000111011 0.9717000126838684
1100110110010011010101100001100101010110111011110001011100000011111 0.9715999960899353
0000110110011111010101111110100100010110111011110001011000000111011 0.9714000225067139
0000111110011111010101111100000000010110111011110001011000001111011 0.97079998254776
0001111010000011010101111100100101010010111011100001011000001111011 0.97079998254776
1100110110011111010101100001100101000110111011110101011000000011111 0.9702000021934509
1101111010000011010101100001100101010110111011110001011000001011111 0.9697999954223633
0000111110011111010101111110100101000111010011110001011000000011111 0.9696999788284302
0000110110010001010101110001100101010110010101110001011100010111100 0.9696000218391418
0000110110010001010101110001100101010011010101011111011100010101100 0.9696000218391418
1100110110011111010101100001100101010110111011110000011100000011111 0.9695000052452087
0000110110010011110101111100100101010010010011100111011000010111011 0.9692999720573425
Generation 27
0001111010000011110111111100100101010110010001110001101000000111011 0.9797999858856201
0001111010000011110111111100100101010110010001110001101000000111011 0.9797999858856201
0001111010000011110111111100100101010010010011100101011010000111011 0.9787999987602234
0001111010000011010101110001100101010011010001110011111010000111011 0.9757000207901001
0001111010000011110111111100100101010010010011100111011000000111011 0.9753000140190125
0001111010000011110101111100100101010010010011100111011000000111011 0.9751999974250793
1101111010000011010101100001100101010110111011110001011000000011111 0.9745000004768372
0001111010000011010101110001100101010011010001110001101010000111011 0.9740999937057495
0000110110010001010101110001100101010011010101011111011000010111101 0.9732000231742859
0001111010000011010101110011100101010011010001011111011000000111011 0.9732000231742859
1101111010000011010101100001100101010110111011110001011100010011111 0.9731000065803528
0000111110011111010101111110100101010110111001110001101010000111011 0.9725000262260437
1101111010000011010101100001100101010110111011110001011000010011111 0.972100019454956
0000111110010001010111110001100101010011010001011111011000000111011 0.9718999862670898
0000110110011111010101111110100101010110111001110001101010000111011 0.9717000126838684
1100110110010011010101100001100101010110111011110001011100000011111 0.9715999960899353
0000110110011111010101111110100100010110111011110001011000000111011 0.9714000225067139
0000111110011111010101111100000000010110111011110001011000001111011 0.97079998254776
0001111010000011010101111100100101010010111011100001011000001111011 0.97079998254776
1100110110011111010101100001100101000110111011110101011000000011111 0.9702000021934509
1101111010000011010101100001100101010110111011110001011000001011111 0.9697999954223633
0000111110011111010101111110100101000111010011110001011000000011111 0.9696999788284302
0000110110010011110101110011100101010010010011101111011000000111011 0.9696999788284302
0000110110010001010101110001100101010110010101110001011100010111100 0.9696000218391418
0000110110010001010101110001100101010011010101011111011100010101100 0.9696000218391418
1100110110011111010101100001100101010110111011110000011100000011111 0.9695000052452087
Generation 28
0001111010000011110111111100100101010110010001110001101000000111011 0.9797999858856201
0001111010000011110111111100100101010110010001110001101000000111011 0.9797999858856201
0001111010000011110111111100100101010010010011100101011010000111011 0.9787999987602234
0001111010000011010101110001100101010011010001110011111010000111011 0.9757000207901001
0001111010000011110111111100100101010010010011100111011000000111011 0.9753000140190125
0001111010000011110101111100100101010010010011100111011000000111011 0.9751999974250793
1101111010000011010101100001100101010110111011110001011000000011111 0.9745000004768372
0001111011000011010101110011100100010011010001011101011000000111011 0.9743000268936157
0001111010000011010101110001100101010011010001110001101010000111011 0.9740999937057495
0000110110010001010101110001100101010011010101011111011000010111101 0.9732000231742859
0001111010000011010101110011100101010011010001011111011000000111011 0.9732000231742859
1101111010000011010101100001100101010110111011110001011100010011111 0.9731000065803528
0000111110011111010101111110100101010110111001110001101010000111011 0.9725000262260437
1101111010000011010101100001100101010110111011110001011000010011111 0.972100019454956
0000111110010001010111110001100101010011010001011111011000000111011 0.9718999862670898
0000110110010001010100110001100101010011010101011111011100010101100 0.9718999862670898
0000110110011111010101111110100101010110111001110001101010000111011 0.9717000126838684
1100110110010011010101100001100101010110111011110001011100000011111 0.9715999960899353
0000110110011111010101111110100100010110111011110001011000000111011 0.9714000225067139
0000111110011111010101111100000000010110111011110001011000001111011 0.97079998254776
0001111010000011010101111100100101010010111011100001011000001111011 0.97079998254776
1100110110011111010101100001100101000110111011110101011000000011111 0.9702000021934509
1101111010000011010101100001100101010110111011110001011000001011111 0.9697999954223633
0000111110011111010101111110100101000111010011110001011000000011111 0.9696999788284302
0000110110010011110101110011100101010010010011101111011000000111011 0.9696999788284302
0000110110010001010101110001100101010110010101110001011100010111100 0.9696000218391418
Generation 29
0001111010000011110111111100100101010110010001110001101000000111011 0.9797999858856201
0001111010000011110111111100100101010110010001110001101000000111011 0.9797999858856201
0001111010000011110111111100100101010010010011100101011010000111011 0.9787999987602234
0001111010000011010101110001100101010011010001110011111010000111011 0.9757000207901001
0001111010000011110111111100100101010010010011100111011000000111011 0.9753000140190125
0001111010000011110101111100100101010010010011100111011000000111011 0.9751999974250793
1101111010000011010101100001100101010110111011110001011000000011111 0.9745000004768372
0001111011000011010101110011100100010011010001011101011000000111011 0.9743000268936157
0001111010000011010101110001100101010011010001110001101010000111011 0.9740999937057495
0000110110010001010101110001100101010011010101011111011000010111101 0.9732000231742859
0001111010000011010101110011100101010011010001011111011000000111011 0.9732000231742859
1101111010000011010101100001100101010110111011110001011100010011111 0.9731000065803528
0001111010000011010101110001100100010011010001111101011000000111011 0.9729999899864197
0000111110011111010101111110100101010110111001110001101010000111011 0.9725000262260437
1101111010000011010101100001100101010110111011110001011000010011111 0.972100019454956
0000111110010001010111110001100101010011010001011111011000000111011 0.9718999862670898
0000110110010001010100110001100101010011010101011111011100010101100 0.9718999862670898
0000110110011111010101111110100101010110111001110001101010000111011 0.9717000126838684
1100110110010011010101100001100101010110111011110001011100000011111 0.9715999960899353
0000110110011111010101111110100100010110111011110001011000000111011 0.9714000225067139
0000111110011111010101111100000000010110111011110001011000001111011 0.97079998254776
0001111010000011010101111100100101010010111011100001011000001111011 0.97079998254776
0001111011000011010101110011100100010011010001110101011000000111011 0.97079998254776
1100110110011111010101100001100101000110111011110101011000000011111 0.9702000021934509
1101111010000011010101100001100101010110111011110001011000001011111 0.9697999954223633
0000111110011111010101111110100101000111010011110001011000000011111 0.9696999788284302
Generation 30
0001111010000011110111111100100101010110010001110001101000000111011 0.9797999858856201
0001111010000011110111111100100101010110010001110001101000000111011 0.9797999858856201
0001111010000011110111111100100101010010010011100101011010000111011 0.9787999987602234
0001111010000011010101110001100101010011010001110011111010000111011 0.9757000207901001
0001111010000011110111111100100101010010010011100111011000000111011 0.9753000140190125
0001111010000011110101111100100101010010010011100111011000000111011 0.9751999974250793
0001111010000011110111111100100101010110010001011101011000000111011 0.9750000238418579
0000110110010001010101110001100101010010010101011111011000010111101 0.9747999906539917
1101111010000011010101100001100101010110111011110001011000000011111 0.9745000004768372
0001111011000011010101110011100100010011010001011101011000000111011 0.9743000268936157
0001111010000011010101110001100101010011010001110001101010000111011 0.9740999937057495
0001111010000011010101110011100101010011010001011111011000000111011 0.9732000231742859
1101111010000011010101100001100101010110111011110001011100010011111 0.9731000065803528
0001111010000011010101110001100100010011010001111101011000000111011 0.9729999899864197
0000111110011111010101111110100101010110111001110001101010000111011 0.9725000262260437
1101111010000011010101100001100101010110111011110001011000010011111 0.972100019454956
0000111110010001010111110001100101010011010001011111011000000111011 0.9718999862670898
0000110110010001010100110001100101010011010101011111011100010101100 0.9718999862670898
0000110110011111010101111110100101010110111001110001101010000111011 0.9717000126838684
1100110110010011010101100001100101010110111011110001011100000011111 0.9715999960899353
0000110110011111010101111110100100010110111011110001011000000111011 0.9714000225067139
0000111110011111010101111100000000010110111011110001011000001111011 0.97079998254776
0001111010000011010101111100100101010010111011100001011000001111011 0.97079998254776
0001111011000011010101110011100100010011010001110101011000000111011 0.97079998254776
0000110111010001110101110101100101010011010101011001101000010111101 0.9706000089645386
0000111110010001010101110001100101010011010001110001101010000111011 0.9706000089645386
[0.9406999945640564, 0.951200008392334, 0.964900016784668, 0.964900016784668, 0.964900016784668, 0.964900016784668, 0.968999981880188, 0.968999981880188, 0.9713000059127808, 0.9715999960899353, 0.9715999960899353, 0.9715999960899353, 0.9731000065803528, 0.9731000065803528, 0.9731000065803528, 0.9731000065803528, 0.9731000065803528, 0.9745000004768372, 0.9745000004768372, 0.9745000004768372, 0.9745000004768372, 0.9745000004768372, 0.9745000004768372, 0.9751999974250793, 0.9753000140190125, 0.9797999858856201, 0.9797999858856201, 0.9797999858856201, 0.9797999858856201, 0.9797999858856201]
[0, 0, 0, 1, 1, 1, 1, 0, 1, 0, 0, 0, 0, 0, 1, 1, 1, 1, 0, 1, 1, 1, 1, 1, 1, 1, 0, 0, 1, 0, 0, 1, 0, 1, 0, 1, 0, 1, 1, 0, 0, 1, 0, 0, 0, 1, 1, 1, 0, 0, 0, 1, 1, 0, 1, 0, 0, 0, 0, 0, 0, 1, 1, 1, 0, 1, 1] 0.9797999858856201 0.7756749888261159