Downloading data from https://storage.googleapis.com/tensorflow/tf-keras-datasets/mnist.npz
11490434/11490434 [==============================] - 0s 0us/step
Generation 1
0000001111111111000101101101011011100100001001010000011110011111100 0.7792999744415283
1100101000001100011101110100000100000101011110110010011111011010001 0.09860000014305115
0000100010111111011011111010110110001101001111110101101111000001100 0.09799999743700027
0100101011010001010111100011101110110001100111111011100111110011011 0.8497999906539917
0000100011111000100001111011000011110101000010001011111011000011101 0.42160001397132874
0000101110011100110001001000110011110001011001010100010011011100101 0.9628999829292297
1100011000010011000100011010101111111000100110110100101110010111001 0.8623999953269958
1000011000010100000111001111111111101010100100101110000111000111011 0.6725000143051147
1000001101010111101100101111011011100110010100101000110000011100000 0.12120000272989273
0101000100011100000100010110010101000011100000110101000010011101010 0.6470000147819519
1001011000000111011010000011100110111111101110101011000011110000001 0.0794999971985817
1000010100010000111010010100101001001101101111101001101001110011001 0.15029999613761902
1100100100011000011010011000100110111001101101011110101100110010001 0.07810000330209732
1100000110100000100100001111000001110100001100100101000000100101010 0.7858999967575073
1100001111100101111011000000000110111110011010000010100001000100111 0.738099992275238
0000110111110101101011100001000001100001000100100111110011001011101 0.9233999848365784
1100011011000001101011101110101010001101000011110000111111011000101 0.8848000168800354
0001110110000010111000111101111110100100100011100011010011001101101 0.9269999861717224
0100111000011101010011001001010100101010111101011100111101011011111 0.8805000185966492
0000011111110001001111101100010010111100001100010111010000111010100 0.4066999852657318
1000010010110000111110100100110110100001000011101001010011111001000 0.09989999979734421
0001100101100110000001010001011011110111011001110000011010010110011 0.1111999973654747
1000100101110111110011001001010011000011101110010010110000101001011 0.11100000143051147
1100101000010010101111110010000001010110100100110001001011000111010 0.45570001006126404
0100111010000111111011001110111010000100011000110110001011010001101 0.09799999743700027
[0.9628999829292297]
[0, 0, 0, 0, 1, 0, 1, 1, 1, 0, 0, 1, 1, 1, 0, 0, 1, 1, 0, 0, 0, 1, 0, 0, 1, 0, 0, 0, 1, 1, 0, 0, 1, 1, 1, 1, 0, 0, 0, 1, 0, 1, 1, 0, 0, 1, 0, 1, 0, 1, 0, 0, 0, 1, 0, 0, 1, 1, 0, 1, 1, 1, 0, 0, 1, 0, 1] 0.9628999829292297 0.8097113492813978
Generation 2
0000101110011100110001001000110011110001011001010100010011011100101 0.9628999829292297
0000101110011100110001001000110011110001011001010100010011011100101 0.9628999829292297
1000010100010000111110010100101001001010101111101101111101011011111 0.9458000063896179
0001110110000010111010111101111110100001000100100111010011001011101 0.941100001335144
0000110111110101101001100001000001100100100111100011110011001101101 0.9354000091552734
0001110110000010111000111101111110100100100011100011010011001101101 0.9269999861717224
0000110111110101101011100001000001100001000100100111110011001011101 0.9233999848365784
1000011100010100000111001011101110110001100111111011100111100111011 0.9128999710083008
0000110111110101111011100001000001100101000100100000010011011011101 0.8934000134468079
0100111000011101010011001001010110101010111101010100101111010011111 0.8921999931335449
1001110110000011000100011010101111011000100011110011010011001101001 0.8855000138282776
1100011011000001101011101110101010001101000011110000111111011000101 0.8848000168800354
0100111000011101010011001001010100101010111101011100111101011011111 0.8805000185966492
1100011000010011000100011010101111111000100110110100101110010111001 0.8623999953269958
0000110111010101101011100001000001100001000100100111100111111011011 0.8557000160217285
0100101011010001010111100011101110110001100111111011100111110011011 0.8497999906539917
0100011000010010111000111101111110100100100110110100111110010111001 0.8421000242233276
1100011000010011000100011010101111111000100110111100111100011111001 0.8270000219345093
1100110101110101101000001111000001100001000100100111110011001101111 0.8241999745368958
0100101011010001010111100111111111101011100100101110000111010011011 0.8104000091552734
1101000100011100000000010110010100111111110000110101000010011101010 0.8011999726295471
1100000110100000100100001111000001110100001100100101000000100101010 0.7858999967575073
0000001111111111000101101101011011100100001001010000011110011111100 0.7792999744415283
1100011000010011000100011111011111111000100110100101000010010111011 0.7710999846458435
1100001111100101111011000000000110111110011010000010100001000100111 0.738099992275238
0000001111111111000101101101011011100100001101010111111100001111100 0.7267000079154968
Generation 3
0000101110011100110001001000110011110001011001010100010011011100101 0.9628999829292297
0000101110011100110001001000110011110001011001010100010011011100101 0.9664999842643738
1000010100010000111110010100101001001010101111101101111101011011111 0.9458000063896179
1001110110000011000100011010101111011000100001110011000011001101101 0.9433000087738037
0001110110000010111010111101111110100001000100100111010011001011101 0.941100001335144
0001110110000010111010111101111110100001000100100011010011011011101 0.9401999711990356
0000110111110101101001100001000001100100100111100011110011001101101 0.9354000091552734
1000011100010100000111001011101110110111100111111011110111100111011 0.9330000281333923
0001110110000010111000111101111110100100100011100011010011001101101 0.9269999861717224
0000110111110101101011100001000001100001000100100111110011001011101 0.9233999848365784
1000011100010100000111001011101110110001100111111011100111100111011 0.9128999710083008
0000110111110101111011100000000001100101000100100100010011001011101 0.9121999740600586
1101001100011100000000010110010100111111111101011101000101011011111 0.9096999764442444
0001110110000010111001101000110010110001010100100111010011011111101 0.909500002861023
0001110100000010111010111101111110100000100011110111010011001101001 0.9092000126838684
0001110110000010111000111101111110100100101111101101111101011111001 0.9014999866485596
0000110111110101111011100001000001100101000100100000010011011011101 0.8934000134468079
0100111000011101010011001001010110101010111101010100101111010011111 0.8921999931335449
1001110110000011000100011010101111011000100011110011010011001101001 0.8855000138282776
1100011011000001101011101110101010001101000011110000111111011000101 0.8848000168800354
0100111000011101010011001001010100101010110000110100111010011101010 0.8848000168800354
0000100111110101101011100101000001100001000100110100100010001011101 0.8830999732017517
0100111000011101010011001001010100101010111101011100111101011011111 0.8805000185966492
1100011000010011000100011010101111111000100110110100101110010111001 0.8623999953269958
0000110111010101101011100001000001100001000100100111100111111011011 0.8557000160217285
0100101011010001010111100011101110110001100111111011100111110011011 0.8497999906539917
Generation 4
0000101110011100110001001000110011110001011001010100010011011100101 0.9664999842643738
0000101110011100110001001000110011110001011001010100010011011100101 0.9664999842643738
0001110110000011000101011010101111011000100011110011010011001111101 0.9593999981880188
0000010100011100000000010110010001100100100111100011110011010011111 0.9490000009536743
1001110110000011000100011010101111011000100001110011000011001101101 0.9483000040054321
1000010100010000111110010100101001001010101111101101111101011011111 0.9458000063896179
0001110110000010111010111101111110100001000100100111010011001011101 0.941100001335144
0001110110000010111010111101111110100001000100100011010011011011101 0.9401999711990356
0000110111110101101001100001000001100100100111100011110011001101101 0.9394999742507935
0001110110000010111001101101111110100001010100100111010011000111101 0.933899998664856
0001110110000010111000111101111110100100100011100011010011001101101 0.9336000084877014
1000011100010100000111001011101110110111100111111011110111100111011 0.9330000281333923
0001110110000010111010111101111110100001000100100111010110010111001 0.9305999875068665
0001110110000010111010101000110010110001000100100111010011011011101 0.9297000169754028
0000110111110101101011100001000001100001000100100111110011001011101 0.9233999848365784
0001110110000010111010011101111110101010110000110111010011011111001 0.9146999716758728
1000010100010000111110010100101001110001100111101101111101011101011 0.913100004196167
1000011100010100000111001011101110110001100111111011100111100111011 0.9128999710083008
0000110111110101111011100000000001100101000100100100010011001011101 0.9121999740600586
1101001100011100000000010110010100111111111101011101000101011011111 0.9096999764442444
0001110100000010111010111101111110100000100011110111010011001101001 0.9092000126838684
0001110110000010111000111101111001100100100111100011111111011111101 0.902999997138977
0001110110000010111000111101111110100100101111101101111101011111001 0.9014999866485596
0000110111110101111011100001000001100101000100100000010011011011101 0.8934000134468079
0100111000011101010011001001010110101010111101010100101111010011111 0.8921999931335449
1001110110000011000100011010101111011000100011110011010011001101001 0.8855000138282776
Generation 5
0000101110011100110001001000110011110001011001010100010011011100101 0.9664999842643738
0000101110011100110001001000110011110001011001010100010011011100101 0.9664999842643738
0001110110000010111000111101111001100110111101010111111111010011111 0.9627000093460083
0000101111011100110001001000110011110001011111101101111101011100101 0.9614999890327454
0001110110000011000101011010101111011000100011110011010011001111101 0.9593999981880188
0000110110110101101001100001000001100100100111100011110010001101101 0.9520999789237976
0000010100011100000000010110010001100100100111100011110011010011111 0.9490000009536743
1001110110000011000100011010101111011000100001110011000011001101101 0.9483000040054321
1000010100010000111110010100101001001010101111101101111101011011111 0.9458000063896179
0000110110011100110001001000110011110001011001010100010011111111101 0.9435999989509583
0000110111110101101001100001000001100100100111100011110011001101101 0.9434000253677368
0001110110000010111010111101111110100001000100100111010011001011101 0.941100001335144
0001110110000010111010111101111110100001000100100011010011011011101 0.9401999711990356
0001110110000010111001101101111110100001010100100111010011000111101 0.933899998664856
0001110110000010111000111101111110100100100011100011010011001101101 0.9336000084877014
1000011100010100000111001011101110110111100111111011110111100111011 0.9330000281333923
0000110111110111111011100000000001100101000101100100010011001111101 0.9320999979972839
0001110110000010111010111101111110100001000100100111010110010111001 0.9305999875068665
0001110110000010111010101000110010110001000100100111010011011011101 0.9297000169754028
0000110111110101101011100001000001100001000100100111110011001011101 0.9233999848365784
1101001100011100000000010110011100111101111101011101000101011011111 0.9199000000953674
1000010100010000111110010100101001001010101001010100010011011011111 0.9169999957084656
0001110110000010111010011101111110101010110000110111010011011111001 0.9146999716758728
1000010100010000111110010100101001110001100111101101111101011101011 0.913100004196167
1000011100010100000111001011101110110001100111111011100111100111011 0.9128999710083008
1001110110000011000100011010101111011000100001110011010111100111001 0.9128999710083008
Generation 6
0000101110011100110001001000110011110001011001010100010011011100101 0.9664999842643738
0000101110011100110001001000110111110101100011100011010011001100101 0.9671000242233276
0000101110011100110001001000110011110001011001010100010011011100101 0.9664999842643738
0000110110011101110001001000110011110001011001010100010011001111100 0.963699996471405
0001110110000010111000111101111001100110111101010111111111010011111 0.9627000093460083
0000101111011100110001001000110011110001011111101101111101011100101 0.9614999890327454
0001110110000011000101011010101111010100100111100011110011001111101 0.9606999754905701
0001110110000011000101011010101111011000100011110011010011001111101 0.9593999981880188
0000101111000010111000111101111110100100100011100011010011001101101 0.9567999839782715
0000110110011100110001001100110011110001011001010100010011111100111 0.9559000134468079
0000010100011100000000010110010011101000100011110011010011010011111 0.9546999931335449
0000110110110101101001100001000001100100100111100011110010001101101 0.9520999789237976
0000010100011100000000010110010001100100100111100011110011010011111 0.9490000009536743
1001110110000011000100011010101111011000100001110011000011001101101 0.9483000040054321
0001110110000010111000111101111010100100011001010100010011011101101 0.946399986743927
1000010100010000111110010100101001001010101111101101111101011011111 0.9458000063896179
0001110110000010111000111101111110100100100011100011010001011001111 0.9437000155448914
0000110111110101101001100001000001100100100111100011110011001101101 0.9434000253677368
0000110111110001101001100001000001100100100111101011110001111111101 0.9412999749183655
0001110110000010111010111101111110100001000100100111010011001011101 0.941100001335144
0001110110000010111010111101111110100001000100100011010011011011101 0.9401999711990356
1000010100010000111110010100101001001010100111111011110111101011111 0.9373999834060669
0001110110000010111001101101111110100001010100100111010011000111101 0.933899998664856
0001110110000010111000111101111110100100100011100011010011001101101 0.9336000084877014
1000011100010100000111001011101110110111100111111011110111100111011 0.9330000281333923
0000110111110111111011100000000001100101000101100100010011001111101 0.9320999979972839
Generation 7
0000101110011100110001001000110111110101100011100011010011001100101 0.9671000242233276
0001110110000010000001011010101111011000110011110011010011001111101 0.9681000113487244
0000101110011100110001001000110111110101100011100011010011001100101 0.9671000242233276
0000101110011100110001001000110011110001011001010100010011011100101 0.9664999842643738
0001110100000011000101011110101111011000100011110011010011001111100 0.9653000235557556
0000110110011101110001001000110011110001011001010100010011001111100 0.963699996471405
0001110110000010111010111111111110101100100011100111010111011001111 0.9631999731063843
0001110110000010111000111101111001100110111101010111111111010011111 0.9627000093460083
0000101110011100110001001000110011110001011001000100010011011111101 0.9620000123977661
0000101111011100110001001000110011110001011111101101111101011100101 0.9614999890327454
0001110110000011000101011010101111010100100111100011110011001111101 0.9606999754905701
0001110110000011000101011010101111011000100011110011010011001111101 0.9593999981880188
0000101111000010111000111101111110100100100011100011010011001101101 0.9567999839782715
0001110110000011111000111100110011110001011001010100010011001111101 0.9567999839782715
0000110110010101110001001000110011110001011001010100010011001111100 0.9560999870300293
0000110110011100110001001100110011110001011001010100010011111100111 0.9559000134468079
0000010100011100000000010110010011101000100011110011010011010011111 0.9546999931335449
0001110110000010111000111101111010100100011001010101010010011001111 0.9546999931335449
0000110110110101101001100001000001100100100111100011110010001101101 0.9520999789237976
0000010100011100000000010110010001100100100111100011110011010011111 0.9490000009536743
0001110110000011000101011010101111010101000101100101110011001111101 0.9484999775886536
1001110110000011000100011010101111011000100001110011000011001101101 0.9483000040054321
0001110110000010111010111101111110100001000100100111010001111111101 0.9465000033378601
0001110110000010111000111101111010100100011001010100010011011101101 0.946399986743927
1000010100010000111110010100101001001010101111101101111101011011111 0.9458000063896179
0001110110000010111001001101111110100001010100100111010011000100101 0.9449999928474426
Generation 8
0001110110000010000001011010101111011000110011110011010011001111101 0.9681000113487244
0001110110000010000001011010101111011000110011110011010011001111101 0.9681000113487244
0000101110011100110001001000110011110001111001101101111101011100101 0.9672999978065491
0000101110011100110001001000110111110101100011100011010011001100101 0.9671000242233276
0000101110011100110001001000110011110001011001010100010011011100101 0.9664999842643738
0001110110000010111010111111111110101100100011100111011101011001111 0.965499997138977
0001110100000011000101011110101111011000100011110011010011001111100 0.9653000235557556
0001110110000010111010111111111010101101011011100111010011011011111 0.9650999903678894
0001110110000010000101011010101111010100100111100011110011001111101 0.9639000296592712
0000110110011101110001001000110011110001011001010100010011001111100 0.963699996471405
0001110110000010111010111111111110101100100011100111010111011001111 0.9631999731063843
0001110110000010111000111101111001100110111101010111111111010011111 0.9627000093460083
0000101110011100110001001000110011110001011001000100010011011111101 0.9620000123977661
0000101111011100110001001000110011110001011111101101111101011100101 0.9614999890327454
0001110110000011000101011010101111010100100111100011110011001111101 0.9606999754905701
0000101111000010111000111101111111010100100111100011010011001111101 0.9599999785423279
0001110110000011000101011010101111011000100011110011010011001111101 0.9593999981880188
0000101110011100110001000000110011110010101111101101111011011111011 0.9592000246047974
0000101111000010111000111101111110100100100011100011010011001101101 0.9567999839782715
0001110110000011111000111100110011110001011001010100010011001111101 0.9567999839782715
0000101110000011000101011010101111010100100111100011110011011111101 0.95660001039505
0000110110010101110001001000110011110001011001010100010011001111100 0.9560999870300293
0000110110011100110001001100110011110001011001010100010011111100111 0.9559000134468079
0001110110000010111010111111111110101001011111101101011101011100101 0.9550999999046326
0000010100011100000000010110010011101000100011110011010011010011111 0.9546999931335449
0001110110000010111000111101111010100100011001010101010010011001111 0.9546999931335449
Generation 9
0001110110000010000001011010101111011000110011110011010011001111101 0.9681000113487244
0000101110011100110001001000110011110001011001011100010111011111100 0.9714000225067139
0001110110000010111000111101111010100100011101010111111111011011111 0.968999981880188
0001110110000010000001011010101111011000110011110011010011001111101 0.9681000113487244
0000101111000010111000111101111111110100111001100011010011001111101 0.9674000144004822
0000101110011100110001001000110011110001111001101101111101011100101 0.9672999978065491
0000101110011100110001001000110111110101100011100011010011001100101 0.9671000242233276
0000101110011100110001001000110011110001111111101101111101010100101 0.9670000076293945
0000101111011100110001001000110011110001011001101101111101011100101 0.9668999910354614
0000101110011100110001001000110011110001011001010100010011011100101 0.9664999842643738
0001110110000010111010111111111110101100100011100111011101011001111 0.965499997138977
0001110100000011000101011110101111011000100011110011010011001111100 0.9653000235557556
0001110110000010111010111111111010101101011011100111010011011011111 0.9650999903678894
0001110110000010111000111101111001100110111001010101010010010001111 0.9648000001907349
0001110110000010000101011010101111010100100111100011110011001111101 0.9639000296592712
0000110110011101110001001000110011110001011001010100010011001111100 0.963699996471405
0001110110000010111010111111111110101100100011100111010111011001111 0.9631999731063843
0000101110011100110001001000110011110001011001000100010011011111101 0.9620000123977661
0000101111011100110001001000110011110001011111101101111101011100101 0.9614999890327454
0001110110000011000101011010101111010100100111100011110011001111101 0.9606999754905701
0000101111011100110001001000110011110000100011101011111101011100101 0.9602000117301941
0000101111000010111000111101111111010100100111100011010011001111101 0.9599999785423279
0001110110000011000101011010101111011000100011110011010011001111101 0.9593999981880188
0000101110011100110001000000110011110010101111101101111011011111011 0.9592000246047974
0000101010011100110001001000110011110001011101000100010011011111101 0.9591000080108643
0000101111000010111000111101111110100100100011100011010011001101101 0.9567999839782715
Generation 10
0000101110011100110001001000110011110001011001011100010111011111100 0.9714000225067139
0000101110011100110001001000110011110001011001011100010111011111100 0.9714000225067139
0001110110000010111000111101111010100100011101010111111111011011111 0.968999981880188
0001110110000010000001011010101111011000110011110011010011001111101 0.9681000113487244
0000101111011100110001001000110111110001111001101101111101010100101 0.9674999713897705
0000101111000010111000111101111111110100111001100011010011001111101 0.9674000144004822
0000101110011100110001001000110011110001111001101101111101011100101 0.9672999978065491
0000101110011100110001001000110111110101100011100011010011001100101 0.9671000242233276
0000101110011100110001001000110011110001111111101101111101010100101 0.9670000076293945
0000101110011100110001001000110011110001011001010100010011011100101 0.9664999842643738
0001110110000010111010111111111110101100100011100111011101011001111 0.965499997138977
0001110100000011000101011110101111011000100011110011010011001111100 0.9653000235557556
0001110110000010111010111111111010101101011011100111010011011011111 0.9650999903678894
0001110110000010111000111101111001100110111001010101010010010001111 0.9648000001907349
0001110110000010111000111101111001100110111001011101111011010001111 0.9645000100135803
0001110110000010000101011010101111010100100111100011110011001111101 0.9639000296592712
0000110110011101110001001000110011110001011001010100010011001111100 0.963699996471405
0001110110000010111010111111111110101100100011100111010111011001111 0.9631999731063843
0001010110000010111000111101111010100100011101010111111111011011111 0.9627000093460083
0100101111011100100001001000110011110101011111100011010001010100101 0.9624000191688538
0000101110011100110001001000110011110001011001000100010011011111101 0.9620000123977661
0000101111011100110001001000110011110001011111101101111101011100101 0.9614999890327454
0001110110000011000101011010101111010100100111100011110011001111101 0.9606999754905701
0000101111011100110001001000110011110000100011101011111101011100101 0.9602000117301941
0000101111000010111000111101111111010100100111100011010011001111101 0.9599999785423279
0000101010011100110001011000110011110001011101000100010011011111101 0.9596999883651733
Generation 11
0000101110011100110001001000110011110001011001011100010111011111100 0.9714000225067139
0000101110011100110001001000110011110001011001011100010111011111100 0.9714000225067139
0001110110000010111000111101111010100100011101010111111111011011111 0.968999981880188
0001110110000010000001011010101111011000110011110011010011001111101 0.9681000113487244
0000101111011100110001001000110111110001111001101101111101010100101 0.9674999713897705
0000101111000010111000111101111111110100111001100011010011001111101 0.9674000144004822
0000101110011100110001001000110011110001111001101101111101011100101 0.9672999978065491
0000101110011100110001001000110111110101100011100011010011001100101 0.9671000242233276
0000101110011100110001001000110011110001111111101101111101010100101 0.9670000076293945
0000101110011100110001001000110011110001011001010100010011011100101 0.9664999842643738
0001110110000010111010111111111110101100100011100111011101011001111 0.965499997138977
0001110100000011000101011110101111011000100011110011010011001111100 0.9653000235557556
0001110110000010111010111111111010101101011011100111010011011011111 0.9650999903678894
0001110110000010111000111101111001100110111001010101010010010001111 0.9648000001907349
0001110110000010111000111101111001100110111001011101111011010001111 0.9645000100135803
0001110110000010000101011010101111010100100111100011110011001111101 0.9639000296592712
0000110110011101110001001000110011110001011001010100010011001111100 0.963699996471405
0001110110000010111010111111111110101100101001010101010001010001111 0.9635000228881836
0001110110000010111010111111111110101100100011100111010111011001111 0.9631999731063843
0001010110000010111000111101111010100100011101010111111111011011111 0.9627000093460083
0100101111011100100001001000110011110101011111100011010001010100101 0.9624000191688538
0001010110000010111000111101111010100100011001010101111111011011111 0.9624000191688538
0000101110011100110001001000110011110001011001000100010011011111101 0.9620000123977661
0000101111011100110001001101111110101100100011100111011101011100101 0.9616000056266785
0000101111011100110001001000110011110001011111101101111101011100101 0.9614999890327454
0001110110000011000101011010101111010100100111100011110011001111101 0.9606999754905701
Generation 12
0000101110011100110001001000110011110001011001011100010111011111100 0.9714000225067139
0000101110011100110001001000110011110001011001011100010111011111100 0.9714000225067139
0000101111000010111000111101111111110110111001011101010010001011111 0.9692999720573425
0001110110000010111000111101111010100100011101010111111111011011111 0.968999981880188
0001110110000010000001011010101111011000110011110011010011001111101 0.9681000113487244
0000101111011100110001001000110111110001111001101101111101010100101 0.9674999713897705
0000101110011100110001011000110111101100000011100111011111011100101 0.9674999713897705
0000101111000010111000111101111111110100111001100011010011001111101 0.9674000144004822
0000101110011100110001001000110011110001111001101101111101011100101 0.9672999978065491
0000101110011100110001001000110111110101100011100011010011001100101 0.9671000242233276
0000101110011100110001001000110011110001111111101101111101010100101 0.9670000076293945
0000101111011100110001001000110111110001011111101101111101010100101 0.9670000076293945
0000101111010010111001111101111010100100011101101111111101011011111 0.96670001745224
0000101110011100110001001000110011110001011001010100010011011100101 0.9664999842643738
0001110110000010111010111111111110101100100011100111011101011001111 0.965499997138977
0001110100000011000101011110101111011000100011110011010011001111100 0.9653000235557556
0001110110000010111010111111111010101101011011100111010011011011111 0.9650999903678894
0001110110000010111000111101111001100110111001010101010010010001111 0.9648000001907349
0001110110000010111000111101111001100110111001011101111011010001111 0.9645000100135803
0000101111011100110001001000110011110101011111101000011011010100101 0.9641000032424927
0001110110000010000101011010101111010100100111100011110011001111101 0.9639000296592712
0000110110011101110001001000110011110001011001010100010011001111100 0.963699996471405
0001110110000010111010111111111110101100101001010101010001010001111 0.9635000228881836
0001110110000010111010111111111110101100100011100111010111011001111 0.9631999731063843
0001010110000010111000111101111010100100011101010111111111011011111 0.9627000093460083
0100101111011100100001001000110011110101011111100011010001010100101 0.9624000191688538
Generation 13
0000101110011100110001001000110011110001011001011100010111011111100 0.9714000225067139
0000101110011100110001001000110011110001011001011100010111011111100 0.9714000225067139
0000101111000010111000111101111111110110111001011101010010001011111 0.9692999720573425
0001110110000010111000111101111010100100011101010111111111011011111 0.968999981880188
0001110010000010111010111111111110101100101001110101010001010001111 0.968500018119812
0001110110000010000001011010101111011000110011110011010011001111101 0.9681000113487244
0000101111011100110001001000110111110001111001101101111101010100101 0.9674999713897705
0000101110011100110001011000110111101100000011100111011111011100101 0.9674999713897705
0000101111000010111000111101111111110100111001100011010011001111101 0.9674000144004822
0000101110011100110001001000110011110001111001101101111101011100101 0.9672999978065491
0000101110011100110001001000110111110101100011100011010011001100101 0.9671000242233276
0000101110011100110001001000110011110001111111101101111101010100101 0.9670000076293945
0000101111011100110001001000110111110001011111101101111101010100101 0.9670000076293945
0000101111010010111001111101111010100100011101101111111101011011111 0.96670001745224
0000101110011100110001001000110011110001011001010100010011011100101 0.9664999842643738
0000101110011100110001001000110111110101100011100011011011001100101 0.9657999873161316
0001110110000010111010111111111110101100100011100111011101011001111 0.965499997138977
0001110100000011000101011110101111011000100011110011010011001111100 0.9653000235557556
0001110110000010111010111111111010101101011011100111010011011011111 0.9650999903678894
0001110110000010000001011110101111011000110011010011010011001111101 0.9649999737739563
0001110110000010111000111101111001100110111001010101010010010001111 0.9648000001907349
0001110110000010111000111101111001100110111001011101111011010001111 0.9645000100135803
0000101111011100110001001000110011110101011111101000011011010100101 0.9641000032424927
0001110110000010000101011010101111010100100111100011110011001111101 0.9639000296592712
0000110110011101110001001000110011110001011001010100010011001111100 0.963699996471405
0001110110000010111010111111111110101100101001010101010001010001111 0.9635000228881836
Generation 14
0000101110011100110001001000110011110001011001011100010111011111100 0.9714000225067139
0000101110011100110001001000110011110001011001011100010111011111100 0.9714000225067139
0000101111000010111000111101111111110110111001011101010010001011111 0.9692999720573425
0001110110000010111000111101111010100100011101010111111111011011111 0.968999981880188
0001110010000010111010111111111110101100101001110101010001010001111 0.968500018119812
0001110110000010000001011010101111011000110011110011010011001111101 0.9681000113487244
0000101111011100110001001000110111110001111001101101111101010100101 0.9674999713897705
0000101110011100110001011000110111101100000011100111011111011100101 0.9674999713897705
0000101111000010111000111101111111110100111001100011010011001111101 0.9674000144004822
0000101110011100110001001000110011110001111001101101111101011100101 0.9672999978065491
0000101110011100110001001000110111110101100011100011010011001100101 0.9671000242233276
0000101110011100110001001000110011110001111111101101111101010100101 0.9670000076293945
0000101111011100110001001000110111110001011111101101111101010100101 0.9670000076293945
0000101111010010111001111101111010100100011101101111111101011011111 0.96670001745224
0000101110011100110001001000110011110001011001010100010011011100101 0.9664999842643738
0000101110011100110001001000110111110101100011100011011011001100101 0.9657999873161316
0001110110000010111010111111111110101100100011100111011101011001111 0.965499997138977
0001110100000011000101011110101111011000100011110011010011001111100 0.9653000235557556
0001110110000010111010111111111010101101011011100111010011011011111 0.9650999903678894
0001110110000010000001011110101111011000110011010011010011001111101 0.9649999737739563
0001110110000010111000111101111001100110111001110111111111011011111 0.9649999737739563
0001110110000010111000111101111001100110111001010101010010010001111 0.9648000001907349
0001110110000010111000111101111001100110111001011101111011010001111 0.9645000100135803
0000101111011100110001001000110011110101011111101000011011010100101 0.9641000032424927
0001110110000010000101011010101111010100100111100011110011001111101 0.9639000296592712
0000110110011101110001001000110011110001011001010100010011001111100 0.963699996471405
Generation 15
0000101110011100110001001000110011110001011001011100010111011111100 0.9714000225067139
0001110010000010111010111111111110101101101001110101010001010011111 0.9746999740600586
0000101110011100110001001000110011110001011001011100010111011111100 0.9714000225067139
0001110010000010111010111111111110101100101001110011010001010011111 0.9699000120162964
0000101111000010111000111101111111110110111001011101010010001011111 0.9692999720573425
0001110110000010111000111101111010100100011101010111111111011011111 0.968999981880188
0001110010000010111010111111111110101100101001110101010001010001111 0.968500018119812
0001110110000010111010111111111010101101011011100111010011011011111 0.9684000015258789
0001110110000010000001011010101111011000110011110011010011001111101 0.9681000113487244
0000101111011100110001001000110111110001111001101101111101010100101 0.9674999713897705
0000101110011100110001011000110111101100000011100111011111011100101 0.9674999713897705
0000101111000010111000111101111111110100111001100011010011001111101 0.9674000144004822
0000101110011100110001001000110011110001111001101101111101011100101 0.9672999978065491
0000101110011100110001001000110111110101100011100011010011001100101 0.9671000242233276
0000101110011100110001001000110011110001111111101101111101010100101 0.9670000076293945
0000101111011100110001001000110111110001011111101101111101010100101 0.9670000076293945
0000101111010010111001111101111010100100011101101111111101011011111 0.96670001745224
0000101110011100110001001000110011110001011001010100010011011100101 0.9664999842643738
0000101110011100110001001000110111110101100011100011011011001100101 0.9657999873161316
0001110110000010111010111111111110101100100011100111011101011001111 0.965499997138977
0001110100000011000101011110101111011000100011110011010011001111100 0.9653000235557556
0001110110000010000001011110101111011000110011010011010011001111101 0.9649999737739563
0001110110000010111000111101111001100110111001110111111111011011111 0.9649999737739563
0001110110000010111000111101111001100110111001010101010010010001111 0.9648000001907349
0001110110000010111000111101111001100110111001011101111011010001111 0.9645000100135803
0000101111011100110001001000110011110101011111101000011011010100101 0.9641000032424927
Generation 16
0001110010000010111010111111111110101101101001110101010001010011111 0.9746999740600586
0001110010000010111010111111111110101101101001110101010001010011111 0.9746999740600586
0000101110011100110001001000110011110001011001011100010111011111100 0.9714000225067139
0001110010000010111010111111111110101100101001110011010001010011111 0.9699000120162964
0000101111000010111000111101111111110110111001011101010010001011111 0.9692999720573425
0001110110000010111000111101111010100100011101010111111111011011111 0.968999981880188
0001110010000010111010111111111110101100101001110101010001010001111 0.968500018119812
0001110110000010111010111111111010101101011011100111010011011011111 0.9684000015258789
0001110110000010000001011010101111011000110011110011010011001111101 0.9681000113487244
0000101111011100110001011101110111110000111001100011011101011111100 0.9675999879837036
0000101111011100110001001000110111110001111001101101111101010100101 0.9674999713897705
0000101110011100110001011000110111101100000011100111011111011100101 0.9674999713897705
0000101111000010111000111101111111110100111001100011010011001111101 0.9674000144004822
0000101110011100110001001000110011110001111001101101111101011100101 0.9672999978065491
0000101110011100110001001000110111110101100011100011010011001100101 0.9671000242233276
0000101110011100110001001000110011110001111111101101111101010100101 0.9670000076293945
0000101111011100110001001000110111110001011111101101111101010100101 0.9670000076293945
0000101111010010111001111101111010100100011101101111111101011011111 0.96670001745224
0001110100000011000101011110101111011000100011010111010011011111101 0.96670001745224
0000101110011100110001001000110011110001011001010100010011011100101 0.9664999842643738
0000101110011100110001001000110111110101100011100011011011001100101 0.9657999873161316
0001110110000010111010111111111110101100100011100111011101011001111 0.965499997138977
0001110100000011000101011110101111011000100011110011010011001111100 0.9653000235557556
0001110110000010000010111111111110101100110011010011010011010011111 0.9653000235557556
0001110110000010000001011110101111011000110011010011010011001111101 0.9649999737739563
0001110110000010111000111101111001100110111001110111111111011011111 0.9649999737739563
Generation 17
0001110010000010111010111111111110101101101001110101010001010011111 0.9746999740600586
0001110010000010111010111111111110101101101001110101010001010011111 0.9746999740600586
0000101110011100110001001000110011110001011001011100010111011111100 0.9714000225067139
0001110010000010111010111111111110101100101001110011010001010011111 0.9699000120162964
0000101111000010111000111101111111110110111001011101010010001011111 0.9692999720573425
0001110110000010111000111101111010100100011101010111111111011011111 0.968999981880188
0001110010000010111010111111111110101100101001110101010001010001111 0.968500018119812
0000101110011100110001001000110111110101100011100011011011001100101 0.968500018119812
0001110110000010111010111111111010101101011011100111010011011011111 0.9684000015258789
0001110110000010000001011010101111011000110011110011010011001111101 0.9681000113487244
0000101111011100110001011101110111110000111001100011011101011111100 0.9675999879837036
0000101111011100110001001000110111110001111001101101111101010100101 0.9674999713897705
0000101110011100110001011000110111101100000011100111011111011100101 0.9674999713897705
0000101111000010111000111101111111110100111001100011010011001111101 0.9674000144004822
0000101110011100110001001000110011110001111001101101111101011100101 0.9672999978065491
0000101110011100110001001000110111110101100011100011010011001100101 0.9671000242233276
0000101110011100110001001000110011110001111111101101111101010100101 0.9670000076293945
0000101111011100110001001000110111110001011111101101111101010100101 0.9670000076293945
0000101111010010111001111101111010100100011101101111111101011011111 0.96670001745224
0001110100000011000101011110101111011000100011010111010011011111101 0.96670001745224
0000101110011100110001001000110011110001011001010100010011011100101 0.9664999842643738
0000101111011100110001001000110111110001011111101011111101011100101 0.9660000205039978
0000101110011100110001001000110011110001111111101001111101010100101 0.9659000039100647
0001110110000010111010111111111110101100100011100111011101011001111 0.965499997138977
0001110100000011000101011110101111011000100011110011010011001111100 0.9653000235557556
0001110110000010000010111111111110101100110011010011010011010011111 0.9653000235557556
Generation 18
0001110010000010111010111111111110101101101001110101010001010011111 0.9746999740600586
0001110010000010111010111111111110101100101001110011011101001011111 0.9761999845504761
0001110010000010111010111111111110101101101001110101010001010011111 0.9750999808311462
0001110100000011111001111101111011011000100011110011010011001111100 0.9747999906539917
0000101110011100110001001000110011110001011001011100010111011111100 0.9714000225067139
0000101111011010111001111111111010100100011101101111111111011011111 0.9699000120162964
0000101111000010111000111101111111110110111001011101010010001011111 0.9692999720573425
0001110110000010111000111101111010100100011101010111111111011011111 0.968999981880188
0001110010000010111010111111111110101100101001110101010001010001111 0.968500018119812
0000101110011100110001001000110111110101100011100011011011001100101 0.968500018119812
0001110110000010111010111111111010101101011011100111010011011011111 0.9684000015258789
0001110110000010000001011010101111011000110011110011010011001111101 0.9681000113487244
0000101111011100110001011101110111110000111001100011011101011111100 0.9675999879837036
0001110010000010111010111111111110101101101001110101110000010011111 0.9675999879837036
0000101111011100110001001000110111110001111001101101111101010100101 0.9674999713897705
0000101110011100110001011000110111101100000011100111011111011100101 0.9674999713897705
0001110100000011000101011110101111011000110011010011010011001111100 0.9674999713897705
0000101111000010111000111101111111110100111001100011010011001111101 0.9674000144004822
0000101110011100110001001000110011110001111001101101111101011100101 0.9672999978065491
0000101110011100110001001000110111110101100011100011010011001100101 0.9671000242233276
0000101110011100110001001000110011110001111111101101111101010100101 0.9670000076293945
0000101111011100110001001000110111110001011111101101111101010100101 0.9670000076293945
0000101111010010111001111101111010100100011101101111111101011011111 0.96670001745224
0001110100000011000101011110101111011000100011010111010011011111101 0.96670001745224
0000101110011100110001001000110011110001011001010100010011011100101 0.9664999842643738
0000101111011100110001001000110111110001011111101011111101011100101 0.9660000205039978
Generation 19
0001110010000010111010111111111110101100101001110011011101001011111 0.9761999845504761
0001110010000010111010111111111110101100101001110011011101001011111 0.9761999845504761
0001110010000010111010111111111110101101101001110101010001010011111 0.9750999808311462
0001110100000011111001111101111011011000100011110011010011001111100 0.9747999906539917
0000101110011100110001001000110011110001011001011100010111011111100 0.9714000225067139
0001110010000010111010111111111010101101001001110101010011011001111 0.9714000225067139
0001110010000010111010111111111110101101101001111101110010001011111 0.9710999727249146
0000101111011010111001111111111010100100011101101111111111011011111 0.9699000120162964
0000101111000010111000111101111111110110111001011101010010001011111 0.9692999720573425
0001110110000010111010111011111110101100101001100111010011111011111 0.9690999984741211
0001110110000010111000111101111010100100011101010111111111011011111 0.968999981880188
0001110100000011000101011110101111011000110011010011010011001111100 0.9689000248908997
0000101110011100110001001000110111110101100011100011011011001100101 0.968500018119812
0001110110000010111010111111111010101101011011100111010011011011111 0.9684000015258789
0001110110000010000001011010101111011000110011110011010011001111101 0.9681000113487244
0000101111011100110001011101110111110000111001100011011101011111100 0.9675999879837036
0001110010000010111010111111111110101101101001110101110000010011111 0.9675999879837036
0000101111011100110001001000110111110001111001101101111101010100101 0.9674999713897705
0000101110011100110001011000110111101100000011100111011111011100101 0.9674999713897705
0000101111000010111000111101111111110100111001100011010011001111101 0.9674000144004822
0000101110011100110001001000110011110001111001101101111101011100101 0.9672999978065491
0000101110011100110001001000110111110101100011100011010011001100101 0.9671000242233276
0000101110011100110001001000110011110001111111101101111101010100101 0.9670000076293945
0000101111011100110001001000110111110001011111101101111101010100101 0.9670000076293945
0000101111010010111001111101111010100100011101101111111101011011111 0.96670001745224
0001110100000011000101011110101111011000100011010111010011011111101 0.96670001745224
Generation 20
0001110010000010111010111111111110101100101001110011011101001011111 0.9761999845504761
0001110100000011111001111101111011011000100011110011010111011111100 0.9778000116348267
0001110010000010111010111111111110101100101001110011011101001011111 0.9761999845504761
0001110010000010111010111111111110101101101001110101010001010011111 0.9750999808311462
0001110100000011111001111101111011011000100011110011010011001111100 0.9747999906539917
0000101110011100110001001000110011110001011001011100010111011111100 0.9714000225067139
0001110010000010111010111111111010101101001001110101010011011001111 0.9714000225067139
0001110010000010111010111111111110101101101001111101110010001011111 0.9710999727249146
0000101111011010111001111111111010100100011101101111111111011011111 0.9699000120162964
0000101111000010111000111101111111110110111001011101010010001011111 0.9692999720573425
0001110110000010111010111011111110101100101001100111010011111011111 0.9690999984741211
0001110110000010111000111101111010100100011101010111111111011011111 0.968999981880188
0001110100000011000101011110101111011000110011010011010011001111100 0.9689000248908997
0000101110011100110001001000110111110101100011100011011011001100101 0.968500018119812
0001110110000010111010111111111010101101011011100111010011011011111 0.9684000015258789
0001110110000010000001011010101111011000110011110011010011001111101 0.9681000113487244
0000101111011100110001011101110111110000111001100011011101011111100 0.9675999879837036
0001110010000010111010111111111110101101101001110101110000010011111 0.9675999879837036
0000101111011100110001001000110111110001111001101101111101010100101 0.9674999713897705
0000101110011100110001011000110111101100000011100111011111011100101 0.9674999713897705
0000101111000010111000111101111111110100111001100011010011001111101 0.9674000144004822
0000101110011100110001001000110011110001111001101101111101011100101 0.9672999978065491
0000101110011100110001001000110111110101100011100011010011001100101 0.9671000242233276
0000101110011100110001001000110011110001111111101101111101010100101 0.9670000076293945
0000101111011100110001001000110111110001011111101101111101010100101 0.9670000076293945
0000101111010010111001111101111010100100011101101111111101011011111 0.96670001745224
Generation 21
0001110100000011111001111101111011011000100011110011010111011111100 0.9778000116348267
0001110100000011111001111101111011011000100011110011010111011111100 0.9778000116348267
0001110010000010111010111111111110101100101001110011011101001011111 0.9761999845504761
0001110010000010111010111111111110101101101001110101010001010011111 0.9750999808311462
0001110100000011111001111101111011011000100011110011010011001111100 0.9747999906539917
0000101110011000110001001000110110110101100011100011010011010111101 0.9735999703407288
0000101110011100110001001000110011110001011001011100010111011111100 0.9714000225067139
0001110010000010111010111111111010101101001001110101010011011001111 0.9714000225067139
0001110010000010111010111111111110101101101001111101110010001011111 0.9710999727249146
0000101111011010111001111111111010100100011101101111111111011011111 0.9699000120162964
0001110100000011000101011110101111011000110011110011010011001111100 0.9696999788284302
0000101111000010111000111101111111110110111001011101010010001011111 0.9692999720573425
0001110110000010111010111011111110101100101001100111010011111011111 0.9690999984741211
0001110110000010111000111101111010100100011101010111111111011011111 0.968999981880188
0001110100000011000101011110101111011000110011010011010011001111100 0.9689000248908997
0000101110011100110001001000110111110101100011100011011011001100101 0.968500018119812
0001110110000010111010111111111010101101011011100111010011011011111 0.9684000015258789
0001110110000010000001011010101111011000110011110011010011001111101 0.9681000113487244
0000101111011100110001011101110111110000111001100011011101011111100 0.9675999879837036
0001110010000010111010111111111110101101101001110101110000010011111 0.9675999879837036
0000101111011100110001001000110111110001111001101101111101010100101 0.9674999713897705
0000101110011100110001011000110111101100000011100111011111011100101 0.9674999713897705
0000101111000010111000111101111111110100111001100011010011001111101 0.9674000144004822
0000101110011100110001001000110011110001111001101101111101011100101 0.9672999978065491
0000101110011100110001001000110111110101100011100011010011001100101 0.9671000242233276
0000101110011100110001001000110011110001111111101101111101010100101 0.9670000076293945
Generation 22
0001110100000011111001111101111011011000100011110011010111011111100 0.9778000116348267
0001110100000011111001111101111011011000100011110011010111011111100 0.9778000116348267
0001110010000010111010111111111110101100101001110011011101001011111 0.9761999845504761
0001110010000010111010111111111110101101101001110101010001010011111 0.9750999808311462
0001110100000011111001111101111011011000100011110011010011001111100 0.9747999906539917
0001110110000010111011001000110011110101011011101101011111011011111 0.9743000268936157
0000101110011000110001001000110110110101100011100011010011010111101 0.9735999703407288
0000101110011100110001001000110011110001011001011100010111011111100 0.9714000225067139
0001110010000010111010111111111010101101001001110101010011011001111 0.9714000225067139
0001110010000010111010111111111110101101101001111101110010001011111 0.9710999727249146
0000101110011100110001001000110111110101100011100000010111001111100 0.9707000255584717
0000101111011010111001111111111010100100011101101111111111011011111 0.9699000120162964
0001110100000011000101011110101111011000110011110011010011001111100 0.9696999788284302
0000101111000010111000111101111111110110111001011101010010001011111 0.9692999720573425
0001110110000010111010111011111110101100101001100111010011111011111 0.9690999984741211
0001110110000010111000111101111010100100011101010111111111011011111 0.968999981880188
0001110100000011000101011110101111011000110011010011010011001111100 0.9689000248908997
0000101110011000110001001000110111101100000011100111011011010100101 0.9689000248908997
0000101110011100110001001000110111110101100011100011011011001100101 0.968500018119812
0001110110000010111010111111111010101101011011100111010011011011111 0.9684000015258789
0001110110000010000001011010101111011000110011110011010011001111101 0.9681000113487244
0000101111011100110001011101110111110000111001100011011101011111100 0.9675999879837036
0001110010000010111010111111111110101101101001110101110000010011111 0.9675999879837036
0000101111011100110001001000110111110001111001101101111101010100101 0.9674999713897705
0000101110011100110001011000110111101100000011100111011111011100101 0.9674999713897705
0000101111000010111000111101111111110100111001100011010011001111101 0.9674000144004822
Generation 23
0001110100000011111001111101111011011000100011110011010111011111100 0.9778000116348267
0001110100000011111001111101111011011000100011110011010111011111100 0.9778000116348267
0001110010000010111010111111111110101100101001110011011101001011111 0.9761999845504761
0001110010000010111010111111111110101101101001110101010001010011111 0.9750999808311462
0001110100000011111001111101111011011000100011110011010011001111100 0.9747999906539917
0001110110000010111011001000110011110101011011101101011111011011111 0.9743000268936157
0000101110011000110001001000110110110101100011100011010011010111101 0.9735999703407288
0000101110011100110001001000110011110001011001011100010111011111100 0.9714000225067139
0001110010000010111010111111111010101101001001110101010011011001111 0.9714000225067139
0001110010000010111010111111111110101101101001111101110010001011111 0.9710999727249146
0000101110011100110001001000110111110101100011100000010111001111100 0.9707000255584717
0000101111011010111001111111111010100100011101101111111111011011111 0.9699000120162964
0001110100000011000101011110101111011000110011110011010011001111100 0.9696999788284302
0000101111000010111000111101111111110110111001011101010010001011111 0.9692999720573425
0001110110000010111010111011111110101100101001100111010011111011111 0.9690999984741211
0001110110000010111000111101111010100100011101010111111111011011111 0.968999981880188
0001110100000011000101011110101111011000110011010011010011001111100 0.9689000248908997
0000101110011000110001001000110111101100000011100111011011010100101 0.9689000248908997
0000101110011100110001001000110111110101100011100011011011001100101 0.968500018119812
0001110110000010111010111111111010101101011011100111010011011011111 0.9684000015258789
0001100000000011111001111101111011011000100011101111111111011111100 0.9684000015258789
0001110110000010000001011010101111011000110011110011010011001111101 0.9681000113487244
0000101111011100110001011101110111110000111001100011011101011111100 0.9675999879837036
0001110010000010111010111111111110101101101001110101110000010011111 0.9675999879837036
0000101111011100110001001000110111110001111001101101111101010100101 0.9674999713897705
0000101110011100110001011000110111101100000011100111011111011100101 0.9674999713897705
Generation 24
0001110100000011111001111101111011011000100011110011010111011111100 0.9778000116348267
0001110100000011111001111101111011011000100011110011010111011111100 0.9778000116348267
0001110010000010111010111111111110101100101001110011011101001011111 0.9761999845504761
0001110010000010111010111111111110101101101001110101010001010011111 0.9750999808311462
0001110100000011111001111101111011011000100011110011010011001111100 0.9747999906539917
0001110110000010111011001000110011110101011011101101011111011011111 0.9743000268936157
0000101110011000110001001000110110110101100011100011010011010111101 0.9735999703407288
0000101110011100110001001000110011110001011001011100010111011111100 0.9714000225067139
0001110010000010111010111111111010101101001001110101010011011001111 0.9714000225067139
0001110010000010111010111111111110101101101001111101110010001011111 0.9710999727249146
0000101110011100110001001000110111110101100011100000010111001111100 0.9707000255584717
0000101111011010111001111111111110110101100011100011010101011111101 0.9706000089645386
0000101111011010111001111111111010100100011101101111111111011011111 0.9699000120162964
0001110100000011000101011110101111011000110011110011010011001111100 0.9696999788284302
0000101111000010111000111101111111110110111001011101010010001011111 0.9692999720573425
0001110110000010111010111011111110101100101001100111010011111011111 0.9690999984741211
0001110110000010111000111101111010100100011101010111111111011011111 0.968999981880188
0001110100000011000101011110101111011000110011010011010011001111100 0.9689000248908997
0000101110011000110001001000110111101100000011100111011011010100101 0.9689000248908997
0000101110011000110001001000110010100100011101101111111011010011111 0.9686999917030334
0000101110011100110001001000110111110101100011100011011011001100101 0.968500018119812
0001110110000010111010111111111010101101011011100111010011011011111 0.9684000015258789
0001100000000011111001111101111011011000100011101111111111011111100 0.9684000015258789
0001110110000010000001011010101111011000110011110011010011001111101 0.9681000113487244
0000101111011100110001011101110111110000111001100011011101011111100 0.9675999879837036
0001110010000010111010111111111110101101101001110101110000010011111 0.9675999879837036
Generation 25
0001110100000011111001111101111011011000100011110011010111011111100 0.9778000116348267
0001110100000011111001111101111011011000100011110011010111011111100 0.9778000116348267
0001110010000010111010111111111110101100101011101101011111011011111 0.9771000146865845
0001110010000010111010111111111110101100101001110011011101001011111 0.9761999845504761
0001110010000010111010111111111110101101101001110101010001010011111 0.9750999808311462
0001110100000011111001111101111011011000100011110011010011001111100 0.9747999906539917
0001110110000010111011001000110011110101011011101101011111011011111 0.9743000268936157
0000101111010010111011011101110011110000111001110011011101011111100 0.9743000268936157
0000101110011000110001001000110110110101100011100011010011010111101 0.9735999703407288
0000101110011100110001001000110011110001011001011100010111011111100 0.9714000225067139
0001110010000010111010111111111010101101001001110101010011011001111 0.9714000225067139
0001110010000010111010111111111110101101101001111101110010001011111 0.9710999727249146
0000101110011100110001001000110111110101100011100000010111001111100 0.9707000255584717
0000101111011010111001111111111110110101100011100011010101011111101 0.9706000089645386
0000101110011000110001001000110010100100011101101111011011000100101 0.9702000021934509
0000101111011010111001111111111010100100011101101111111111011011111 0.9699000120162964
0001110100000011000101011110101111011000110011110011010011001111100 0.9696999788284302
0000101111000010111000111101111111110110111001011101010010001011111 0.9692999720573425
0001110110000010111010111011111110101100101001100111010011111011111 0.9690999984741211
0001110110000010111000111101111010100100011101010111111111011011111 0.968999981880188
0001110100000011000101011110101111011000110011010011010011001111100 0.9689000248908997
0000101110011000110001001000110111101100000011100111011011010100101 0.9689000248908997
0000101110011000110001001000110010100100011101101111111011010011111 0.9686999917030334
0000101110011100110001001000110111110101100011100011011011001100101 0.968500018119812
0001110110000010111010111111111010101101011011100111010011011011111 0.9684000015258789
0001100000000011111001111101111011011000100011101111111111011111100 0.9684000015258789
Generation 26
0001110100000011111001111101111011011000100011110011010111011111100 0.9778000116348267
0001110100000011111001111101111011011000100011110011010111011111100 0.9778000116348267
0001110010000010111010111111111110101100101011101101011111011011111 0.9771000146865845
0001110010000010111010111111111110101100101001110011011101001011111 0.9761999845504761
0001110010000010111010111111111110101101101001110101010001010011111 0.9750999808311462
0001110100000011111001111101111011011000100011110011010011001111100 0.9747999906539917
0001110110000010111011001000110011110101011011101101011111011011111 0.9743000268936157
0000101111010010111011011101110011110000111001110011011101011111100 0.9743000268936157
0000101110011100110011001000111111110000111001110011011011001100101 0.9739000201225281
0000101110011000110001001000110110110101100011100011010011010111101 0.9735999703407288
0000101110011000110001001000110110100100011101100111011011010100101 0.9732000231742859
0000101110011100110001001000110011110001011001011100010111011111100 0.9714000225067139
0001110010000010111010111111111010101101001001110101010011011001111 0.9714000225067139
0001110010000010111010111000110110101100000011100111011001001011111 0.9711999893188477
0001110010000010111010111111111110101101101001111101110010001011111 0.9710999727249146
0000101110011100110001001000110111110101100011100000010111001111100 0.9707000255584717
0000101111011010111001111111111110110101100011100011010101011111101 0.9706000089645386
0000101110011000110001001000110010100100011101101111011011000100101 0.9702000021934509
0000101111011010111001111111111010100100011101101111111111011011111 0.9699000120162964
0001110100000011000101011110101111011000110011110011010011001111100 0.9696999788284302
0000101110011000110001001000110010100100000011100111011011010100101 0.9693999886512756
0000101111000010111000111101111111110110111001011101010010001011111 0.9692999720573425
0001110110000010111010111011111110101100101001100111010011111011111 0.9690999984741211
0001110110000010111000111101111010100100011101010111111111011011111 0.968999981880188
0001110100000011000101011110101111011000110011010011010011001111100 0.9689000248908997
0000101110010000110001001000110011101100000011101111111011010011111 0.9688000082969666
Generation 27
0001110100000011111001111101111011011000100011110011010111011111100 0.9778000116348267
0001110100000011111001111101111011011000100011110011010111011111100 0.9778000116348267
0001110010000010111010111111111110101100101011101101011111011011111 0.9771000146865845
0001110010000010111010111111111110101100101001110011011101001011111 0.9761999845504761
0001110010000010111010111111111110101101101001110101010001010011111 0.9750999808311462
0001110100000011111001111101111011011000100011110011010011001111100 0.9747999906539917
0001110110000010111011001000110011110101011011101101011111011011111 0.9743000268936157
0000101111010010111011011101110011110000111001110011011101011111100 0.9743000268936157
0000101110011100110011001000111111110000111001110011011011001100101 0.9739000201225281
0000101110011000110001001000110110110101100011100011010011010111101 0.9735999703407288
0000101110011000110001001000110110100100011101100111011011010100101 0.9732000231742859
0000101110011100110001001000110011110001011001011100010111011111100 0.9714000225067139
0001110010000010111010111111111010101101001001110101010011011001111 0.9714000225067139
0001110010000010111010111000110110101100000011100111011001001011111 0.9711999893188477
0001110010000010111010111111111110101101101001111101110010001011111 0.9710999727249146
0000101111010010111001011111111110110101110011100011010111111111100 0.9708999991416931
0000101110010000111000111101111010100100010011101111111111010011111 0.97079998254776
0000101110011100110001001000110111110101100011100000010111001111100 0.9707000255584717
0000101111011010111001111111111110110101100011100011010101011111101 0.9706000089645386
0000101110011000110001001000110010100100011101101111011011000100101 0.9702000021934509
0000101111011010111001111111111010100100011101101111111111011011111 0.9699000120162964
0001110100000011000101011110101111011000110011110011010011001111100 0.9696999788284302
0000101110011000110001001000110010100100000011100111011011010100101 0.9693999886512756
0000101111000010111000111101111111110110111001011101010010001011111 0.9692999720573425
0001110110000010111010111011111110101100101001100111010011111011111 0.9690999984741211
0001110110000010111000111101111010100100011101010111111111011011111 0.968999981880188
Generation 28
0001110100000011111001111101111011011000100011110011010111011111100 0.9778000116348267
0001110100000011111001111101111011011000100011110011010111011111100 0.9778000116348267
0001110010000010111010111111111110101100101011101101011111011011111 0.9771000146865845
0001110010000010111010111111111110101100101001110011011101001011111 0.9761999845504761
0001110010000010111010111111111110101101101001110101010001010011111 0.9750999808311462
0001110100000011111001111101111011011000100011110011010011001111100 0.9747999906539917
0001110110000010111011001000110011110101011011101101011111011011111 0.9743000268936157
0000101111010010111011011101110011110000111001110011011101011111100 0.9743000268936157
0000101110011100110011001000111111110000111001110011011011001100101 0.9739000201225281
0001110100000011000101011110101111011000110011110011010011001111100 0.9736999869346619
0000101110011000110001001000110110110101100011100011010011010111101 0.9735999703407288
0000101110011000110001001000110110100100011101100111011011010100101 0.9732000231742859
0000101110011100110001001000110011110001011001011100010111011111100 0.9714000225067139
0001110010000010111010111111111010101101001001110101010011011001111 0.9714000225067139
0001110010000010111010111000110110101100000011100111011001001011111 0.9714000225067139
0001110010000010111010111111111110101101101001111101110010001011111 0.9710999727249146
0000101111010010111001011111111110110101110011100011010111111111100 0.9708999991416931
0000101110010000111000111101111010100100010011101111111111010011111 0.97079998254776
0000101110011100110001001000110111110101100011100000010111001111100 0.9707000255584717
0000101111011010111001111111111110110101100011100011010101011111101 0.9706000089645386
0000101110011000110001001000110010100100011101101111011011000100101 0.9702000021934509
0000101111011010111001111111111010100100011101101111111111011011111 0.9699000120162964
0000101110011000110001001000110010100100000011100111011011010100101 0.9693999886512756
0000101111000010111000111101111111110110111001011101010010001011111 0.9692999720573425
0001110110000010111010111011111110101100101001100111010011111011111 0.9690999984741211
0001110110000010111000111101111010100100011101010111111111011011111 0.968999981880188
Generation 29
0001110100000011111001111101111011011000100011110011010111011111100 0.9778000116348267
0001110100000011111001111101111011011000100011110011010111011111100 0.9778000116348267
0001110010000010111010111111111110101100101011101101011111011011111 0.9771000146865845
0001110010000010111010111111111110101100101001110011011101001011111 0.9761999845504761
0001110010000010111010111111111110101101101001110101010001010011111 0.9750999808311462
0001110100000011111001111101111011011000100011110011010011001111100 0.9747999906539917
0001110110000010111011001000110011110101011011101101011111011011111 0.9743000268936157
0000101111010010111011011101110011110000111001110011011101011111100 0.9743000268936157
0000101110011100110011001000111111110000111001110011011011001100101 0.9739000201225281
0001110100000011000101011110101111011000110011110011010011001111100 0.9736999869346619
0000101110011000110001001000110110110101100011100011010011010111101 0.9735999703407288
0000101110011000110001001000110110100100011101100111011011010100101 0.9732000231742859
0000110111011010101011011101110011110000111001110011011101011111100 0.9728999733924866
0001110010000010111010111101111111110110111001011101011001001011111 0.9724000096321106
0000101110011100110001001000110011110001011001011100010111011111100 0.9714000225067139
0001110010000010111010111111111010101101001001110101010011011001111 0.9714000225067139
0001110010000010111010111000110110101100000011100111011001001011111 0.9714000225067139
0001110010000010111010111111111110101101101001111101110010001011111 0.9710999727249146
0000101111010010111001011111111110110101110011100011010111111111100 0.9708999991416931
0000101110010000111000111101111010100100010011101111111111010011111 0.97079998254776
0000101110011100110001001000110111110101100011100000010111001111100 0.9707000255584717
0000101111011010111001111111111110110101100011100011010101011111101 0.9706000089645386
0000101110011000110001001000110010100100011101101111011011000100101 0.9702000021934509
0000101111010010111011011101110011110000111001100011010001011111100 0.9702000021934509
0000101111011010111001111111111010100100011101101111111111011011111 0.9699000120162964
0000101110011000110001001000110010100100000011100111011011010100101 0.9693999886512756
Generation 30
0001110100000011111001111101111011011000100011110011010111011111100 0.9778000116348267
0001110100000011111001111101111011011000100011110011010111011111100 0.9778000116348267
0001110010000010111010111111111110101100101011101101011111011011111 0.9771000146865845
0001110010000010111010111111111110101100111001111011011000000011111 0.9767000079154968
0001110010000010111010111111111110101100101001110011011101001011111 0.9761999845504761
0001110010000010111010111111111110101100101001110011111101011011111 0.9760000109672546
0001110010000010111010111111111110101101101001110101010001010011111 0.9750999808311462
0001110100000011111001111101111011011000100011110011010011001111100 0.9747999906539917
0001110110000010111011001000110011110101011011101101011111011011111 0.9743000268936157
0000101111010010111011011101110011110000111001110011011101011111100 0.9743000268936157
0000101110011100110011001000111111110000111001110011011011001100101 0.9739000201225281
0001110100000011000101011110101111011000110011110011010011001111100 0.9736999869346619
0000101110011000110001001000110110110101100011100011010011010111101 0.9735999703407288
0000101110011000110001001000110110100100011101100111011011010100101 0.9732000231742859
0000110111011010101011011101110011110000111001110011011101011111100 0.9728999733924866
0001110010000010111010111101111111110110111001011101011001001011111 0.9724000096321106
0001110010000010111010111000110110101100000011100111011101001011111 0.9717000126838684
0000101110010010111010111000110110101100000011100111011001001011111 0.9715999960899353
0000101110011100110001001000110011110001011001011100010111011111100 0.9714000225067139
0001110010000010111010111111111010101101001001110101010011011001111 0.9714000225067139
0001110010000010111010111000110110101100000011100111011001001011111 0.9714000225067139
0001110010000010111010111111111110101101101001111101110010001011111 0.9710999727249146
0000101111010010111001011111111110110101110011100011010111111111100 0.9708999991416931
0000101110010000111000111101111010100100010011101111111111010011111 0.97079998254776
0000101110011100110001001000110111110101100011100000010111001111100 0.9707000255584717
0000101111011010111001111111111110110101100011100011010101011111101 0.9706000089645386
[0.9628999829292297, 0.9628999829292297, 0.9664999842643738, 0.9664999842643738, 0.9664999842643738, 0.9671000242233276, 0.9681000113487244, 0.9681000113487244, 0.9714000225067139, 0.9714000225067139, 0.9714000225067139, 0.9714000225067139, 0.9714000225067139, 0.9714000225067139, 0.9746999740600586, 0.9746999740600586, 0.9746999740600586, 0.9761999845504761, 0.9761999845504761, 0.9778000116348267, 0.9778000116348267, 0.9778000116348267, 0.9778000116348267, 0.9778000116348267, 0.9778000116348267, 0.9778000116348267, 0.9778000116348267, 0.9778000116348267, 0.9778000116348267, 0.9778000116348267]
[0, 0, 0, 1, 1, 1, 0, 1, 0, 0, 0, 0, 0, 0, 1, 1, 1, 1, 1, 0, 0, 1, 1, 1, 1, 1, 0, 1, 1, 1, 1, 0, 1, 1, 0, 1, 1, 0, 0, 0, 1, 0, 0, 0, 1, 1, 1, 1, 0, 0, 1, 1, 0, 1, 0, 1, 1, 1, 0, 1, 1, 1, 1, 1, 1, 0, 0] 0.9778000116348267 0.8148333430290222