Generation 1
1000111111110010101000000011101110101110111010101001010111111011001 0.1931000053882599
0100001000110000000111000000010000100011001001011111000110010010111 0.49219998717308044
0100011011101110010101000000001101110001010011111011101000100101111 0.09799999743700027
1100001001100101011101000000101101111010000111110111110000110000100 0.16099999845027924
1100100111101010101011100100001100100001110001100110000100001111111 0.4180999994277954
1100001101110011110110000101100111001000000000101111100000000110110 0.517300009727478
1001111100000101011110101000000010010010101011000010101010101100001 0.3059999942779541
0001010110000000101000110101101101110010100011011001010011010010000 0.09139999747276306
1000101111111110011011111010110000001010011101110011001001111010111 0.8460999727249146
1100011011111001010110100000011011110100101000010101100111110111001 0.20260000228881836
1000101110000110010101001100001110010111000010000111100010110001010 0.09960000216960907
0001001100001001000001010100100010010010001100111110100101010010000 0.12849999964237213
0000000011001010011100000100011011001111010011010100010010110111101 0.9394999742507935
0001011011010000001010001011110011001010011001011101001011011000001 0.1137000024318695
1000000111000011101001011001111000110000100101111100011110100101101 0.9061999917030334
1100011010111101011011100111011110101100010010100010000111110001011 0.3052000105381012
0101011110010101000010010110100000100000110110100110000010101110001 0.10379999876022339
0000000110101100110101001111101011011010101011010101011011110100110 0.8858000040054321
1100110101011101011000101011111011010100000011010000000010001111010 0.44369998574256897
1110010010000010000100010000101011000001110010110111100110100111111 0.10090000182390213
0100011101010100111001011001000000110001011111011111001100110111100 0.9247000217437744
0101010101000000111110010010100110110001111100001001100111001011110 0.4334000051021576
1100000101111000001111011001100010101101000111001011111010100100011 0.3456999957561493
0001011010000001011101001110110111010111100011111111111110000100111 0.10100000351667404
0001011011000101010010000010110110111111101111000100000111111110101 0.13120000064373016
[0.9394999742507935]
[0, 0, 0, 0, 0, 0, 0, 0, 1, 1, 0, 0, 1, 0, 1, 0, 0, 1, 1, 1, 0, 0, 0, 0, 0, 1, 0, 0, 0, 1, 1, 0, 1, 1, 0, 0, 1, 1, 1, 1, 0, 1, 0, 0, 1, 1, 0, 1, 0, 1, 0, 0, 0, 1, 0, 0, 1, 0, 1, 1, 0, 1, 1, 1, 1, 0, 1] 0.9394999742507935 0.795149717790385
Generation 2
0000000011001010011100000100011011001111010011010100010010110111101 0.9394999742507935
1100110101011101011000111010110000001010011101110011000001111101011 0.9693999886512756
0000000011001010011100000100011011001111010011010100010010110111101 0.9394999742507935
0100011101010100111001011001000000110001011111011111001100110111100 0.9247000217437744
1100110101011101011000101011111011010100000001111100000011001101111 0.9218000173568726
1000000111000011101001011001111000110000100101111100011110100101101 0.9061999917030334
0000000011001010011100000101100111001100000001010100010000110111101 0.9018999934196472
0101010101000000111110010010100011101101000110001001100111000011111 0.8902000188827515
0000000110101100110101001111101011011010101011010101011011110100110 0.8858000040054321
1000101111111110011011111010110000001010011101110011001001111010111 0.8460999727249146
0000000110101100110101001111101011011010101011000011001001110000111 0.8410999774932861
0101010001000000111110010000100110110001111100001001100000000111110 0.7993999719619751
1000000110101100110101011011111000110000100101110101011110110101100 0.786300003528595
0000000110101100110101001111101011011010101011010100011011100100011 0.7634000182151794
1100000101111000001111011001100010101101000111001010111010110100110 0.6360999941825867
1100001101110011110110000101100111001000000000101111100000000110110 0.517300009727478
1100011010111101011011100111000010101101000111001011110111110100011 0.5054000020027161
0100001000110000000111000000010000100011001001011111000110010010111 0.49219998717308044
1100110101011101011000101011111011010100000011010000000010001111010 0.44369998574256897
0101010101000000111110010010100110110001111100001001100111001011110 0.4334000051021576
1100100111101010101011100100001100100001110001100110000100001111111 0.4180999994277954
1100000101111000001111011001100010101000100111001111101010100101001 0.38920000195503235
1100000101111000001111011001100010101101000111001011111010100100011 0.3456999957561493
0000000011001010110110000100011011001111010000101111100010110111100 0.33059999346733093
1001111100000101011110101000000010010010101011000010101010101100001 0.3059999942779541
1100011010111101011011100111011110101100010010100010000111110001011 0.3052000105381012
Generation 3
1100110101011101011000111010110000001010011101110011000001111101011 0.9693999886512756
1100110101011101011000111010110000001010011101110011000001111101011 0.9693999886512756
1100110101011101011000101010101011010100000001111100000011000011111 0.9580000042915344
0101010001001010011110010100011011001111010001010101100000100111110 0.955299973487854
0000000011001010011100000100011011001111010011010100010010110111101 0.9394999742507935
0100110101011101011110010000100110110001111101111100100011001101111 0.9376000165939331
0100011101010100111001011001000000110001011111011100010110110111100 0.9352999925613403
0000000011001010011100000100011011001100000001010100010010110111101 0.9284999966621399
1100110101011101011000111010110000001010101011000011001001110000111 0.9280999898910522
0100011101010100111001011001000000110001011111011111001100110111100 0.9247000217437744
1100110101011101011000101011111011010100000001111100000011001101111 0.9218000173568726
1000000111000011101001011001111000110000100101111100011110100101101 0.9061999917030334
0101010101000000111110010010100011101101000110001001100111000011111 0.8902000188827515
0000000110101100110101001111101011011010101011010101011011110100110 0.8858000040054321
0000000011001110011100000101100111001111010011010100010000110111101 0.8708999752998352
0000000011001010011100000100011011001111010011010111001000110111100 0.864799976348877
0101010101000000111110010010100011111101011101110011010001001101011 0.8633999824523926
1000101111111110011011111010110000001010011101110011001001111010111 0.8460999727249146
0000000110101100110101001111101011011010101011000011001001110000111 0.8410999774932861
1100000110101101011000101011111011010100000001111100000011111100111 0.8402000069618225
0000000110101100110101001111101011011010011101110010000001111101011 0.8323000073432922
0101010001000000111110010000100110110001111100001001100000000111110 0.7993999719619751
1000000110101100110101001111101000110000100101100011001001110000111 0.7903000116348267
1000000110101100110101011011111000110000100101110101011110110101100 0.786300003528595
0000000110101100110101001111101011011010101011010100011011100100011 0.7634000182151794
0000000110101100110101111011111011011010101001010101111110110101100 0.7355999946594238
Generation 4
1100110101011101011000111010110000001010011101110011000001111101011 0.9693999886512756
1100110101011101011000111010110000001010011101110011000001111101011 0.9693999886512756
1100110101011101011000101010101011010100000001111100000011000011111 0.9580000042915344
0101010001001010011110010100011011001111010001010101100000100111110 0.955299973487854
0101010001001110011110010100011011001111010001010101100000110100111 0.9419999718666077
0000000011001010011100000100011011001111010011010100010010110111101 0.9394999742507935
0100110101011101011110010000100110110001111101111100100011001101111 0.9376000165939331
0100110101011101011000111010110000001010011101110011000001110100011 0.9372000098228455
0100011101010100111001011001000000110001011111011100010110110111100 0.9352999925613403
0100011101010100111001011001000000110001011101010101100000110111110 0.9326000213623047
0000000011001010011100000100011011001100000001010100010010110111101 0.9284999966621399
1100110101011101011000111010110000001010101011000011001001110000111 0.9280999898910522
0101010001001010011110010100011011001111010001110011010001101101011 0.9280999898910522
0100011101010100111001011001000000110001011111011111001100110111100 0.9247000217437744
0101010001001010011110010100011011001111010011011000010110100111100 0.9229000210762024
1100110101011101011000101011111011010100000001111100000011001101111 0.9218000173568726
1000000111000011101001011001111000110000100101111100011110100101101 0.9061999917030334
0101010101000000111110010010100011101101000110001001100111000011111 0.8902000188827515
0000000110101100110101001111101011011010101011010101011011110100110 0.8858000040054321
0000000011001110011100000101100111001111010011010100010000110111101 0.8708999752998352
0000000011001010011100000100011011001111010011010111001000110111100 0.864799976348877
0101010101000000111110010010100011111101011101110011010001001101011 0.8633999824523926
0000000110101100110101000100011011011010110001010101001011110101110 0.8550000190734863
1000101111111110011011111010110000001010011101110011001001111010111 0.8460999727249146
1000000110101100110101011111101001011010101011010101011011111101110 0.8446000218391418
0000000110101100110101001111101011011010101011000011001001110000111 0.8410999774932861
Generation 5
1100110101011101011000111010110000001010011101110011000001111101011 0.9693999886512756
1100110101011101011000111010110000001010011101110011000001111101011 0.9693999886512756
1100110101011101011000111010110000001010101011000011000011100010111 0.9589999914169312
0001010001001011011110010100011011001111010001110101100001101101011 0.9588000178337097
0101010001001010011110010100011011001111010001010101100000100111110 0.9581000208854675
1100110101011101011000101010101011010100000001111100000011000011111 0.9580000042915344
0101010001001010011110010100011011011111010001010011010000100111110 0.9465000033378601
1100110101011101011010110010110000001010101011000011001001110000111 0.9448000192642212
0101010001001110011110010100011011001111010001010101100000110100111 0.9419999718666077
0101010100000000111110010010100011101101000101111101100111000011111 0.9409000277519226
0000000011001010011100000100011011001111010011010100010010110111101 0.9394999742507935
0100110101011101011000101010101011110100000001111100001001010001111 0.9380000233650208
0100110101011101011110010000100110110001111101111100100011001101111 0.9376000165939331
0100110101011101011000111010110000001010011101110011000001110100011 0.9372000098228455
0100011101010100111001011001000000110001011111011100010110110111100 0.9352999925613403
1100100101011101011000010100011011001111010001110011010001101100011 0.9345999956130981
0100011101010100111001011001000000110001011101010101100000110111110 0.9326000213623047
0000000011001010011100000100011011001100000001010100010010110111101 0.9284999966621399
0101010001001010011110010100011011001111010001110011010001101101011 0.9280999898910522
0100011101010100111001011001000000110001011111011111001100110111100 0.9247000217437744
0101010001001010011110010100011011001111010011011000010110100111100 0.9229000210762024
1100110101011101011000101011111011010100000001111100000011001101111 0.9218000173568726
0100011011001010010100000100011011001100000001010100001100110111100 0.9146000146865845
0000000101010100111001001001000000110001011111011111010010110111101 0.9093000292778015
1000000111000011101001011001111000110000100101111100011110100101101 0.9061999917030334
0000000011001010011100000100011011001100000001010101100000100111100 0.8938999772071838
Generation 6
1100110101011101011000111010110000001010011101110011000001111101011 0.9693999886512756
1100110101011101011000111010110000001010011101110011000001111101011 0.9693999886512756
1100100101011100011000111000110011010110000001111101000011000011111 0.9614999890327454
0101010001001010011110010100011011001111010001010100010100100111110 0.9593999981880188
0001010001001011011110010100011011001111010001110101010001101101011 0.9592999815940857
1100110101011101011000111010110000001010101011000011000011100010111 0.9589999914169312
0001010001001011011110010100011011001111010001110101100001101101011 0.9588000178337097
0101010001001010011110010100011011001111010001010101100000100111110 0.9581000208854675
1100110101011101011000101010101011010100000001111100000011000011111 0.9580000042915344
0101010100001010011101000100011011001111010011010100000111010111101 0.954800009727478
0101010001001010011110010100011011011111010001010011010000100111110 0.9465000033378601
1100110101011101011010110010110000001010101011000011001001110000111 0.9448000192642212
0101010001001110011110010100011011001111010001010101100000110100111 0.9419999718666077
0101010100000000111110010010100011101101000101111101100111000011111 0.9409000277519226
0000000011001010011100000100011011001111010011010100010010110111101 0.9394999742507935
0100110101011101011000101010101011110100000001111100001001010001111 0.9380000233650208
0100110101011101011110010000100110110001111101111100100011001101111 0.9376000165939331
0100110101011101011000111010110000001010011101110011000001110100011 0.9372000098228455
0100011101010100111001011001000000110001011111011100010110110111100 0.9352999925613403
1100100101011101011000010100011011001111010001110011010001101100011 0.9345999956130981
0100011101010100111001011001000000110001011101010101100000110111110 0.9326000213623047
0101010100000000111100111010100011101101000101111101000011000011111 0.9297000169754028
0000000011001010011100000100011011001100000001010100010010110111101 0.9284999966621399
0101010001001010011110010100011011001111010001110011010001101101011 0.9280999898910522
0101011001001110011100010100011011001111010011011100010110110111100 0.9279000163078308
0101010100000000111110010010110011101101000101111101101001110001111 0.9253000020980835
Generation 7
1100110101011101011000111010110000001010011101110011000001111101011 0.9693999886512756
1100110101011101011000111010110000001010011101110011000001111101011 0.9693999886512756
1100100101011100011000111000110011010110001001111101000001000011111 0.963100016117096
0101010001001010011110010100011011001111010001010100010100100111110 0.9593999981880188
0001010001001011011110010100011011001111010001110101010001101101011 0.9592999815940857
1100110101011101011000111010110000001010101011000011000011100010111 0.9589999914169312
0001010001001011011110010100011011001111010001110101100001101101011 0.9588000178337097
0101010001001010011110010100011011001111010001010101100000100111110 0.9581000208854675
1100110101011101011000101010101011010100000001111100000011000011111 0.9580000042915344
0101010100001010011101000100011011001111010011010100000111010111101 0.954800009727478
1100100101011100011000111000110011010110000001111101000011000010111 0.954200029373169
0101010001001010011110010100011011011111010001010011010000100111110 0.9465000033378601
1100110101011101011010110010110000001010011111000011001001110000111 0.945900022983551
0001010001001011011110010100011011001011010001111100010110110101101 0.9426000118255615
1100110101011101011001011001000000110001011101000101100000110010111 0.9423999786376953
0101010001001110011110010100011011001111010001010101100000110100111 0.9419999718666077
0100110101011101011110010010100011101101000101111101000010000101111 0.9412000179290771
0101010100000000111110010010100011101101000101111101100111000011111 0.9409000277519226
0101010100000000111100111000100110110001111101110100100011001011111 0.9398000240325928
0000000011001010011100000100011011001111010011010100010010110111101 0.9394999742507935
0101011011001010011000010100011011001111010011010100010110110111100 0.9383999705314636
0100110101011101011000101010101011110100000001111100001001010001111 0.9380000233650208
0100110101011101011110010000100110110001111101111100100011001101111 0.9376000165939331
0100110101011101011000111010110000001010011101110011000001110100011 0.9372000098228455
0100011101010100111001011001000000110001011111011100010110110111100 0.9352999925613403
1100110001011010011110110010110000000100001001010100010010010111101 0.9351000189781189
Generation 8
1100110101011101011000111010110000001010011101110011000001111101011 0.9693999886512756
1100110101011101011000111010110000001010011101110011000001111101011 0.9693999886512756
1100100101011100011000111000110011010110001001111101000001000011111 0.963100016117096
0101010001001010011110011100011011011111010001010011010000100111110 0.963100016117096
0101010100001010011101000100011011001111010001010100010111010111101 0.9627000093460083
1100110101011101011010110010100011101101100101111101100111010001111 0.9621999859809875
0101011011000010011000000110011011001111010011010100010110110111100 0.9606999754905701
0101010001001010011110010100011011001111010001010100010100100111110 0.9593999981880188
0001010001001011011110010100011011001111010001110101010001101101011 0.9592999815940857
1100110101011101011000111010110000001010101011000011000011100010111 0.9589999914169312
0001010001001011011110010100011011001111010001110101100001101101011 0.9588000178337097
0101010001001010011110010100011011001111010001010101100000100111110 0.9581000208854675
1100110101011101011000101010101011010100000001111100000011000011111 0.9580000042915344
0101010100001010011101000100011011001111010011010100000111010111101 0.954800009727478
1100100101011100011000111000110011010110000001111101000011000010111 0.954200029373169
0001011011001010011000010100011011001111010011010100010010110111101 0.9516000151634216
1100110101011101011010110010110000001010011111000011001001110000111 0.945900022983551
0001010001001011011110010100011011001011010001111100010110110101101 0.9426000118255615
1100110101011101011001011001000000110001011101000101100000110010111 0.9423999786376953
0101010001001110011110010100011011001111010001010101100000110100111 0.9419999718666077
0100110101011101011110010010100011101101000101111101000010000101111 0.9412000179290771
0101010100000000111110010010100011101101000101111101100111000011111 0.9409000277519226
0101010100000000111100111000100110110001111101110100100011001011111 0.9398000240325928
0000000011001010011100000100011011001111010011010100010010110111101 0.9394999742507935
0101011011001010011000010100011011001111010011010100010110110111100 0.9383999705314636
0100110101011101011000101010101011110100000001111100001001010001111 0.9380000233650208
Generation 9
1100110101011101011000111010110000001010011101110011000001111101011 0.9693999886512756
1100110101011101011000111010110000001010011101110011000001111101011 0.9693999886512756
1100100101011100011000111000110011010110001001111101000001000011111 0.963100016117096
0101010001001010011110011100011011011111010001010011010000100111110 0.963100016117096
0101010100001010011101000100011011001111010001010100010111010111101 0.9627000093460083
1100110101011101011010110010100011101101100101111101100111010001111 0.9621999859809875
0101011011000010011000000110011011001111010011010100010110110111100 0.9606999754905701
0101010001001010011110010100011011001111010001010100010100100111110 0.9593999981880188
0001010001001011011110010100011011001111010001110101010001101101011 0.9592999815940857
1100110101011101011000111010110000001010101011000011000011100010111 0.9589999914169312
0001010001001011011110010100011011001111010001110101100001101101011 0.9588000178337097
1100110101011101011000101010101111010100000001101100000010000010111 0.9581999778747559
0101010001001010011110010100011011001111010001010101100000100111110 0.9581000208854675
1100110101011101011000101010101011010100000001111100000011000011111 0.9580000042915344
0101010100001010011101000100011011001111010011010100000111010111101 0.954800009727478
1100100101011100011000111000110011010110000001111101000011000010111 0.954200029373169
0001011011001010011000010100011011001111010011010100010010110111101 0.9516000151634216
1100010101011101011001011001000000110001011101000101010000110011111 0.9470999836921692
1100110101011101011010110010100011101101111101000101100000100010111 0.9470000267028809
1100110101011101011010110010010000001010011111000011001001110010111 0.9467999935150146
1100110101011101011010110010110000001010011111000011001001110000111 0.945900022983551
0101011011000010011000111000100110110001111111010100010110001011111 0.9448999762535095
0101010100000010111000001110011011001111010001110100100011110111101 0.9435999989509583
0001010001001011011110010100011011001011010001111100010110110101101 0.9426000118255615
0101010001001110011110010100011011001111010001010101100000110100111 0.9419999718666077
0100110101011101011110010010100011101101000101111101000010000101111 0.9412000179290771
Generation 10
1100110101011101011000111010110000001010011101110011000001111101011 0.9693999886512756
1100110101011101011000111010110000001010011101110011000001111101011 0.9693999886512756
0101010100000010011101000100011011001111010001010100010110010111101 0.968999981880188
0001010001001011011110010100011011001111010001110100100001100111101 0.9682999849319458
0101011011000010011000000110011011001111010011010100010111110111100 0.9664000272750854
0101010100000010111000001010011011001111010001110101010011111101011 0.963699996471405
1100100101011100011000111000110011010110001001111101000001000011111 0.963100016117096
0101010001001010011110011100011011011111010001010011010000100111110 0.963100016117096
0101010100001010011101000100011011001111010001010100010111010111101 0.9627000093460083
1100110101011101011010110010100011101101100101111101100111010001111 0.9621999859809875
0101011011000010011000000110011011001111010011010100010110110111100 0.9606999754905701
0101010001001010011110010100011011001111010001010100010100100111110 0.9593999981880188
0001010001001011011110010100011011001111010001110101010001101101011 0.9592999815940857
1100110101011101011000111010110000001010101011000011000011100010111 0.9589999914169312
0001010001001011011110010100011011001111010001110101100001101101011 0.9588000178337097
1100110101011101011000101010101111010100000001101100000010000010111 0.9581999778747559
0101010001001010011110010100011011001111010001010101100000100111110 0.9581000208854675
1100110101011101011000101010101011010100000001111100000011000011111 0.9580000042915344
0101010100000010111000001110011011001111010011010100010111110111100 0.9556999802589417
0101010100001010011101000100011011001111010011010100000111010111101 0.954800009727478
1100100101011100011000111000110011010110000001111101000011000010111 0.954200029373169
0001011011001010011000010100011011001111010011010100010010110111101 0.9516000151634216
1100110101011101011000111100011011001010101011010100000111011010111 0.9484000205993652
1100010101011101011001011001000000110001011101000101010000110011111 0.9470999836921692
1100110101011101011010110010100011101101111101000101100000100010111 0.9470000267028809
1100110101011101011010110010010000001010011111000011001001110010111 0.9467999935150146
Generation 11
1100110101011101011000111010110000001010011101110011000001111101011 0.9693999886512756
1100110101011101011000111010110000001010011101110011000001111101011 0.9693999886512756
0101010100000010011101000100011011001111010001010100010110010111101 0.968999981880188
0001010001001011011110010100011011001111010001110100100001100111101 0.9682999849319458
0101011011000010011000000110011011001111010011010100010111110111100 0.9664000272750854
0101010100000010111000001010011011001111010001110101010011111101011 0.963699996471405
0101011011000010011000000110011011001111010011010100010110110111100 0.9635000228881836
1100100101011100011000111000110011010110001001111101000001000011111 0.963100016117096
0101010001001010011110011100011011011111010001010011010000100111110 0.963100016117096
0101010100001010011101000100011011001111010001010100010111010111101 0.9627000093460083
1100110101011101011010110010100011101101100101111101100111010001111 0.9621999859809875
0101010001001010011110010100011011001111010001010100010100100111110 0.9593999981880188
0001010001001011011110010100011011001111010001110101010001101101011 0.9592999815940857
1100110101011101011000111010110000001010111011001011000011100010111 0.9592999815940857
1100110101011101011000111010110000001010101011000011000011100010111 0.9589999914169312
0001010001001011011110010100011011001111010001110101100001101101011 0.9588000178337097
0101010100000010111000001110011011001111010011010100010111110111100 0.9585000276565552
1100110101011101011000101010101111010100000001101100000010000010111 0.9581999778747559
0101010001001010011110010100011011001111010001010101100000100111110 0.9581000208854675
1100110101011101011000101010101011010100000001111100000011000011111 0.9580000042915344
0101011011001010011101000100011011001111010011010100010110010111101 0.9563000202178955
0101010100001010011101000100011011001111010011010100000111010111101 0.954800009727478
1100100101011100011000111000110011010110000001111101000011000010111 0.954200029373169
0001011011001010011000010100011011001111010011010100010010110111101 0.953000009059906
0101010100000010011000000110011011001111010011010100000111010111100 0.953000009059906
0101011011000010011000000110010011001111000011010101010011111101011 0.9510999917984009
Generation 12
1100110101011101011000111010110000001010011101110011000001111101011 0.9693999886512756
1100110101011101011000111010110000001010011101110011000001111101011 0.9693999886512756
0101010100000010011101000100011011001111010001010100010110010111101 0.968999981880188
0001010001001011011110010100011011001111010001110100100001100111101 0.9682999849319458
0101011011000010011000000110011011001111010011010100010111110111100 0.9664000272750854
0101010100000010111000001010011011001111010001110101010011111101011 0.963699996471405
0101011011000010011000000110011011001111010011010100010110110111100 0.9635000228881836
1100100101011100011000111000110011010110001001111101000001000011111 0.963100016117096
0101010001001010011110011100011011011111010001010011010000100111110 0.963100016117096
1100110101011101011010110010100111101101100101111101100111000011111 0.963100016117096
0101010100001010011101000100011011001111010001010100010111010111101 0.9627000093460083
1100110101000010011000000110001111010100000001010101010011111101011 0.9624000191688538
1100110101011101011010110010100011101101100101111101100111010001111 0.9621999859809875
1100100101011100011010111000110011010110000001101101000011010000111 0.9617000222206116
1100100101011100011000111000110011011010000001111101000011100010111 0.9617000222206116
0101010001001010011110010100011011001111010001010100010100100111110 0.9593999981880188
0001010001001011011110010100011011001111010001110101010001101101011 0.9592999815940857
1100110101011101011000111010110000001010111011001011000011100010111 0.9592999815940857
1100110101011101011000111010110000001010101011000011000011100010111 0.9589999914169312
0001010001001011011110010100011011001111010001110101100001101101011 0.9588000178337097
0101010100000010111000001110011011001111010011010100010111110111100 0.9585000276565552
1100110101011101011000101010101111010100000001101100000010000010111 0.9581999778747559
0101010001001010011110010100011011001111010001010101100000100111110 0.9581000208854675
1100110101011101011000101010101011010100000001111100000011000011111 0.9580000042915344
0101011011001010011101000100011011001111010011010100010110010111101 0.9563000202178955
0101010100001010011101000100011011001111010011010100000111010111101 0.954800009727478
Generation 13
1100110101011101011000111010110000001010011101110011000001111101011 0.9693999886512756
1100110101011101011000111010110000001010011101110011000001111101011 0.9693999886512756
0101010100000010011101000100011011001111010001010100010110010111101 0.968999981880188
0001010001001011011110010100011011001111010001110100100001100111101 0.9682999849319458
0101011011000010011000000110011011001111010011010100010111110111100 0.9664000272750854
0101010100000010111000001010011011001111010001110101010011111101011 0.963699996471405
0101010100000010111000000110011011001111010011010100010110110111100 0.9635999798774719
0101011011000010011000000110011011001111010011010100010110110111100 0.9635000228881836
1100100101011100011000111000110011010110001001111101000001000011111 0.963100016117096
0101010001001010011110011100011011011111010001010011010000100111110 0.963100016117096
1100110101011101011010110010100111101101100101111101100111000011111 0.963100016117096
0101010100001010011101000100011011001111010001010100010111010111101 0.9627000093460083
1100110101000010011000000110001111010100000001010101010011111101011 0.9624000191688538
1100110101011101011010110010100011101101100101111101100111010001111 0.9621999859809875
1100100101011100011010111000110011010110000001101101000011010000111 0.9617000222206116
1100100101011100011000111000110011011010000001111101000011100010111 0.9617000222206116
0101010001001010011110010100011011001111010001010100010100100111110 0.9593999981880188
0001010001001011011110010100011011001111010001110101010001101101011 0.9592999815940857
1100110101011101011000111010110000001010111011001011000011100010111 0.9592999815940857
1100110101011101011000111010110000001010101011000011000011100010111 0.9589999914169312
0001010001001011011110010100011011001111010001110101100001101101011 0.9588000178337097
0101011011000010011000001110011011001111010011011100010111110111100 0.9585999846458435
0101010100000010111000001110011011001111010011010100010111110111100 0.9585000276565552
1100110101011101011000101010101111010100000001101100000010000010111 0.9581999778747559
0101010001001010011110010100011011001111010001010101100000100111110 0.9581000208854675
1100110101011101011000101010101011010100000001111100000011000011111 0.9580000042915344
Generation 14
1100110101011101011000111010110000001010011101110011000001111101011 0.9693999886512756
1100110101011101011010110010100011101101100101111011100111100011111 0.9721999764442444
1100110101011101011000111010110000001010011101110011000001111101011 0.9693999886512756
0101010100000010011101000100011011001111010001010100010110010111101 0.968999981880188
0001010001001011011110010100011011001111010001110100100001100111101 0.9682999849319458
0101011011000010011000000110011011001111010011010100010111110111100 0.9664000272750854
0101010100001010011101000000011011001111010011010100010111110111101 0.9663000106811523
0101010100000010111000001010011011001111010001110101010011111101011 0.963699996471405
0101010100000010111000000110011011001111010011010100010110110111100 0.9635999798774719
0101011011000010011000000110011011001111010011010100010110110111100 0.9635000228881836
1100100101011100011000111000110011010110001001111101000001000011111 0.963100016117096
0101010001001010011110011100011011011111010001010011010000100111110 0.963100016117096
1100110101011101011010110010100111101101100101111101100111000011111 0.963100016117096
0101010100001010011101000100011011001111010001010100010111010111101 0.9627000093460083
1100110101000010011000000110001111010100000001010101010011111101011 0.9624000191688538
1100110101011101011010110010100011101101100101111101100111010001111 0.9621999859809875
1100100101011100011010111000110011010110000001101101000011010000111 0.9617000222206116
1100100101011100011000111000110011011010000001111101000011100010111 0.9617000222206116
1100110101011101011000111010110000001010010101110011000011100010111 0.9613000154495239
0101010001001010011110010100011011001111010001010100010100100111110 0.9593999981880188
0001010001001011011110010100011011001111010001110101010001101101011 0.9592999815940857
1100110101011101011000111010110000001010111011001011000011100010111 0.9592999815940857
1100110101011101011000111010110000001010101011000011000011100010111 0.9589999914169312
0001010001001011011110010100011011001111010001110101100001101101011 0.9588000178337097
1100110101011101001000101110110000001100000001101100000011100010111 0.9587000012397766
0101011011000010011000001110011011001111010011011100010111110111100 0.9585999846458435
Generation 15
1100110101011101011010110010100011101101100101111011100111100011111 0.9721999764442444
1100110101011101011010110010100011101101100101111011100111100011111 0.9721999764442444
1100110101011101011000111010110000001010011101110011000001111101011 0.9693999886512756
0101010100000010011101000100011011001111010001010100010110010111101 0.968999981880188
0001010001001011011110010100011011001111010001110100100001100111101 0.9682999849319458
0101011011000010011000000110011011001111010011010100010111110111100 0.9664000272750854
0101010100001010011101000000011011001111010011010100010111110111101 0.9663000106811523
0101010100000010111000001010011011001111010001110101010011111101011 0.963699996471405
0101010100000010111000000110011011001111010011010100010110110111100 0.9635999798774719
0101011011000010011000000110011011001111010011010100010110110111100 0.9635000228881836
1100100101011100011000111000110011010110001001111101000001000011111 0.963100016117096
0101010001001010011110011100011011011111010001010011010000100111110 0.963100016117096
1100110101011101011010110010100111101101100101111101100111000011111 0.963100016117096
0101010100001010011101000100011011001111010001010100010111010111101 0.9627000093460083
1100110101000010011000000110001111010100000001010101010011111101011 0.9624000191688538
1100110101011101011010110010100011101101100101111101100111010001111 0.9621999859809875
1100100101011100011010111000110011010110000001101101000011010000111 0.9617000222206116
1100100101011100011000111000110011011010000001111101000011100010111 0.9617000222206116
1100110101011101011000111010110000001010010101110011000011100010111 0.9613000154495239
0101011011000010011000001110011011001111010011011100010111110111100 0.9596999883651733
0101010001001010011110010100011011001111010001010100010100100111110 0.9593999981880188
0001010001001011011110010100011011001111010001110101010001101101011 0.9592999815940857
1100110101011101011000111010110000001010111011001011000011100010111 0.9592999815940857
1100110101011101011000111010110000001010101011000011000011100010111 0.9589999914169312
0001010001001011011110010100011011001111010001110101100001101101011 0.9588000178337097
1100110101011101001000101110110000001100000001101100000011100010111 0.9587000012397766
Generation 16
1100110101011101011010110010100011101101100101111011100111100011111 0.9721999764442444
1100110101011101011010110010100011101101100101111011100111100011111 0.9721999764442444
1100110101011101011000111010110000001010010001110101010011111111011 0.9715999960899353
1100110101011101011000111010110000001010011101110011000001111101011 0.9693999886512756
0101010100000010011101000100011011001111010001010100010110010111101 0.968999981880188
0001010001001011011110010100011011001111010001110100100001100111101 0.9682999849319458
0101011011000010011000000110011011001111010011010100010111110111100 0.9664000272750854
0101010100001010011101000000011011001111010011010100010111110111101 0.9663000106811523
1100110101011101011000000110011011001111010011010111010110110111100 0.9641000032424927
0101010100000010111000001010011011001111010001110101010011111101011 0.963699996471405
0101010100000010111000000110011011001111010011010100010110110111100 0.9635999798774719
0101011011000010011000000110011011001111010011010100010110110111100 0.9635000228881836
1100100101011100011000111000110011010110001001111101000001000011111 0.963100016117096
0101010001001010011110011100011011011111010001010011010000100111110 0.963100016117096
1100110101011101011010110010100111101101100101111101100111000011111 0.963100016117096
0101010100001010011101000100011011001111010001010100010111010111101 0.9627000093460083
1100110101000010011000000110001111010100000001010101010011111101011 0.9624000191688538
1100110101011101011010110010100011101101100101111101100111010001111 0.9621999859809875
1100100101011100011010111000110011010110000001101101000011010000111 0.9617000222206116
1100100101011100011000111000110011011010000001111101000011100010111 0.9617000222206116
0101011001000010011000000110011011001111010011010100010110110111100 0.9617000222206116
1100110101011101011000111010110000001010010101110011000011100010111 0.9613000154495239
0101010100000010111000000110011011001111010011011100010111110111100 0.9609000086784363
0101011011000010011000001110011011001111010011011100010111110111100 0.9596999883651733
0101010001001010011110010100011011001111010001010100010100100111110 0.9593999981880188
0001010001001011011110010100011011001111010001110101010001101101011 0.9592999815940857
Generation 17
1100110101011101011010110010100011101101100101111011100111100011111 0.9721999764442444
0001010001001011011110010100011011001111010001010100010101100111101 0.9732999801635742
1100110101011101011010110010100011101101100101111011100111100011111 0.9721999764442444
1100110101011101011000111010110000001010010001110101010011111111011 0.9715999960899353
1100110101011101011000111010110000001010011101110011000001111101011 0.9693999886512756
0101010100000010011101000100011011001111010001010100010110010111101 0.968999981880188
0001010001001011011110010100011011001111010001110100100001100111101 0.9682999849319458
0101011011000010011000000110011011001111010011010100010111110111100 0.9664000272750854
0101010100001010011101000000011011001111010011010100010111110111101 0.9663000106811523
0101110100000010111110010100011011001111010001110100010100110101011 0.9652000069618225
1100110101011101011000000110011011001111010011010111010110110111100 0.9641000032424927
0001110001001011011101000100111011001111110001110100010111100111101 0.9639000296592712
0101010100000010111000001010011011001111010001110101010011111101011 0.963699996471405
0101010100000010111000000110011011001111010011010100010110110111100 0.9635999798774719
0101011011000010011000000110011011001111010011010100010110110111100 0.9635000228881836
0101010100000010111000000110011011001111010001011100010010110111100 0.9634000062942505
1100100101011100011000111000110011010110001001111101000001000011111 0.963100016117096
0101010001001010011110011100011011011111010001010011010000100111110 0.963100016117096
1100110101011101011010110010100111101101100101111101100111000011111 0.963100016117096
0101010100001010011101000100011011001111010001010100010111010111101 0.9627000093460083
1100110101000010011000000110001111010100000001010101010011111101011 0.9624000191688538
1100110101011101011010110010100011101101100101111101100111010001111 0.9621999859809875
1100100101011100011010111000110011010110000001101101000011010000111 0.9617000222206116
1100100101011100011000111000110011011010000001111101000011100010111 0.9617000222206116
0101011001000010011000000110011011001111010011010100010110110111100 0.9617000222206116
0101010100000010011101000100111011001111010001110100100010010111101 0.9613999724388123
Generation 18
0001010001001011011110010100011011001111010001010100010101100111101 0.9732999801635742
0001010001001011011110010100011011001111010001010100010101100111101 0.9732999801635742
1100110101011101011010110010100011101101100101111011100111100011111 0.9721999764442444
1100110101011101011000111010110000001010010001110101010011111111011 0.9715999960899353
1100110101011101011000111010110000001010011101110011000001111101011 0.9693999886512756
0101010100000010011101000100011011001111010001010100010110010111101 0.968999981880188
0001010001001011011110010100011011001111010001110100100001100111101 0.9682999849319458
0101011011000010011000000110011011001111010011010100010111110111100 0.9664000272750854
0101010100001010011101000000011011001111010011010100010111110111101 0.9663000106811523
0101110100000010111110010100011011001111010001110100010100110101011 0.9652000069618225
1100110101011101011010110010100011101101100101111101100111010011111 0.964900016784668
1100110101011101011000000110011011001111010011010111010110110111100 0.9641000032424927
0001110001001011011101000100111011001111110001110100010111100111101 0.9639000296592712
0101010100000010111000001010011011001111010001110101010011111101011 0.963699996471405
0101010100000010111000000110011011001111010011010100010110110111100 0.9635999798774719
0101011011000010011000000110011011001111010011010100010110110111100 0.9635000228881836
0101010100000010111000000110011011001111010001011100010010110111100 0.9634000062942505
1100100101011100011000111000110011010110001001111101000001000011111 0.963100016117096
0101010001001010011110011100011011011111010001010011010000100111110 0.963100016117096
0101010100001010011101000100011011001111010001010100010111010111101 0.9627000093460083
1100110101000010011000000110001111010100000001010101010011111101011 0.9624000191688538
1100110101011101011010110010100011101101100101111101100111010001111 0.9621999859809875
1100100101011100011010111000110011010110000001101101000011010000111 0.9617000222206116
1100100101011100011000111000110011011010000001111101000011100010111 0.9617000222206116
0101011001000010011000000110011011001111010011010100010110110111100 0.9617000222206116
0101010100000010011101000100111011001111010001110100100010010111101 0.9613999724388123
Generation 19
0001010001001011011110010100011011001111010001010100010101100111101 0.9732999801635742
0001010001001011011110010100011011001111010001010100010101100111101 0.9732999801635742
1100110101011101011010110010100011101101100101111011100111100011111 0.9721999764442444
1100110101011101011000111010110000001010010001110101010011111111011 0.9715999960899353
1100110101011101011000111010110000001010011101110011000001111101011 0.9693999886512756
0101010100000010011101000100011011001111010001010100010110010111101 0.968999981880188
0001010001001011011110010100011011001111010001110100100001100111101 0.9682999849319458
0101110100000010111110010100011011001111010001110101010011111101011 0.9675999879837036
1100110101011101011000000110011011001111010011010101010110110111100 0.9671000242233276
0101011011000010011000000110011011001111010011010100010111110111100 0.9664000272750854
0101010100001010011101000000011011001111010011010100010111110111101 0.9663000106811523
0101110100000010111110010100011011001111010001110100010100110101011 0.9652000069618225
1100110101011101011010110010100011101101100101111101100111010011111 0.964900016784668
1100110101011101011000000110011011001111010011010111010110110111100 0.9641000032424927
0001110001001011011101000100111011001111110001110100010111100111101 0.9639000296592712
0101010100000010111000001010011011001111010001110101010011111101011 0.963699996471405
0101010100000010111000000110011011001111010011010100010110110111100 0.9635999798774719
0101011011000010011000000110011011001111010011010100010110110111100 0.9635000228881836
0101010100000010111000000110011011001111010001011100010010110111100 0.9634000062942505
1100100101011100011000111000110011010110001001111101000001000011111 0.963100016117096
0101010001001010011110011100011011011111010001010011010000100111110 0.963100016117096
0101010100001010011101000100011011001111010001010100010111010111101 0.9627000093460083
1100110101000010011000000110001111010100000001010101010011111101011 0.9624000191688538
1100110101100100011010111000110011010110010001011101000011010000111 0.9623000025749207
1100110101011101011010110010100011101101100101111101100111010001111 0.9621999859809875
1100100101011100011010111000110011010110000001101101000011010000111 0.9617000222206116
Generation 20
0001010001001011011110010100011011001111010001010100010101100111101 0.9732999801635742
0001010001001011011110010100011011001111010001010100010101100111101 0.9732999801635742
1100110101011101011010110010100011101101100101111011100111100011111 0.9721999764442444
1100110101011101011000111010110000001010010001110101010011111111011 0.9715999960899353
1100110101011101011000111010110000001010011101110011000001111101011 0.9693999886512756
0101010100000010011101000100011011001111010001010100010110010111101 0.968999981880188
0001010001001011011110010100011011001111010001110100100001100111101 0.9682999849319458
0101110100000010111110010100011011001111010001110101010011111101011 0.9675999879837036
1100110101011101011000000110011011001111010011010101010110110111100 0.9672999978065491
0101011011000010011000000110011011001111010011010100010111110111100 0.9664000272750854
0101010100001010011101000000011011001111010011010100010111110111101 0.9663000106811523
0101110100000010111110010100011011001111010001110100010100110101011 0.9652000069618225
1100110101011101011010110010100011101101100101111101100111010011111 0.964900016784668
1100110101011101011000000110011011001111010011010111010110110111100 0.9641000032424927
0001110001001011011101000100111011001111110001110100010111100111101 0.9639000296592712
0101010100000010111000001010011011001111010001110101010011111101011 0.963699996471405
0101010100000010111000000110011011001111010011010100010110110111100 0.9635999798774719
0101011011000010011000000110011011001111010011010100010110110111100 0.9635000228881836
0101010100000010111000000110011011001111010001011100010010110111100 0.9634000062942505
1100100101011100011000111000110011010110001001111101000001000011111 0.963100016117096
0101010001001010011110011100011011011111010001010011010000100111110 0.963100016117096
0101010100001010011101000100011011001111010001010100010111010111101 0.9627000093460083
1100110101000010011000000110001111010100000001010101010011111101011 0.9624000191688538
1100110101100100011010111000110011010110010001011101000011010000111 0.9623000025749207
1100110101011101011010110010100011101101100101111101100111010001111 0.9621999859809875
1100100101011100011010111000110011010110000001101101000011010000111 0.9617000222206116
Generation 21
0001010001001011011110010100011011001111010001010100010101100111101 0.9732999801635742
0001010001001011011110010100011011001111010001010100010101100111101 0.9732999801635742
1100110101011101011010110010100011101101100101111011100111100011111 0.9721999764442444
1100110101011101011000111010110000001010010001110101010011111111011 0.9715999960899353
1100110101011101011000111010110000001010011101110011000001111101011 0.9693999886512756
0101010100000010011101000100011011001111010001010100010110010111101 0.968999981880188
0001010001001011011110010100011011001111010001110100100001100111101 0.9682999849319458
0101110100000010111110010100011011001111010001110101010011111101011 0.9675999879837036
1100110101011101011000000110011011001111010011010101010110110111100 0.9672999978065491
0101011011000010011000000110011011001111010011010100010111110111100 0.9664000272750854
0101010100001010011101000000011011001111010011010100010111110111101 0.9663000106811523
1100110101011101011000111010110010001010111101110111000110110101011 0.965499997138977
0101110100000010111110010100011011001111010001110100010100110101011 0.9652000069618225
1100110101011101011010110010100011101101100101111101100111010011111 0.964900016784668
1100111101000010011000000110001111010100000001010101010011111101011 0.9642999768257141
1100110101011101011000000110011011001111010011010111010110110111100 0.9641000032424927
0001110001001011011101000100111011001111110001110100010111100111101 0.9639000296592712
0101010100000010111000001010011011001111010001110101010011111101011 0.963699996471405
0101010100000010111000000110011011001111010011010100010110110111100 0.9635999798774719
0101011011000010011000000110011011001111010011010100010110110111100 0.9635000228881836
0101010100000010111000000110011011001111010001011100010010110111100 0.9634000062942505
1100100101011100011000111000110011010110001001111101000001000011111 0.963100016117096
0101010001001010011110011100011011011111010001010011010000100111110 0.963100016117096
0101010100001010011101000100011011001111010001010100010111010111101 0.9627000093460083
1100110101000010011000000110001111010100000001010101010011111101011 0.9624000191688538
1100110101100100011010111000110011010110010001011101000011010000111 0.9623000025749207
Generation 22
0001010001001011011110010100011011001111010001010100010101100111101 0.9732999801635742
0001010001001011011110010100011011001111010001010100010101100111101 0.9732999801635742
1100110101011101011010110010100011101101100101111011100111100011111 0.9721999764442444
1100110101011101011000111010110000001010010001110101010011111111011 0.9715999960899353
1100110101011101011000111010110000001010011101110011000001111101011 0.9693999886512756
0101010100000010011101000100011011001111010001010100010110010111101 0.968999981880188
0001010001001011011110010100011011001111010001110100100001100111101 0.9682999849319458
0101110100000010111110010100011011001111010001110101010011111101011 0.9675999879837036
1100110101011101011000000110011011001111010011010101010110110111100 0.9672999978065491
0101011011000010011000000110011011001111010011010100010111110111100 0.9664000272750854
0101010100001010011101000000011011001111010011010100010111110111101 0.9663000106811523
1100111101000010011000000110001111010010011001010101010011111101011 0.9656999707221985
1100110101011101011000111010110010001010111101110111000110110101011 0.965499997138977
0101110100000010111110010100011011001111010001110100010100110101011 0.9652000069618225
1100110101011101011010110010100011101101100101111101100111010011111 0.964900016784668
1100110101011101011000000110011011001111010011010111010110110111100 0.9641000032424927
0001110001001011011101000100111011001111110001110100010111100111101 0.9639000296592712
0101010100000010111000001010011011001111010001110101010011111101011 0.963699996471405
0101010100000010111000000110011011001111010011010100010110110111100 0.9635999798774719
0101011011000010011000000110011011001111010011010100010110110111100 0.9635000228881836
0101010100000010111000000110011011001111010001011100010010110111100 0.9634000062942505
1100100101011100011000111000110011010110001001111101000001000011111 0.963100016117096
0101010001001010011110011100011011011111010001010011010000100111110 0.963100016117096
1100110101100110011000000110001111010100000001010101010111111101011 0.9628000259399414
0101010100001010011101000100011011001111010001010100010111010111101 0.9627000093460083
1100110101000010011000000110001111010100000001010101010011111101011 0.9624000191688538
Generation 23
0001010001001011011110010100011011001111010001010100010101100111101 0.9732999801635742
0001010001001011011110010100011011001111010001010100010101100111101 0.9732999801635742
1100110101011101011010110010100011101101100101111011100111100011111 0.9721999764442444
1100110101011101011000111010110000001010010001110101010011111111011 0.9715999960899353
1100110101011101011010110010100111010110001001111001101111000011111 0.9714999794960022
1100110101011101011000000110011011001111010011010101010110110111100 0.9695000052452087
1100110101011101011000111010110000001010011101110011000001111101011 0.9693999886512756
0101010100000010011101000100011011001111010001010100010110010111101 0.968999981880188
0001010001001011011110010100011011001111010001110100100001100111101 0.9682999849319458
0101110100000010111110010100011011001111010001110101010011111101011 0.9675999879837036
1100110101011101011010110010000011101101100101111001010111101101011 0.9674999713897705
0101011011000010011000000110011011001111010011010100010111110111100 0.9664000272750854
0101010100001010011101000000011011001111010011010100010111110111101 0.9663000106811523
1100111101000010011000000110001111010010011001010101010011111101011 0.9656999707221985
1100110101011101011000111010110010001010111101110111000110110101011 0.965499997138977
0101110100000010111110010100011011001111010001110100010100110101011 0.9652000069618225
1100110101011101011010110010100011101101100101111101100111010011111 0.964900016784668
1100111101100010011000000110001111010010011001010101010011111101011 0.9646999835968018
1100110101011101011000000110011011001111010011010111010110110111100 0.9641000032424927
0001110001001011011101000100111011001111110001110100010111100111101 0.9639000296592712
0101010100000010111000001010011011001111010001110101010011111101011 0.963699996471405
0101010100000010111000000110011011001111010011010100010110110111100 0.9635999798774719
0101011011000010011000000110011011001111010011010100010110110111100 0.9635000228881836
0101010100000010111000000110011011001111010001011100010010110111100 0.9634000062942505
1100100101011100011000111000110011010110001001111101000001000011111 0.963100016117096
0101010001001010011110011100011011011111010001010011010000100111110 0.963100016117096
Generation 24
0001010001001011011110010100011011001111010001010100010101100111101 0.9732999801635742
0001010001001011011110010100011011001111010001010100010101100111101 0.9732999801635742
1100110101011101011010110010100011101101100101111011100111100011111 0.9721999764442444
1100110101011101011000111010110000001010010001110101010011111111011 0.9715999960899353
1100110101011101011010110010100111010110001001111001101111000011111 0.9714999794960022
0101110100000010110110010100011011001111010001110100010100111101011 0.9696999788284302
1100110101011101011000000110011011001111010011010101010110110111100 0.9695000052452087
1100110101011101011000111010110000001010011101110011000001111101011 0.9693999886512756
0101010100000010011101000100011011001111010001010100010110010111101 0.968999981880188
0001010001001011011110010100011011001111010001110100100001100111101 0.9682999849319458
0101110100000010111110010100011011001111010001110101010011111101011 0.9675999879837036
1100110101011101011010110010000011101101100101111001010111101101011 0.9674999713897705
0101011011000010011000000110011011001111010011010100010111110111100 0.9664000272750854
0101010100001010011101000000011011001111010011010100010111110111101 0.9663000106811523
1100111101000010011000000110001111010010011001010101010011111101011 0.9656999707221985
1100110101011101011000111010110010001010111101110111000110110101011 0.965499997138977
0101110100000010111110010100011011001111010001110100010100110101011 0.9652000069618225
1100110101011101011010110010100011101101100101111101100111010011111 0.964900016784668
1100111101100010011000000110001111010010011001010101010011111101011 0.9646999835968018
1100110101011101011000000110011011001111010011010111010110110111100 0.9641000032424927
0001110001001011011101000100111011001111110001110100010111100111101 0.9639000296592712
0101010100000010111000001010011011001111010001110101010011111101011 0.963699996471405
0101010100000010111000000110011011001111010011010100010110110111100 0.9635999798774719
0101011011000010011000000110011011001111010011010100010110110111100 0.9635000228881836
0101010100000010111000000110011011001111010001011100010010110111100 0.9634000062942505
1100100101011100011000111000110011010110001001111101000001000011111 0.963100016117096
Generation 25
0001010001001011011110010100011011001111010001010100010101100111101 0.9732999801635742
0001110101001011011101000100111011001111110011010100010110110111100 0.9749000072479248
0001010001001011011110010100011011001111010001010100010101100111101 0.9732999801635742
1100110101011101011010110010100011101101100101111011100111100011111 0.9721999764442444
1100110101011101011000111010110000001010010001110101010011111111011 0.9715999960899353
1100110101011101011010110010100111010110001001111001101111000011111 0.9714999794960022
0101110100000010110110010100011011001111010001110100010100111101011 0.9696999788284302
1100110101011101011000000110011011001111010011010101010110110111100 0.9695000052452087
1100110101011101011000111010110000001010011101110011000001111101011 0.9693999886512756
0101010100000010011101000100011011001111010001010100010110010111101 0.968999981880188
0001010001001011011110010100011011001111010001110100100001100111101 0.9682999849319458
0101110100000010111110010100011011001111010001110101010011111101011 0.9675999879837036
1100110101011101011010110010000011101101100101111001010111101101011 0.9674999713897705
0001010000001011011110010100011011001111010001010100110110000111101 0.9674000144004822
0101011011000010011000000110011011001111010011010100010111110111100 0.9664000272750854
0101010100001010011101000000011011001111010011010100010111110111101 0.9663000106811523
1100111101000010011000000110001111010010011001010101010011111101011 0.9656999707221985
1100110101011101011000111010110010001010111101110111000110110101011 0.965499997138977
0101010100000010011101000100011011000010011001010101010011111111101 0.965499997138977
0101110100000010111110010100011011001111010001110100010100110101011 0.9652000069618225
1100110101011101011010110010100011101101100101111101100111010011111 0.964900016784668
1100111101100010011000000110001111010010011001010101010011111101011 0.9646999835968018
1100110101011101011000000110011011001111010011010111010111110111100 0.9645000100135803
1100110101011101011000000110011011001111010011010111010110110111100 0.9641000032424927
0001110001001011011101000100111011001111110001110100010111100111101 0.9639000296592712
0101010100000010111000001010011011001111010001110101010011111101011 0.963699996471405
Generation 26
0001110101001011011101000100111011001111110011010100010110110111100 0.9749000072479248
0001110101001011011101000100111011001111110011010100010110110111100 0.9749000072479248
0001010001001011011110010100011011001111010001010100010101100111101 0.9732999801635742
1100110101011101011010110010100011101101100101111011100111100011111 0.9721999764442444
1100110101011101011000111010110000001010010001110101010011111111011 0.9715999960899353
1100110101011101011010110010100111010110001001111001101111000011111 0.9714999794960022
0101110100000010110110010100011011001111010001110100010100111101011 0.9696999788284302
1100110101011101011000000110011011001111010011010101010110110111100 0.9695000052452087
1100110101011101011000111010110000001010011101110011000001111101011 0.9693999886512756
0101010100000010011101000100011011001111010001010100010110010111101 0.968999981880188
0001010001001011011110010100011011001111010001110100100001100111101 0.9682999849319458
0101110100000010111110010100011011001111010001110101010011111101011 0.9675999879837036
1100110101011101011010110010000011101101100101111001010111101101011 0.9674999713897705
0001010000001011011110010100011011001111010001010100110110000111101 0.9674000144004822
0101011011000010011000000110011011001111010011010100010111110111100 0.9664000272750854
0101010100001010011101000000011011001111010011010100010111110111101 0.9663000106811523
1100111101000010011000000110001111010010011001010101010011111101011 0.9656999707221985
1100110101011101011000111010110010001010111101110111000110110101011 0.965499997138977
0101010100000010011101000100011011000010011001010101010011111111101 0.965499997138977
0101110100000010111110010100011011001111010001110100010100110101011 0.9652000069618225
1100110101011101011010110010100011101101100101111101100111010011111 0.964900016784668
1100111101100010011000000110001111010010011001010101010011111101011 0.9646999835968018
1100111101100010011000000110001111010010011001010111010111111111110 0.9646999835968018
1100110101011101011000000110011011001111010011010111010111110111100 0.9645000100135803
1100110101011101011000000110011011001111010011010111010110110111100 0.9641000032424927
0001110001001011011101000100111011001111110001110100010111100111101 0.9639000296592712
Generation 27
0001110101001011011101000100111011001111110011010100010110110111100 0.9749000072479248
0001110101001011011101000100111011001111110011010100010110110111100 0.9749000072479248
0001010001001011011110010100011011001111010001010100010101100111101 0.9732999801635742
1100110101011101011010110010100011101101100101111011100111100011111 0.9721999764442444
1100110101011101011000111010110000001010010001110101010011111111011 0.9715999960899353
1100110101011101011010110010100111010110001001111001101111000011111 0.9714999794960022
0101010100001011011101000100011011000010011001010100010000111111101 0.9704999923706055
0101110100000010110110010100011011001111010001110100010100111101011 0.9696999788284302
1100110101011101011000000110011011001111010011010101010110110111100 0.9695000052452087
1100110101011101011000111010110000001010011101110011000001111101011 0.9693999886512756
0101010100000010011101000100011011001111010001010100010110010111101 0.968999981880188
0001010001001011011110010100011011001111010001110100100001100111101 0.9682999849319458
0101110100000010111110010100011011001111010001110101010011111101011 0.9675999879837036
1100110101011101011010110010000011101101100101111001010111101101011 0.9674999713897705
0001010000001011011110010100011011001111010001010100110110000111101 0.9674000144004822
0001110101001011011101000100111011101111110011010111010110110111100 0.9666000008583069
0101011011000010011000000110011011001111010011010100010111110111100 0.9664000272750854
0101010100001010011101000000011011001111010011010100010111110111101 0.9663000106811523
1100111101000010011000000110001111010010011001010101010011111101011 0.9656999707221985
1100110101011101011000111010110010001010111101110111000110110101011 0.965499997138977
0101010100000010011101000100011011000010011001010101010011111111101 0.965499997138977
0101110100000010111110010100011011001111010001110100010100110101011 0.9652000069618225
1100110101011101011010110010100011101101100101111101100111010011111 0.964900016784668
1100111101100010011000000110001111010010011001010101010011111101011 0.9646999835968018
1100111101100010011000000110001111010010011001010111010111111111110 0.9646999835968018
1100110101011101011000000110011011001111010011010111010111110111100 0.9645000100135803
Generation 28
0001110101001011011101000100111011001111110011010100010110110111100 0.9749000072479248
0001110101001011011101000100111011001111110011010100010110110111100 0.9749000072479248
0001110101001011011101000100111011101111110011110111010111110111100 0.9747999906539917
0001010001001011011110010100011011001111010001010100010101100111101 0.9732999801635742
1100110101011101011010110010100011101101100101111011100111100011111 0.9721999764442444
0001110101001011011101000100111011001111110111010101011110110111100 0.9717000126838684
1100110101011101011000111010110000001010010001110101010011111111011 0.9715999960899353
1100110101011101011010110010100111010110001001111001101111000011111 0.9714999794960022
1100111101100010011101000100111011101111111001010111010111111111100 0.9714999794960022
0101010100001011011101000100011011000010011001010100010000111111101 0.9704999923706055
0101110100000010110110010100011011001111010001110100010100111101011 0.9696999788284302
1100110101011101011000000110011011001111010011010101010110110111100 0.9695000052452087
1100110101011101011000111010110000001010011101110011000001111101011 0.9693999886512756
0101010100000010011101000100011011001111010001010100010110010111101 0.968999981880188
0001010001001011011110010100011011001111010001110100100001100111101 0.9682999849319458
0101110100000010111110010100011011001111010001110101010011111101011 0.9675999879837036
1100110101011101011010110010000011101101100101111001010111101101011 0.9674999713897705
0001010000001011011110010100011011001111010001010100110110000111101 0.9674000144004822
1100110101011101011000000110011011001111010011010101010111110111100 0.9670000076293945
0001110101001011011101000100111011101111110011010111010110110111100 0.9666000008583069
0101011011000010011000000110011011001111010011010100010111110111100 0.9664000272750854
0101010100001010011101000000011011001111010011010100010111110111101 0.9663000106811523
1100111101000010011000000110001111010010011001010101010011111101011 0.9656999707221985
0101110100000010110110010100011011001111010001110101010100111101011 0.9656999707221985
1100110101011101011000111010110010001010111101110111000110110101011 0.965499997138977
0101010100000010011101000100011011000010011001010101010011111111101 0.965499997138977
Generation 29
0001110101001011011101000100111011001111110011010100010110110111100 0.9749000072479248
0001110101001011011101000100111011001111110011010100010110110111100 0.9749000072479248
0001110101001011011101000100111011101111110011110111010111110111100 0.9747999906539917
0001010001001011011110010100011011001111010001010100010101100111101 0.9732999801635742
1100110101011101011010110010100011101101100101111011100111100011111 0.9721999764442444
0001110101001011011101000100111011001111110111010101011110110111100 0.9717000126838684
1100110101011101011000111010110000001010010001110101010011111111011 0.9715999960899353
1100110101011101011010110010100111010110001001111001101111000011111 0.9714999794960022
1100111101100010011101000100111011101111111001010111010111111111100 0.9714999794960022
0101010100001011011101000100011011000010011001010100010000111111101 0.9704999923706055
0101110100000010110110010100011011001111010001110100010100111101011 0.9696999788284302
1100110101011101011000000110011011001111010011010101010110110111100 0.9695000052452087
1100110101011101011000111010110000001010011101110011000001111101011 0.9693999886512756
0101010100000010011101000100011011001111010001010100010110010111101 0.968999981880188
0001010001001011011110010100011011001111010001110100100001100111101 0.9682999849319458
0101110100000010111110010100011011001111010001110101010011111101011 0.9675999879837036
1100110101011101011010110010000011101101100101111001010111101101011 0.9674999713897705
0001010000001011011110010100011011001111010001010100110110000111101 0.9674000144004822
1100110101011101011000000110011011001111010011010101010111110111100 0.9670000076293945
0001110101001011011101000100111011101111110011010111010110110111100 0.9666000008583069
0101011011000010011000000110011011001111010011010100010111110111100 0.9664000272750854
0101010100001010011101000000011011001111010011010100010111110111101 0.9663000106811523
1100111101000010011000000110001111010010011001010101010011111101011 0.9656999707221985
0101110100000010110110010100011011001111010001110101010100111101011 0.9656999707221985
1100110101011101011000111010110010001010111101110111000110110101011 0.965499997138977
0101010100000010011101000100011011000010011001010101010011111111101 0.965499997138977
Generation 30
0001110101001011011101000100111011001111110011010100010110110111100 0.9749000072479248
0001110101001011011101000100111011001111110011010100010110110111100 0.9749000072479248
0001110101001011011101000100111011101111110011110111010111110111100 0.9747999906539917
0001010001001011011110010100011011001111010001010100010101100111101 0.9732999801635742
1100110101011101011010110010100011101101100101111011100111100011111 0.9721999764442444
0001110101001011011101000100111011001111110111010101011110110111100 0.9717000126838684
1100110101011101011000111010110000001010010001110101010011111111011 0.9715999960899353
1100110101011101011010110010100111010110001001111001101111000011111 0.9714999794960022
1100111101100010011101000100111011101111111001010111010111111111100 0.9714999794960022
0101010100001011011101000100011011000010011001010100010000111111101 0.9704999923706055
0101110100000010110110010100011011001111010001110100010100111101011 0.9696999788284302
1100110101011101011000000110011011001111010011010101010110110111100 0.9695000052452087
1100110101011101011000111010110000001010011101110011000001111101011 0.9693999886512756
0101010100000010011101000100011011001111010001010100010110010111101 0.968999981880188
0001010001001011011110010100011011001111010001110100100001100111101 0.9682999849319458
0101110100000010111110010100011011001111010001110101010011111101011 0.9675999879837036
1100110101011101011010110010000011101101100101111001010111101101011 0.9674999713897705
0001010000001011011110010100011011001111010001010100110110000111101 0.9674000144004822
1100110101011101011000000110011011001111010011010101010111110111100 0.9670000076293945
0001110101001011011101000100111011101111110011010111010110110111100 0.9666000008583069
0101011011000010011000000110011011001111010011010100010111110111100 0.9664000272750854
0101010100001010011101000000011011001111010011010100010111110111101 0.9663000106811523
0101110001001011010101000100111011001111010011010100010110110111100 0.9661999940872192
1100111101000010011000000110001111010010011001010101010011111101011 0.9656999707221985
0101110100000010110110010100011011001111010001110101010100111101011 0.9656999707221985
0001110101001011011101000110100011101111110101011001011110100011111 0.9656999707221985
[0.9394999742507935, 0.9693999886512756, 0.9693999886512756, 0.9693999886512756, 0.9693999886512756, 0.9693999886512756, 0.9693999886512756, 0.9693999886512756, 0.9693999886512756, 0.9693999886512756, 0.9693999886512756, 0.9693999886512756, 0.9693999886512756, 0.9721999764442444, 0.9721999764442444, 0.9721999764442444, 0.9732999801635742, 0.9732999801635742, 0.9732999801635742, 0.9732999801635742, 0.9732999801635742, 0.9732999801635742, 0.9732999801635742, 0.9732999801635742, 0.9749000072479248, 0.9749000072479248, 0.9749000072479248, 0.9749000072479248, 0.9749000072479248, 0.9749000072479248]
[0, 0, 0, 1, 1, 1, 0, 1, 0, 1, 0, 0, 1, 0, 1, 1, 0, 1, 1, 1, 0, 1, 0, 0, 0, 1, 0, 0, 1, 1, 1, 0, 1, 1, 0, 0, 1, 1, 1, 1, 1, 1, 0, 0, 1, 1, 0, 1, 0, 1, 0, 0, 0, 1, 0, 1, 1, 0, 1, 1, 0, 1, 1, 1, 1, 0, 0] 0.9749000072479248 0.7697647973895073