Downloading data from https://storage.googleapis.com/tensorflow/tf-keras-datasets/mnist.npz
11493376/11490434 [==============================] - 0s 0us/step
11501568/11490434 [==============================] - 0s 0us/step
Generation 1
1001000110100101100001000010100100101011000101011011010000100011010 0.11349999904632568
0000001011111001100011101011000001101000100011000010001000100011001 0.09640000015497208
1001000101000010111100000100000101000001001010100001101010001010010 0.1006999984383583
0000001000101001100010110000000000101011001000100010000111101011110 0.6875
0100111011001010100100001000001100001101001011111100110110111111011 0.9072999954223633
0100000100000110001100011111101010110111011000110101011100011110111 0.5608999729156494
1100010010000010010100000000101011110001001001011110100001100001000 0.08479999750852585
1000000110011011100101100011001001101111101101010100101000001001110 0.22529999911785126
1100101010001101000001011110101100110101010000010100010101010001011 0.41659998893737793
1000011111101110101100000011001100010001101001110011100001110101001 0.5447999835014343
0000000000100010001001011010001100011010110001111011110000001110010 0.10329999774694443
0100111100010101001010100011000011100001110110001110110010111000111 0.09799999743700027
1100110100000010000111010101010010010101010011010001110101111011111 0.9053000211715698
0101001010100111101000111001101110010011010011011000010010110010100 0.1923999935388565
0100110110101100111100001101011111101001101001010001011101111110100 0.13590000569820404
0000101010000100100001100101110000011011011001110100010110101101110 0.8330000042915344
0100000100010001011100010001000010011000001110110011001010011000001 0.09989999979734421
0000100000100010000001111011010001100110110110001010110100111000111 0.1687999963760376
0001001111001011011100111011001011010110001011000111011010001101110 0.9200999736785889
0000100100011000010011000000010111111100001001010111100000011011110 0.9146999716758728
0000111100101110000100101001010000100111010001101110010111001100000 0.4887000024318695
0000011100000100101011011010100110001000001100100011100000010101101 0.09799999743700027
0000100001001001010100011010010111100100011100011111100001000101100 0.557200014591217
0000101110110001101010001110111010101011010000001010110001111111111 0.31839999556541443
0000010101011101000001111101111000110001111101011000000010110101110 0.9598000049591064
0101011011001001000011100011101110001111111101101111000101011011110 0.27300000190734863
0000001011100001000111000110010100001011111100111001101111000000010 0.12160000205039978
0100010100011000000110100101111011001111101100011101001100001011001 0.07989999651908875
1000100010110100011000011101001111110101110110010011111011111100001 0.06849999725818634
0010111010000011111100100101010011000100000011010111101010101011111 0.9262999892234802
0100010000111010101000001011001100110010101011011111011110110111011 0.5637000203132629
0100110100101010010011011000000110010001100011100001001100001000011 0.1251000016927719
1000010010111011110010101111011111000101001101110000111010101100101 0.8705000281333923
0110010110000110100000011010011000111110110100011101110111010111010 0.8102999925613403
0100101111001111111100011000101011000011110000011110011010010010111 0.09799999743700027
0100010000101100000010000110010000100110010111001111100010001101110 0.5961999893188477
0001111101011111001000001010100011001101000010000101000111100101000 0.5698999762535095
0001010001100101000100001100001010001111100011110011001010010001110 0.40720000863075256
0001101101001101110010010011110001001000110101011110100110100111101 0.8521000146865845
0001010100010101000100101100111010011110100010100011111111100000010 0.12639999389648438
0100110010010001001010010000111111000010101110111000110000000100110 0.10100000351667404
1100011011011000011110000010100001110011010011011111010100010011000 0.09740000218153
0100101100111101011000011100001000110010001110100001010010001010101 0.26930001378059387
1000101111100010111000001100111011111110010001100101010000110010000 0.11320000141859055
1011011001000100001100000110110000101101011111101010100010000110001 0.09709999710321426
0100001100110110111000111101011111001001110101011000111110000001000 0.08250000327825546
1000011001100010100111111101110011000111110111011110011000100000011 0.13019999861717224
1100011100101111101001010011101101000000111001111010000011111101100 0.9580000042915344
0001000001001101101000001001010011000111010000111001111001001000101 0.31360000371932983
0000110010011000000101100010110110011001010001110010111001111110011 0.16769999265670776
[0.9598000049591064]
[0, 0, 0, 0, 0, 1, 0, 1, 0, 1, 0, 1, 1, 1, 0, 1, 0, 0, 0, 0, 0, 1, 1, 1, 1, 1, 0, 1, 1, 1, 1, 0, 0, 0, 1, 1, 0, 0, 0, 1, 1, 1, 1, 1, 0, 1, 0, 1, 1, 0, 0, 0, 0, 0, 0, 0, 1, 0, 1, 1, 0, 1, 0, 1, 1, 1, 0] 0.9598000049591064 0.8030979633331299
Generation 2
0000010101011101000001111101111000110001111101011000000010110101110 0.9598000049591064
0100000100000110001100011111101010110111010000110101011110111011111 0.09799999743700027
0000001000101001100010000000010111111100001000100011100000011011110 0.6363999843597412
0000100110011000010011110000000000101010001001010110000111101011110 0.9354000091552734
0100010000101100000010000110010000100010101011011111011110011111110 0.9063000082969666
0000010000111010101000001011001101100110010111001111100010101101011 0.26159998774528503
0100110010010001010101100010110110011001010001110010110001111110010 0.15649999678134918
0000110010011000001010010000111111000010101110111000111000000100111 0.28929999470710754
0000001000101001100010110000000000101011001000100011001011011011110 0.6306999921798706
0010010001100111000100001100001010001111100011110010000110100011110 0
0100111011001010100100001000001100001101001011111100110110011011110 0.8906000256538391
0000100100011000010011000000010111111100001001010111100000111111011 0.923799991607666
1100110100000010000111010101010010010001010011010001110101101011110 0.9061999917030334
0000000000101001100010110000000000101011001000100010000111111011111 0.7075999975204468
1000010010111011110010101111011111010011010011110000010010110010100 0.06949999928474426
0101001010100111101000111001101110000101001101011000111010101100101 0.9251000285148621
1001010100010101000100101100111010011110100011110011111010101000111 0.42089998722076416
0000010010101011110010101111011111000101001100100000111111100100000 0.10029999911785126
1100110100000010000111010010100100101011000101011011010000100011111 0.9384999871253967
1001000110100101100001010101010010010101010011010001110101111011010 0.10339999943971634
0001001111001011011100111011001010010110001011000101011100001100110 0.9567999839782715
0100000100100110001100011111111010110111011001100111011010011111111 0.6004999876022339
0000111110101110101100101001010000100111010001110010010111110101001 0.9135000109672546
1000011100101110000100000011001100010001101001101111100001001100000 0.12210000306367874
0001111101011111001000010010100011001101000001111011000011110101100 0.9679999947547913
1100011100101111101011001011101101000000111010000100000111101101000 0.2206999957561493
0100000100000110001100011111111010110111011000001111101010011100110 0.20309999585151672
0100010000101100000010000110010000100110010111110101011100001111111 0.09700000286102295
0010111010000011111100100101010011000101111101101111000101101011111 0.960099995136261
0101011011001001000011100011101110001110000011010111101010011011110 0.22269999980926514
0000111100101110000100101001000000111110110100011101110111011100010 0.6832000017166138
0110010110000110100000011010011000100111010001101110011111000111000 0.4180000126361847
1100011100101111101001010011101101000100111001111001110111011101110 0.9375
0110010110000110100000011010011000111110110100011010000011110111000 0.25870001316070557
0100110100101010010011011000000110010001100011100001001100001000011 0.1257999986410141
0100111100101010010011011000000110010001100011100001001100001000011 0.16009999811649323
0000100100011000010001000000010111111100001111000111100000001101110 0.47609999775886536
0100010000101100000010000100010000100110010001011111100011011011110 0.5485000014305115
1100110100000010000111010101010010010101010011010001110101111011111 0.9460999965667725
1100110100000010000111010101000010010101010011010001110101111011111 0.9351000189781189
0000010101011101000001111101111000110001111101010011001010010101110 0.95660001039505
0001010001100101000100001100001010001111100011111000000010110001110 0.2046000063419342
1100011100101111101100001101011111101001101001010001000011111101000 0.1251000016927719
0100110110101100111001010011101101000000111001111010011101111110100 0.051600001752376556
0000011111001011011100111011001011010110001011000110110110011111110 0.8974000215530396
0100111011001010100100001000001100001101001010111101011010101101011 0.6588000059127808
0100110100101010010011011000000110010001100011110001001010101001011 0.11159999668598175
0010110010000011111100100101010011000100000011010111101100001010111 0.7985000014305115
0001010001100101000010110000000000101011001011110011101110010001110 0
0000001000101001100100001100001010001111100000100010000011101011110 0.7269999980926514
0000010101011101000001111101111000110001111101011000000010110101110 0.9598000049591064
Generation 3
0001111101011111001000010010100011001101000001111011000011110101100 0.9679999947547913
1100110100000010000111010101011010010101110011010001110101111011111 0.9362000226974487
1100010100000010000111010101000010010101010011010001110101111011111 0.940500020980835
0100101010100111101000111001101110010101001101011000111010101101111 0.1137000024318695
0100010000101111101100000110010000100010101001010001000011111101000 0.061400000005960464
1100011100101100000010001101011111101001101011011111011110011111110 0.9136000275611877
0001111101011111001000010010100011001101000001111011000011110101100 0.9584000110626221
0001111101011111001000010010100011001101000001111011010011110101100 0.9659000039100647
0100111011001010100100101001000000111110110100011101110110011100010 0.3578000068664551
0000110100101110000100001000001100001101001011111100110111011011110 0.9426000118255615
0000010101011101100001111101111000110001111101010011100000111111011 0.8644999861717224
0000100100011000010011000000010111111100001001010111001010110101110 0.9581000208854675
0010111010000011111100101101111000110001111101010011000101101001111 0
0000010101011101000001110100010011000101111101101111001010010111110 0.8744999766349792
0000110010011000001010010000111111000010101110111000111000100100111 0.20839999616146088
0101000010000111101000111001101110000101001101011000111010001100101 0.9366000294685364
0000001000101001100100001100001010001011000100100111010000100011111 0.12890000641345978
1100110100000010000111010010100100101111100001011010000011101011110 0.8163999915122986
0000100111011000000110000100000000101010001001010110010111101011110 0.9344000220298767
0100010000101100010011110000010000100110010001011111100011011011110 0.6136999726295471
1100110100001100000010000110010000100010100011010001110101111111111 0.10090000182390213
0100010000100010000111010101010010010101010011011111011110011011110 0.6945000290870667
0110010110000110100001111101111000110001111101010011000010110111100 0
0000010101010101000000011010011000111110110100011010001011010101010 0.2973000109195709
1100110100000010000111010101000010010101010011010001110101101010111 0.9276000261306763
0010110110000011111100100001010011000100000011010111101100001011111 0
0000111110101110111100101001010000100111010001010111100011111101011 0.9531999826431274
0000100100011000010001000000010111111100001001110010010100110111001 0.8285999894142151
0010111010000011111100100101010011000101111101100111100001101011111 0.9628999829292297
0000100100011000010011000000010111111100001001011111000100111111011 0.923799991607666
0001000110100100100001010101010010010101010011010001011100011100010 0.23739999532699585
1001001111001011011110111011001010010110001011000101110101101011110 0
0100010000101011111100100101010011000010101011010111101100001111111 0.1080000028014183
0010110010000100000010000110010000100100000011011111011110011010110 0.3269999921321869
1100110100000010000110010101010010010101010011010001110101111011111 0.9429000020027161
1100110100000010000111010101010010010101010011010001110101111011111 0.9157999753952026
0011111010000011111100100101010011000101111101110010010111101111100 0
0000111110101110101100101001010000100111010001101111000101110001011 0.5580000281333923
0000100100011000000011000000010111111100000011010111100000111111011 0.7261999845504761
0101010011001001010011100011101100001010001001010111101010001010110 0
0101001010100111101000111001100000100010111011011111011110001111110 0.847100019454956
0100010000101100000010000110011110000101001101011000111010111100101 0.8144000172615051
0000100110011000010001110101111000110001111101011100000011100011110 0.9352999925613403
0000010101011111000011110000000000101010001001010010100110111101110 0.9348999857902527
0000110010011000001010010000111111000011101101011000110010000100110 0.9462000131607056
0000010101011101000001111101111000110000111110111000001000110101111 0.09799999743700027
1001010100010101000100101100011010011110000011110011010000101001111 0.27469998598098755
1100110100000010000111001010100100101010000101011011111010100010101 0.8766999840736389
0101001010100001100010110101101110000101001101011010000110101011101 0
0000000000101111101000111000000000101011001000100000111011111100111 0.42089998722076416
0001111101011111001000010010100011001101000001111011000011110101100 0.9679999947547913
Generation 4
0001111101011111001000010010100011001101000001111011000011110101100 0.9679999947547913
0100010000101100000010000110011110000101001011011111011110011110100 0.11469999700784683
1100011100101100000010001101011111101001101101011000111010111101110 0.9386000037193298
0010111010000011111100100101010011000101111101100111100001101010111 0.9539999961853027
1100010100000010000111110101000010010101010011011001110101111011111 0.9440000057220459
0001101000000010000111010101000010011101010011010001110101110011111 0.879800021648407
1100010101010111001001010010100011001101000001111011000011111101100 0.9581999778747559
0000100110011011001000000010100011001101000101011111000011110101100 0.9624000191688538
0001111101011111001000010010100011001101000001010111100110111101100 0.9624000191688538
0000010101011111000011110000000000101010001001010011000011110101110 0.9470999836921692
0100111011001010100100101001000000111110110100001101110111011110010 0.10480000078678131
0000110100101110000100001000001100001101001011111100110110011001110 0.7961000204086304
0101001010100111101001111001100000100010001001010110011111101111110 0
0000100111011000000110000100000000101010111011011111010110001011110 0.9276999831199646
1100110100000010001111010101010010010101010011011001100101111010111 0.09799999743700027
0010110010000101000010000110010000100101000011011111011110011011110 0.8302000164985657
0001111101011110000111010101000010010101000001010001000011110011110 0
1100000100000011001000010010100011001101010011111011110101111101101 0.9225999712944031
1100010100000010001000010010100011001101000001101011000001111001110 0.9043999910354614
0001111101011111000111010101000010010101010011010001110111110111101 0
1100110100000010001110010101011010010101110011010001110101101010111 0.9211999773979187
1100110100000010000111010101000010010101010011010001110101101011111 0.9259999990463257
1100011100101100000110010101010111101001101011011111010110111111111 0.0982000008225441
1100110100000010000010001101011010010101010011010001111101011011110 0.9142000079154968
0000100010000111101000111001101100100110001001011000111011101100101 0.9028000235557556
0101000111011100000110000100000010001001001101010111010110001011110 0
0100011100101100000010001101011111001001000001111011000010011111110 0.9361000061035156
1001111001011111001000010010100011001101101011011111011111110101100 0.955299973487854
0100101010100111101000111001101110010101010011010001111010111101111 0.11349999904632568
1100110100000010000110010101010010010101001101011000100101101011111 0.9323999881744385
0000100110011000010001110111111000110001111101011100000011100011110 0.9394000172615051
0000100110011000010001110101111000110001111101011100000011100011110 0.9225000143051147
0000100100011000000011000000010111111100001001010111010100110101100 0.9581999778747559
0000100100011010010001010000010111111100001001110010001010110111011 0.9520000219345093
0000110110011000001010010000111111000011101101011001110110000100110 0.9613000154495239
0100111011001010100100100001000000111110110100011100110010011100110 0.7437000274658203
0000110100101110000100001000001100001101001011011000111011001100101 0.9466999769210815
0101000010000111101000111001101110000101001101111100110110011011110 0.9031000137329102
1100110100000010000100001000000010010101010011111100110111011011111 0.9215999841690063
0000111100101110000111010001001100001101001011010001110101101010110 0.6208000183105469
1100110100000010000111010101001010010101010011010000110101111011111 0.9168999791145325
1100010100000011000111010101011010010101110011010001110101111011111 0.9424999952316284
0000010101011101000001110100010011000101111101101110001010010111110 0.9243999719619751
0000110010011000001010010000111111000011111101011001110010010100110 0.9557999968528748
0101111101011111001000111101101100000101001101011001000011111101100 0.9670000076293945
0001000010000111101001010010100011001100000001111010111010000100101 0.9455999732017517
0001111101011111001001010010100011001010001001010010000111110101100 0
0000010101011111000011110000000000101101100001111011100010111101110 0.8863999843597412
1100110100000010000111010101010010010101010011010001110101111011111 0.9377999901771545
1100110100000010000111010101011010011101110011010001110101111011111 0.9243999719619751
0001111101011111001000010010100011001101000001111011000011110101100 0.9679999947547913
Generation 5
0001111101011111001000010010100011001101000001111011000011110101100 0.9679999947547913
0101111101011111001000111101101100000101001101011001000011111101100 0.9621999859809875
0001111101011111001000010010100011001101000001111011000011110101100 0.9584000110626221
0000100100011000000011000000010101111100001001010111010110111101100 0.9391999840736389
0001111101011111001000010010100011001101000001010111100100110101100 0.9573000073432922
0100011100101100000010001101011111001001010011010001110101111111110 0.9169999957084656
0001101000000010000111010101000010011101000001111011000010010011111 0.958899974822998
1100110100000010000110111101111000010101001101011100000011100011110 0.9059000015258789
0000100110011000010001010101010010110001111101011000100101101011111 0.9488000273704529
0101111100011011001000111101101100001101001101011001100001101011101 0.7098000049591064
0010111010000011111100100101010011000101111101100111000011111000110 0.8392999768257141
0101111101011111001000111101101100000101111101011011000011111011110 0.9135000109672546
0000100111011000000110000100000000101010001011011101010110001101000 0.40619999170303345
1100010101010111001001010010101011001101000001101010001011111101100 0.9495000243186951
0000100100011010010001010000010111111100001001110011000010110111011 0.9437999725341797
0000010101010010010001110000000000101011001001010011000011110101001 0.5478000044822693
0000100100011111000011010001010111111100001001010010001010110111110 0.9408000111579895
1001110010000111101000111001101100100110001001011011011011101100101 0.9327999949455261
0000101001011111001000010010100011001101101011011110111111110101100 0.9492999911308289
0000100010011000001010010000111111000001111101101110001010010110110 0.6044999957084656
0000010101011101000001110100010011000111111101011001110010010101110 0.947700023651123
0000100111011000000110000100000000101010111011011111010110001111100 0.9552000164985657
0101111101011111001000111101101100000101001101011001000011111001110 0.79830002784729
0000100010000111101000111001101100100110001001011000111011101100111 0.7651000022888184
0100011100101100000010001101011111001001000001111011000010011111100 0.9416000247001648
0000100100011000000011010000010111111100001001010111010111100001110 0.8712000250816345
1100110100000010000111010101000010010101010011010001110100111111101 0.9175000190734863
0001111000000010000111010101000000011101000001010100110101111011101 0.6430000066757202
0001101101011111001000010000100011001101010011010011100110110101110 0.09740000218153
1100110100000010000110001101011010010101010011010001111101011011110 0.8974000215530396
1100010101010111001001010010100011001101000001111011000011111101100 0.954800009727478
0001111001011111001000010010100000001010111001111011000110000111100 0.9498999714851379
0000100111011000000110000000000011001101000011001111010011101001110 0.859000027179718
0001111001011111001000010010100011000101111101111110001111010111100 0.9444000124931335
1000010101010101000001110100010011001101101011011111011010100101110 0.9433000087738037
0000100010000111100000111001101100100110001001000000110001001100101 0.817300021648407
0010111010000011111100100101010011000101111101101111101011101010111 0.9513000249862671
0000100110011011001000000010100011101101000101011111010110010101100 0.9598000049591064
0000100111011000000110000100000000101010111011011111000011101011110 0.9505000114440918
0001111101011111001000010010100011000011101101010111100100010100110 0.9625999927520752
0000110110011000001010010000111111001101000001011001110110001101110 0.9607999920845032
0000111010011000001010010010111111000011111101011001000011010101100 0.9613999724388123
0000100110011011001000000010100011001101000101011111110010110100110 0.9617999792098999
0001110010000101000010000110010000100101000011010111000110011011110 0.8604999780654907
0000110110011000001010010000111111000011101101011001110011100011110 0.9314000010490417
0000100110011000010001110111111000110001111111111100000110000100110 0.9656999707221985
0001111000001010000110010101000011001101010011010001110101110011111 0.8855000138282776
1001111001011111001001010010100010011101101011011111011111110101100 0.9595000147819519
1100110100000010000101001000000010010101001101011000110011010001111 0.9301000237464905
0000100010011000101010010000111111000011110011111101110110011110110 0.6333000063896179
0001111101011111001000010010100011001101000001111011000011110101100 0.9679999947547913
Generation 6
0001111101011111001000010010100011001101000001111011000011110101100 0.9679999947547913
1000010101010111001001010010100010001101001011011111000010101101100 0.6274999976158142
1100010101010101000001110100011011001101100001111011111011110101110 0.892799973487854
1100110001010010010110111101111000010101001011011111011111110011100 0.5947999954223633
1001111100001111001001010010100010011101101111011100010011100101110 0.9057999849319458
0001111000001010000110010101000011001101010011010001111101110011111 0.9115999937057495
0001111000001010000110010101000011001101010011010001110101110010111 0.7850000262260437
0000101001011111001000010010100011001101101011011110111111110000101 0.5670999884605408
0001110100000010000101010010000010010101010011010001110100000111101 0.9534000158309937
1100111001011111001000010100100000001010111001111011000110111111101 0.9394999742507935
0000101001011111000000010010100010010101000011010001111111111111100 0.8761000037193298
1100110100000010100101010101000011001101111011011110110100110101101 0.9276000261306763
1100110101011111001011010101000010011101101001011111011100111111101 0.9395999908447266
1001111000000010000001010010100010010101010011010001110111110101100 0.8877999782562256
0000101001011111001000010011010011001101101011011111000111110101110 0.9343000054359436
0010111010000011111100100100100011000101111101100110111010111000100 0.4560000002384186
0001111101010101000001100100010011001101101011011011000110000111110 0.5710999965667725
1000010001011111001000010010100000001010111001111111011010100101100 0.923799991607666
1001111001011111001001010010100010011101101011011111011111110100100 0.9296000003814697
1001110010001111101000111001101101100110001001011011011011100101101 0.9204999804496765
1100010101010101001001010010110011011101000001101001110010010101100 0.9559000134468079
0000010101011101000001110100001011000111111101011010001011111101110 0.9506000280380249
0000110100011111000011010001010010011101101011011111011111110111110 0.656000018119812
1001111001011111001001010010100111111100001001010110001010110101100 0.9501000046730042
0000100111011000000110000100000000101010111011011111000010001111110 0.9257000088691711
0000100100001010010001010000010111111100001001110011010110010111001 0.9032999873161316
1001111001011111001001010010100010011101101111011111011110111111101 0.90829998254776
0101110100011011001000111101101100001101001001011001100001100001100 0.25440001487731934
0000100111011000000011010101000010011101000001111111010110001110111 0.9035999774932861
0001101000000010000110000100000000101010111011011011000010010011100 0.13699999451637268
1000010101010101000001110100010011001101001011001111110011101001110 0.44920000433921814
0000100111001000000110000000000011001101100011011111011010100101110 0.9104999899864197
0000100110011000010001110111111000110001111111111100000110000100110 0.9550999999046326
0000100110011000010001110111111000110001111111111100000110000100110 0.9524999856948853
0001110010000101000010000110010000100101000011010011000110011011110 0.7390999794006348
0001110010000101000010000110010000100101000011010111000110011011110 0.7226999998092651
0001101000000010000100000010100010011101000001111011000010010100110 0.9463000297546387
0000100100011011001011010101000011001101000111011111110010110011111 0.9510999917984009
0000100110000010000110001100100011001101000101001111110010110110110 0.6514000296592712
1101110100011011001000000011011010000101010011010001111111011001110 0.7479000091552734
0001101000000010000111011101011010010101010011011001000010011011111 0.4223000109195709
1100110100000010000110000101010010011101000001110001111101011011010 0.7102000117301941
0100011100101100000010001111011111001001010011010001111011101110100 0.10090000182390213
1000110010000111101000111001101100100110001001011011010101111101111 0.14030000567436218
0001111100001010000110010101000011001101010011010011010101110111110 0.873199999332428
0001111001011111001000010010100011001101000001111001000011110001101 0.7511000037193298
0000100110011000010001110110100011001101000001111011000011011100110 0.9552000164985657
1100010001010111001001010111111000110001111111111100000110000101100 0.913100004196167
1100110100000010000101001000000010010001111111111100110110000100110 0.9075000286102295
0000100110011000010001110111111000110111001101011000000011010001111 0.9495000243186951
0001111101011111001000010010100011001101000001111011000011110101100 0.9679999947547913
Generation 7
0001111101011111001000010010100011001101000001111011000011110101100 0.9679999947547913
0000100100001010001001010010100111111100001001110110001010110111100 0.9351999759674072
1001111001011111010000010000010111111100001001010011010110110101001 0.6995000243186951
0000100110011000010001110111111000010111001101011010000011011111110 0.9628000259399414
0000100111011000000110000100000000101010101011011111000010000001110 0.35659998655319214
0001110010000101000010000110010000100101000010111011000110011011000 0.060600001364946365
0001110101011111001000010010100011001101001001010011000011110101010 0.9193999767303467
1001111101011111001000010010100010011101001011011111011111110100100 0.9455999732017517
0001111001011111001001010010100011001101100001111011000011110101100 0.9621999859809875
0000100110011000010001110111111000110111001101011011110011010001110 0.8855000138282776
0100010101010101000001110100011011001101100001111000001011110101111 0.9132000207901001
1100010101010101001001010010110011011101000001111011100101011100110 0.9610000252723694
0000100110011000010001110110100011001101000001101001010010010101100 0.9563999772071838
0000010101011101000001110100001011000111111101011111101011111001110 0.8496000170707703
0000100100011011001011010101000011001101000111011011010010110111111 0.8971999883651733
1001110010001110010001110111111000110111001101011000001011100101001 0.6216999888420105
0000100110011000101000111001101101100110001001011011010011010001111 0.9502999782562256
1001101000000010000100000010100010011101101111011011011110111100111 0.10279999673366547
0001111001011111001001010010100010011101000001111111000010010111100 0.9585999846458435
1001111000001111001001010010100111101100001001010001110110110101100 0.9352999925613403
1001111001010010001001010010100010010101010011010110001111110101100 0.8271999955177307
1100010101011101000001110100001011000111111001101010001011110101100 0.9359999895095825
0000010101010101001001010010110011011101000101001001110010011101110 0.9035000205039978
0000100110011000010001110111000010010001111111111100110110000100110 0.11349999904632568
1100110100000010000101001000111000110001111111111100000110000100110 0.9455999732017517
0001111101011011000000010010100011001101000111011111110010110001101 0.7166000008583069
0000100100011111001011010101000011001101000001111011000011110111110 0.9386000037193298
0001111000001010000110010101000011001101111011010001111101110011110 0.6656000018119812
0000100111011000000110000100000000101010010111011111000010001111111 0.5429999828338623
1000010001011111001000010010100001000111111101011011011011110101110 0.9232000112533569
0000010101011001000001110100001010011010111001111110001010101101100 0.9557999968528748
1001111000000010000100000010100111111100000001010011000011110101100 0.9505000114440918
0001101001011111001001010010100010011101001001111110001010010100110 0.9380000233650208
0001110010001101000010001110011010010101000011011111011100111111110 0.10100000351667404
1100110101011111001011010101000000101101101001010011000110011011100 0.6536999940872192
1100010101010101001001010011111000110111101101011000000011010101110 0.9412999749183655
0000100110011000010001110110110011011101000001101001110010010001101 0.8036999702453613
0000100111001000000110000000000010001101100011011111011111110101110 0.7991999983787537
0000110100011111000011010001010011011101101011011111011010100111110 0.8967999815940857
0000101001011111001000000010100010010101000011010001111111111111100 0.9211000204086304
1001110010001111101000111001101101100110001001011011011011100101101 0.9398999810218811
1100010101011111001011010001000010011101101001011111011100111101100 0.9521999955177307
1100110101010101001001010010110011011101010001101001110010010111101 0.9154000282287598
1100110100000010000101001000100010010001111111011011011110110100100 0.9532999992370605
0000110010000101000010000110010000100101000011011111000110011110111 0.8575999736785889
0001100111011000000011010001001010011101100001110111010110001011110 0
0001110100000010000101010010000010010101010011010011010011100111101 0.970300018787384
1001110010001111101000110001101101100110001001011001111100000101100 0.9487000107765198
1100010100001010000110010010110011011101000001101001110011110111110 0.9397000074386597
0001111101010101001001010101000011001101010011010011010100010101100 0.885200023651123
0001111101011111001000010010100011001101000001111011000011110101100 0.9679999947547913
Generation 8
0001110100000010000101010010000010010101010011010011010011100111101 0.970300018787384
0001101001011111001001010010100010001101001001010011000011110101010 0.8248999714851379
0001110101011111001000010010100011011101001001111110001010010100110 0.9552000164985657
0100110100000010000101001000100010011101010001101001110010110100100 0.9498000144958496
1100110101010101001001010010110011010001111111011011011110010111101 0.9212999939918518
0000010101011001000001110100001010011010111001111110001011101101110 0.9132999777793884
0001110101011111001000010010100011101101001001010011000010110101000 0.6312999725341797
1001110010001101101000111000100010010001111111011011011111110100101 0.9376999735832214
1100110100000010000101001001101001100110001001011011011010100101100 0.9660999774932861
0001101001011111001001010010100010010111001001011010000010010111100 0.9257000088691711
0000100110011000010001110111101000011101000001111111000011011111110 0.8925999999046326
1001110010001111101000110001101101100110001001011001100011100101100 0.9412000179290771
0001111001011111001001010010100011001101100001111111011100010101100 0.963100016117096
0000110100011111000011010001010010011101101011011111011110100111110 0.8585000038146973
1001111101011111001000010010100011011101001011011111011011110100100 0.9412999749183655
1001111101011111001000010010100010011111001011011111011111110100111 0.8622000217437744
0000110010000101000110000110010000100101001001011111000110011110100 0.70169997215271
0001110100001010000101010010000010010101010001010010010011101111100 0.9348000288009644
0000101001011111001000000010100010010101000011010001111111110111101 0.9075000286102295
0001111001011111001001010000100011001101100001011111101011111001100 0.3788999915122986
0001010101011101000001110110001011000111111101111011000011110101110 0.7616000175476074
0001111101000101001001010101000011001101010011010011001100010101100 0.9262999892234802
0001101001011111001001010010100010011101001001111110010010010100110 0.953000009059906
0001110100000010000101010010000010010101110001010011010011100101101 0.9577999711036682
1001110010001111101000111011101101100110001001011011111011100111101 0.8725000023841858
0000110100011111000011010001010011011100000001010011001010110101000 0.5023000240325928
1001111000000010000100000010000111111101101111011111010011100111110 0.9096999764442444
1001111100001111001011010010100111101100000001010011000011110101100 0.9311000108718872
1001111000000010000100000010100111111100001001010001110110110101100 0.9375
1100010100001010000111010010000010010101010011010001110011110111101 0.9567000269889832
0001110000000010000100010010100011011101000001101011010011100111110 0.9135000109672546
0000010101011001000001110100001010011010111001111110000110001100110 0.9151999950408936
1100110100000010000101001000111000110001111111111100001010100101100 0.9449999928474426
1001111000001111001001010010100111110110001001011111010110110101110 0.9524999856948853
0000100100001011001011010101000011001101000111010001110010110111101 0.9472000002861023
1001111001010000001001010010001010010101010011010110001111110101100 0.5181999802589417
0000010101011000000001110100100010011010111001111110001010101101100 0.948199987411499
0000110100000010000101001000111000110001111111111010000011100110100 0.8748999834060669
1100100100011111001011010101000011001101000001111100000110010101110 0.8787999749183655
0001111001011111001001010010100010011101000001111101000010110111101 0.891700029373169
0000100100011011001011010101000011001001000011011011010010010111110 0.8973000049591064
0000110100111000010001110001010011011101101011011111011010100111110 0.8715999722480774
0000100110011111000011010111111000110111001101011011110011010001110 0.8694000244140625
1101101000000101001000000001000010011101101001011011011100111101100 0.953499972820282
1000010101011011000111010010100111111100000001010111000011110101100 0.8784000277519226
1001111101011111001000010010100011001101000101111011001011110101100 0.9682000279426575
0001111000001011000100010101000010001101111011010001111101110011110 0.868399977684021
1100100100000010001101001000100010010001111111011011011100110100100 0.9233999848365784
1100010101010101011001010011111000110111101011011111011010100101110 0.8913999795913696
0000110100011111000011010001010011011101101101011010000011010111100 0.9592000246047974
0001110100000010000101010010000010010101010011010011010011100111101 0.970300018787384
Generation 9
0001110100000010000101010010000010010101010011010011010011100111101 0.970300018787384
1001111101011111001000010010100011011101001011011111011011110101110 0.904699981212616
0000010101011001000001110100001010011010111001011110001011101100100 0.909600019454956
1100110101010100001001010010110011010001111111011111011110010011110 0.839900016784668
1100010101010101011001010011111000110111101011011011011010100101101 0.925000011920929
1100010101010101011001010011111000110111001011011111011010000100110 0.9577999711036682
1100110100000010000101001000111000110001111111111100001010100101100 0.9376999735832214
0000010101011001000001110101000011001101010011011100000110010101100 0.9326000213623047
0001111101000101001001010100001010011010111001110011001100001100110 0.9442999958992004
0001110100001010000101010010000010010101010001110010010011101111100 0.9711999893188477
0000110100111000010001110001010011011101101011011111011010100111110 0.8446999788284302
0100110100000010000101001000100010011101010011010011010011100101100 0.9550999999046326
0001100100000010000101010010000010010101010001101001110010110110101 0.38260000944137573
1001110000001111101000110001101101100110001001011001111011100101100 0.9463000297546387
1100110100000010000101001001101001100110001001011011000010100101100 0.9569000005722046
0000101110011111000011010111111000110101001101011011110000111101110 0.9186000227928162
1101100000100101001000000001000011011101101001011011011111010001100 0.17810000479221344
0100110100000010000101001000100010011101010001101001110010100100100 0.9488000273704529
1100010101010101011001010011111000110111101011011111011010110101110 0.8939999938011169
0100100100000010000101001000100010011101010001101001110010110110100 0.29100000858306885
0100110100000010000101001000100010011101010001101001110010110100100 0.9531999826431274
1100110000000010000101001000011000110001111111110001111111110111101 0.9103999733924866
0000101001011111001000000010100010010101000011011000001010000101100 0.9301999807357788
1100110100000010000101010101000011001000001011011100001010010101100 0.9419000148773193
0000100100011011001011001000111000110001111111111011010010100111110 0.9514999985694885
0000100100011011001011011101000011001001000011011011010010010111111 0.10279999673366547
1100110101010101001001010010110011010001111111011011011110010111100 0.9623000025749207
1100010100001010000111010010000010010101111111011011011111110100101 0.9581999778747559
1001110010001101101000111000100010010001010011010001110011110111101 0.859499990940094
1001110010001111101000110001100010011010111001011011100111101101100 0.9517999887466431
0000010101011000000001110100101101100110001001111110001010100101100 0.9524000287055969
1101010100001010000111010010000010010101010011010001110011110111101 0.8999000191688538
1100010100001010000111010010001010010101010011010001110011110111101 0.9560999870300293
0000110100000010000101001000101100100010001001011110000011100110100 0.6534000039100647
1001110010001111101000110001011001100101111111111001100011100101100 0.944599986076355
0100110100000010000101000010000110010101010011010001100010110100101 0.6136999726295471
1100010100001010000111010000100010011101010001101001110011110111100 0.9506000280380249
0100110100000010000101001000100010011101010001101001110010110100100 0.9514999985694885
0100110100000010000101001000100010011101010001101001110010110100100 0.9557999968528748
0000110100000010000101001000111000110001100001010011000011101110100 0.535099983215332
0001110100000010000101010010000010010101111111111010010011100101101 0.9502000212669373
1100010100000010000101010010000010010101010011010011010011100111101 0.9605000019073486
0001110100000010000111010010000010010101110001010001110011110101101 0.9431999921798706
1000010101011001000000111000100010010001111111011100001111110100100 0.8626999855041504
0100100100001011011011010101000011001101000111001001110010110101100 0.7649999856948853
0000110100000010000101001000100010011101010001110001110010110110101 0.8313000202178955
1100100100000010011101001000100010010001111111111010000011100110100 0.8303999900817871
0000110100000010000101001000111000110001111111011011011100110100100 0.9466999769210815
1001110010001111001000110001010011011101101001111001100011010101100 0.9625999927520752
0000110100011111000011010001101101100110001101011010000011100111100 0.9674000144004822
0001110100000010000101010010000010010101010011010011010011100111101 0.970300018787384
Generation 10
0001110100001010000101010010000010010101010001110010010011101111100 0.9711999893188477
1001110100000010000101010010010010010101111111111010010011110100101 0.9621000289916992
0000110100000010000101001000111000110001111111011011011100100101100 0.9549999833106995
0000101000010101000001010010110010010101001011011011011110010101100 0.9381999969482422
1100100101011111001000000010101011010001111111011000000010000101100 0.8849999904632568
0100110100000010000101001000100010011101010001101001001010110101100 0.9585000276565552
0000010101011000010001110100100101100110001001111110110010100100100 0.925599992275238
1001110010001101101001111000100010010110000011010001111010100111101 0.8695999979972839
0000010101011000000000110101101111100001010001111110000011110101100 0.9437000155448914
0001111101000101001101010100001010100101111111111001101100001100100 0.8169000148773193
1001110010001111101000110001011001011010111001110001000011100101110 0.906000018119812
0100110100000010000101001000100010011101010001101001110010110100100 0.9531999826431274
0100110100000010000101001000100010011101010001101001110010110100100 0.9498999714851379
0100110100000010000101001000100010011101010001101101110011100101100 0.9648000001907349
0001110100000010000001010011100010010101010011010011010010110110101 0.18690000474452972
1001110100000010000101010010000010010101111111111010010011101100100 0.9434999823570251
0000010101011001000001110100001010011010111001011110001011100111101 0.95660001039505
0001110100000010000101011000100010010101010011010011010011100111101 0.9681000113487244
1001110010001101101000110010000010010101010011010001100011110111101 0.8841000199317932
0001110000000010000101010010000010010101010011010001110010100101101 0.9437000155448914
0001110100000010000111010010000010010101110101010011010011110111101 0.9524000287055969
0000110101000010000111010010000010010101110001010001110011100101100 0.9542999863624573
0001110101000010000101010010001101100110001001011001111011100101100 0.9671000242233276
1001110000001111101001110001000010010101010011010011010011100111101 0.9247999787330627
1001110010001101101000101000100010010001010011010001110011110111101 0.9083999991416931
0001110100000010000101010011000010010101010011010011010011100111101 0.9685999751091003
0001110100001010000101001000100010011101010001101001110011101110100 0.10339999943971634
0100110100000010000101010010000010010101010001110010010010100101100 0.9341999888420105
1000110000001111101000110001100101100110001111111011010011100101100 0.9380999803543091
0000101100011011001011001000111000110000111001011001111010100111110 0.9574000239372253
1001110010001111101001010010010010010101111111011011110111111101100 0.953000009059906
0001110100000010000100110001100010011010111001111010000011100101101 0.9225999712944031
0001011101000101001001010100001010011010111001111001001011100100110 0.9588000178337097
1001110011001111111000110001011001100101111111110011100100001101100 0.5073999762535095
0000010101011000000001110100101101110110001001110010010010101111110 0.9376000165939331
0001110100001010000101010010000010010101010001111110001011100101100 0.9587000012397766
1011110000001110000101001000100010011101010001110001111011100101101 0
0000110100000011101000110001101101100110001001011001110010110110100 0.5662999749183655
0100110100000010000101001000100010011101010001101001110010100100100 0.9562000036239624
0000010101011000000001110100101101100110001001111110001010100101100 0.9297999739646912
0001110100001010000101010011000010010111101011011011011010100101101 0.9559000134468079
1100010101010101011001010011110000110101010001110010010011101111101 0.9060999751091003
0001110100000010000101010110000010010101010011010001010011110101101 0.9656000137329102
0001110100000010000111010010000010010101110001010001110011100111101 0.9514999985694885
0001110100000010000111010010000010110101010001010001110011110100100 0.9194999933242798
0100110100000010000101001000100010011101110001101001110010110101101 0.9628999829292297
0000010101011001000001110100001010011010111101011011110011111100100 0.8489000201225281
0000101110011111000011010111111000110101001001011110001000101101110 0.9218999743461609
0001111101000101001001010100101101100110001101011010000011100100010 0.7063000202178955
0000110100011111000011010001001010011010111001110011001100001111100 0.9728000164031982
0001110100001010000101010010000010010101010001110010010011101111100 0.9711999893188477
[0.9598000049591064, 0.9679999947547913, 0.9679999947547913, 0.9679999947547913, 0.9679999947547913, 0.9679999947547913, 0.970300018787384, 0.970300018787384, 0.9711999893188477, 0.9728000164031982]
[0, 0, 0, 0, 1, 1, 0, 1, 0, 0, 0, 1, 1, 1, 1, 1, 0, 0, 0, 0, 1, 1, 0, 1, 0, 0, 0, 1, 0, 0, 1, 0, 1, 0, 0, 1, 1, 0, 1, 0, 1, 1, 1, 0, 0, 1, 1, 1, 0, 0, 1, 1, 0, 0, 1, 1, 0, 0, 0, 0, 1, 1, 1, 1, 1, 0, 0] 0.9728000164031982 0.8067562288167526