Downloading data from https://storage.googleapis.com/tensorflow/tf-keras-datasets/mnist.npz
11493376/11490434 [==============================] - 0s 0us/step
11501568/11490434 [==============================] - 0s 0us/step
Generation 1
0000011001110001000010111001100000011011010001100101101100010110111 0.33719998598098755
1100101101011110000001001110001010110000010011000101100011010110101 0.1996999979019165
0000110101111010010110000000100110110110001001101000100110011011111 0.9336000084877014
0001011001010101100000110001011010111000111010011011100111111111110 0.8587999939918518
0101010011010000010100000101000010110011111111000010001110101011101 0.2387000024318695
0000010110011001101001110111011111100111000100101010111101011001101 0.3684000074863434
1001001010001111000010101001110000001101111111101000110111011000000 0.12200000137090683
1001110111000011010001100100011100000010011010110010010000111011001 0.09070000052452087
1101100001100010100101000101100110110011010001011101110100111100110 0.9157000184059143
0100010001101000000110101010111101100011011011011000110001101011001 0.0989999994635582
0000010101010011011110111010001110101100001000001001100011110000000 0.09059999883174896
1101000101010111101101011011111110101011111000101100000011110011111 0.9478999972343445
1101101001000110110001011101110000011111101101000111101111000111110 0.819599986076355
1100001111000011100001000011101001001110011101011011110111111101011 0.9107000231742859
1101010100001011001110110010011010011010000011100000101010000000001 0.1006999984383583
1000111101000011101100001111110111110110010010001011001111110010110 0.09799999743700027
0000001101011010101111100111000001111110010100010010000101001100100 0.6693000197410583
0100010011001001010001010100000100111001011000010001111000101010110 0.1762000024318695
1100001111110010010110111001100001010101000011010001001110110110111 0.5841000080108643
0101000100000001101100001000101111110111100011011111100100010110010 0.07720000296831131
1000100011001001000111010101001011111101011010101001011000011101111 0.09799999743700027
1100001110000110110110100001110000110010100000011100000101010110000 0.14319999516010284
0000000000110010010100010000001111010001100110100111011101011001010 0.17669999599456787
0100011000001101011100101111001000000100110010001100000110011000001 0.09529999643564224
1000101111010111010100111100010101111010110010101000010100010000110 0.29510000348091125
0000111011010100000000010000100010110101000110011001111010010111101 0.5078999996185303
0000100100101111101000011001111111100000011101110111110010001111100 0.9455000162124634
0000110000111000011110100111100100110100100011111101010000011011011 0.1451999992132187
0100101110010100111010011101000111001110100111111001101011001010101 0.09799999743700027
0100000000010101101011101011010111001100100011101100111110110000000 0.12520000338554382
1100010111111011100110100111000011100001110010100010100111110111111 0.10320000350475311
0100000110011101011010000011001100001000000100110001001001101001000 0.17479999363422394
0100000001110011101100110001000000000001110010010001011000100010101 0.15410000085830688
1010101101000011010000011101110101010100010100011110010000011001001 0.14900000393390656
0101011110000001001011011001100000100001001100001101000110010110100 0.08739999681711197
1001101010100110100001000001101011100000110100010001001101010011011 0.09570000320672989
0000110011001001110111011000101000101000110011101101010110001101101 0.9383999705314636
1100001101111111100111010000110011001110000001110111111010000101111 0.6402999758720398
1000010011001010010110111000101010000011110111001000111100101111101 0.9203000068664551
0000101000000101101111110010011001010001010111000001110011000010101 0.5861999988555908
0100110010011001010110000100101111111100101010110011001101001010100 0.7829999923706055
1001111110001110010101001001010111011000010010111011001111011100001 0.5426999926567078
1100010001110110110000011101110001101011010011010011011000010001100 0.08709999918937683
0101100010100000101000110101010001011111101000011011111010101100011 0.321399986743927
0000001100101010101110000111101011110001101011000010001000000010000 0.11900000274181366
0000010110110000011100110000101010000110000000111011000111101010010 0.09679999947547913
0000001110011111100111111110110010101010010101010110111000110010010 0.09120000153779984
1000010000000011000011111001011010110001111000110100110011110110010 0.13269999623298645
0010101001000100110100011010110101101100011110011111000101010100011 0.8896999955177307
1000110101101011101101100110010100011111010111001000001001001101101 0.8881999850273132
[0.9478999972343445]
[1, 1, 0, 1, 0, 0, 0, 1, 0, 1, 0, 1, 0, 1, 1, 1, 1, 0, 1, 1, 0, 1, 0, 1, 1, 0, 1, 1, 1, 1, 1, 1, 1, 0, 1, 0, 1, 0, 1, 1, 1, 1, 1, 0, 0, 0, 1, 0, 1, 1, 0, 0, 0, 0, 0, 0, 1, 1, 1, 1, 0, 0, 1, 1, 1, 1, 1] 0.9478999972343445 0.9195274803103233
Generation 2
1101000101010111101101011011111110101011111000101100000011110011111 0.9478999972343445
0100010110011001101001110111011111100111000100111011111010111101001 0.800000011920929
0101100010100000100000110101010001011111101000001010111101001000111 0.3165999948978424
1000010111001010010110111000101010000011110111001100111100101101101 0.953499972820282
0000110011001001110111011000101000101000110011101001010110001111101 0.9538000226020813
0000110000111000011110010000100010110101000110011001111010010111111 0.26100000739097595
0000111011010100010000100111100100110100100011111101010010011011001 0.14329999685287476
1001111110001110010101001001010111011000010010111011000111111110100 0.13619999587535858
0001011001010101100000110001011010111000111010011011101111001101011 0.8616999983787537
0001011001010101100000110001011010111000011101110111100111111111100 0.9344000220298767
0000100100101111101000011001111111101000111010011011110010001111110 0.8118000030517578
1001001010001111000010101001110001010101011111101001001111010100010 0.5728999972343445
1100001111110010010110111001100000001101100011010000110110110010101 0.4074999988079071
1100101101011001010111011000101000101000110011100101010011011111101 0.9545000195503235
0000110011001110000001001100001010110000010011010100100110000100101 0.8982999920845032
0101010011010000000100000101000010110011111111000010001110011111101 0.7547000050544739
1010101101000011010000011101110101010100010100011110000000101001011 0.444599986076355
0000010101010011011110111010001110101100010010001011001111110000010 0.7224000096321106
1000111101000011101100001111110111110110001000001000100011110010100 0.12600000202655792
0000101000000101101111110010011001010101010111000001110011000110101 0.36820000410079956
0000100100101111101000011001111111100000011101110111110010001011100 0.5716999769210815
1010101001000100110100011010110101101100011110011111000101010100011 0.86080002784729
0010101001000100110100011010110101101100011110011111000101010100011 0.8919000029563904
1100100100101111101000011000101111100000011001011101110100111100100 0.9108999967575073
0001100001100010100101000101100110110011010101110111110010001111110 0.899399995803833
0101011011001001010001010100000100111001011000010001111000101100011 0.49540001153945923
0101100010100000101000110101010001011111101000011011111010101010110 0.25450000166893005
0000100100101111101000011101111111100000011101110111110010101011100 0.5253000259399414
0100000110011001011010000011001100001000000100110001001001001101010 0.7470999956130981
1001111110001110010101001111100100110100100011111101010011011100001 0.5684000253677368
0000110000111000011110100001010111011000010010111011001100011011111 0.8306000232696533
1001101010100110100001000001101011100000110100010001001101010110001 0.0997999981045723
1001111110001110010101001001010111011000010010111011001111011001011 0.11289999634027481
0100110010011001010110000100101111111100101010110011110110001110100 0.09690000116825104
1101100001100010100101000111100110110011010001011101001101111000110 0.5364000201225281
0100000110011101011010000011001000001000000110110111111000101101100 0.8241000175476074
0000100100101111101100011001111111100000011101110001000011001011000 0.07999999821186066
0101100010100000101000110101010000011111000011010001001110100110111 0.32910001277923584
1100001111110010010110111001100001010101101000011011110010111100011 0.48660001158714294
0000111011010100000000010000100010010101000110011101011010001101101 0.6581000089645386
0000110011001001110111011000101000101000110011111001010110010111101 0.9430999755859375
1101000101000111101101011011111110101011111000101100010011110111100 0.7325999736785889
0000100100101111101000011001111111100000011101110111100010001011111 0.9614999890327454
0000101001000100110100011010110101101100011110011111000101010100001 0.1517000049352646
1101100001100010100101000101100110110011010001011101110100111100110 0.9032999873161316
1101100001100010100101000101100110110010010001011101111100111100110 0.9297000169754028
1100001111000011100101000101100111001111010001011101110111111101010 0.8851000070571899
1101100001100010100001000010101000110010011101011011110100111100111 0.11349999904632568
0000110101111011101101000110010110010110001001101000001001001101111 0.7620999813079834
1000110101101010010110000000100100111111010111001000100110011011101 0.25529998540878296
1101000101010111101101011011111110101011111000101100000011110011111 0.9478999972343445
Generation 3
0000100100101111101000011001111111100000011101110111100010001011111 0.9614999890327454
0001011001010101100000110001011010111000111010011011101111001111011 0.8215000033378601
0001011001010101100000110011011010111000111010011011101111001101011 0.8727999925613403
0100000110011001011101000101100110110011010100110001001000001111110 0.27730000019073486
0001100001000010100010000011001100000000000101110111110011001101010 0.8888000249862671
1000000110011001011010111000101100001000000100101000111101001101010 0.296099990606308
0100010111001010010110000011001010000011110111010101001000101101101 0.9399999976158142
1010101001000100110100011010110101101100011110011111000101010100011 0.8356999754905701
1010101001001100110100011010110101101100011110011110000101011100011 0.7366999983787537
1100100100101111101000011000101111100000011001011101111100101101110 0.9473999738693237
0001100001100010100101000101100110110011010101110111110010011110100 0.10589999705553055
0000110101111011101101000110010110010110000111001100111100101101101 0.92330002784729
1000010111001010010110111000101010000011111001101000001101001100111 0.11349999904632568
0000110011001110010110111000101010000011110111010100111110100100101 0.9277999997138977
1000010111001010000001001100001010110000010011001000100100001100101 0.6151999831199646
0100000110011101011010011001001000101000111010011011110010101101100 0.5113000273704529
0000100100101111101000000011111111001000000110110110111000001111110 0.11349999904632568
1100101101011001010111011000101110101011111011101100000011110011111 0.8460000157356262
1100000101010111101101011011111000101000110000100101010011011111101 0.1589999943971634
0000111011000100000000010000100010010101000110011101011010001101001 0.6136000156402588
0100010110011001101001110111011111100111000100111011111010111111101 0.3978999853134155
0000100100101111101000011001111111101000111010111010100011110111110 0.8216000199317932
1101000101010111101001011011111110101011111000101100010010001011111 0.9258999824523926
1100101101011001010111011000101000101000110011100100111101101111101 0.9369999766349792
0101010011010000000100000101000010110011111111000110001110001111101 0.84579998254776
0000110011001001110111001001101000101000110011101001010110011111101 0.9559000134468079
0100010110011001001001110011111110101011101000101100000011110001011 0.5055999755859375
1101000101010111101101011111011111100111000110111011111010111101101 0.90829998254776
1101000101000111101101011000101111100000011001011101110101111111100 0.944100022315979
1000100100101111101000011011111110101011111000101100010010110100100 0.8973000049591064
0001011001010101100000110001011010111000011101110111110110011011100 0.47839999198913574
0000111011001011110111011000101000101000110011101001000111101111101 0.9052000045776367
0000100100101111101000011001011111100000011101111110000000101011011 0.5048999786376953
1010101101000011010000011101110101010100010100010111100010001001111 0.9251999855041504
1100001111000011100101000101100111001111010001011101110111111101010 0.8823999762535095
1100001111000011100101000101100111000111010001011101110111111101010 0.8798999786376953
0000110011001001110111011000101000101000110010111001010110011111101 0.09799999743700027
0000110000111000011110100001010111011000010011101001001100001011111 0.7361999750137329
1100101101011001010111011000101000101000110011100101100111111111100 0.9625999927520752
0001011001010101100001111001011010111000011101110111010011011111101 0.7310000061988831
1101100000100010100101000101100110110011110011111001110100111101110 0.10320000350475311
0000110011001001110101011000101000101000010001011101010110010110101 0.7501000165939331
1101000101010111101101011011111110101011111000101100000011111111101 0.8467000126838684
0001011001010101100000110001011010111000011101110111100111110011100 0.46239998936653137
0000010110011001101001110111011111100111000100111001101001001101011 0.8885999917984009
0100010101111011101101000110010110010110001001101000011010111101101 0.8966000080108643
1101100001100010100100000101100110110011010001011101110101110100110 0.9542999863624573
0000010101010011011110111010001110101100010010001011001110111000010 0.0649000033736229
1100101101011001010111011000101000101000110011101101110111011111111 0.08919999748468399
1100001111000011100101000101100111001111010001010001010011111101000 0.2484000027179718
0000100100101111101000011001111111100000011101110111100010001011111 0.9614999890327454
Generation 4
1100101101011001010111011000101000101000110011100101100111111111100 0.9625999927520752
0000100100101110101000011101110111100000011101111011101110001111011 0.9409000277519226
0001011001010101100000110001011010111000111010010111100011001011111 0.8894000053405762
1101000101000111101101011000101111100000011110011110000101111111010 0.8472999930381775
1010101001001110110100011010110101101100011000011101110101011100101 0.9442999958992004
1100100100101111101000011000101111100000011001011101111100101101110 0.9042999744415283
1000100100101111101000011000101011101000011001011101111100101101110 0.9570000171661377
0100011001010101100000110011011010010111001000011011101111001101011 0.5540000200271606
1101000101010111101001011011111110101011111001100100010010001111101 0.9222000241279602
1100101101011001010111011000101000101000110010101100111101101011111 0.11349999904632568
1101000001000010100010000010001100000000011001011101110101101101000 0.38499999046325684
0001100101000111101101011000101111100000000101110111110010011111111 0.7777000069618225
0000110011001011101101000110010110010110000111101001010110011101101 0.9539999961853027
0000110101111001110111001001101000101000110011001100111100101111101 0.9258999824523926
0101010111001000010110000011001110101011110111010101001000111101001 0
1101000101010111111101011011111000000011110000101100000011101111101 0
0000010110111001101001010111010111100111000100111100111100101101001 0.6611999869346619
0000110101111011101101001110010110010110000111001001101001101101111 0.17389999330043793
0000100100101111101100011011111110101010111010111010100011110111110 0.8587999939918518
1001000101010111101101011001111111101001111000001100000011111111101 0.9246000051498413
1101000101000111101101011001111111100001000110111011111010111101100 0.8126000165939331
1101000101010111101101011111011111100110011001011101110101111111101 0.8725000023841858
1010101001000100110100100101100111101100010001011101110101110100011 0
1101100001100010100100011010110100110011011110011111000101010100110 0.9416999816894531
0000110000111000011110100001010111101000111010111010100011110011110 0.7307999730110168
0001100000101111101100011001111111011000010011101001001100001111111 0
1100100100101111101000011000101111100000011001011101010010100101110 0.9090999960899353
1000100100101111101000011011111110101011111000101100111100111100100 0.8730000257492065
1100101101011001010111011000111110100101100110111011111011111101111 0.09799999743700027
1101000101010111101101011111011111101011101011101100000010110011101 0.6577000021934509
1100100100101111111000011000101111100000000101111101111011001101010 0.8833000063896179
0001100000000010100010000011001100000000011001010111110100101101110 0.9584000110626221
1010101001000101110000011010010110010110000111001100111101010100101 0.942300021648407
0000010101111011101101000110110001101100011110011111000110101101011 0.8342000246047974
0000110011001001110111001000101111100000011001011101110101111111110 0.9492999911308289
1111000101000111101101011001101001101000110011101001010110010111101 0
1000010111001010000001001100001010110000010011001000100100001110101 0.09359999746084213
0101010011010000000100000101000010010011111111000110001110001101101 0.8651999831199646
1101100001100010100100000101100110110011010001011101110001110101110 0.9147999882698059
1101100001100010100100000101100110110011010001011101110101110100110 0.9477999806404114
0100010111101010010010000011001100000000000101110111110011001101111 0.09740000218153
0001100001000010100110000011001010100011110111010101001000101101000 0.26969999074935913
1101000101010001001001110011111110101011100000101011000010111001111 0.8134999871253967
0100010110011111111101010111011111100111000110111100111011110101001 0.8813999891281128
1101000101010111101101011111011111100111000110111011111010011101111 0.11349999904632568
0001100001000010100010000011001100000010000101110111110011101101000 0.6320000290870667
1100101101011001010111011000101000101000110000010111100010101001101 0.8937000036239624
1010101101000011010000011101010101010100010011100100111101001011111 0.14710000157356262
0100100100101111101000011000101111100000011001011101111100101101111 0.8299999833106995
1100010101111011101101000110010110010110001001101000011010111101100 0.9035000205039978
1100101101011001010111011000101000101000110011100101100111111111100 0.9625999927520752
Generation 5
1100101101011001010111011000101000101000110011100101100111111111100 0.9625999927520752
1100101101011001010111011010101000101000110010100101110101011111101 0.6021000146865845
1010101001001110110100011010110101101100011000011101100111111100100 0.9333000183105469
1100101101011001010111011001110111100100011101111011101110001001001 0.12020000070333481
0000100100101110101000011110101000101000110000010111100010101111111 0.27390000224113464
1010101001000101110000001000001100000000011001011101111101011100000 0.09210000187158585
1101000001001010100010000010010110010110000111001110110101100101101 0.8676999807357788
0000110101000111101101011000111111100001000110111101111010111011110 0.12359999865293503
1101100001100010100100011010110100110011001110011111001101011101101 0.8877000212669373
1101000101000111101101011001111111100001011110111011110011110100110 0.6965000033378601
1010101001000101110000011011010110010110000111001100111101010100101 0.9523000121116638
0000110011001011101001000110010110010110000011101001010110011101101 0.9603999853134155
1100100100101111101000011000101111100110001110011101111101101101100 0.9406999945640564
0100010110011111111101010111011101100000011001111100111010110101011 0.9226999878883362
1101000101000111101101011000101111100000011001011110000100111111110 0.9186000227928162
0001100000000010100010000011001100000000011110010111110101101101010 0.5954999923706055
1100010101111011101101011010110110010110011000001101110101011100100 0.45579999685287476
1010101001001110110100000110010101101100001001111000011010111101101 0.9246000051498413
1101000101010111101001011001111111101001111000000100010011001111101 0.9193000197410583
1001000101010111101101011011111110101011111001100100000010111111101 0.902400016784668
1000100100101111101000011011111110101011111000101100111100111111101 0.8564000129699707
0000110101111001100111001001100000101000110011001110111100101100100 0.8101000189781189
1101000101010111101001011011111110100011111011100100010101011101101 0.9129999876022339
1010101001001110110100011010110101101100011001011101110010001110101 0.3953000009059906
0101010011010000000100000101000010010011111111000110001101001101101 0.8801000118255615
1010101001000101110000011010010110010110000111001100111110010100101 0.9451000094413757
1101000101110111101101010111011111100110011010111100111010111111001 0
0100010110011111111101011111011111100111000101011101110101010101101 0.9487000107765198
0011110011001011101101000110001000101000110111100101010100001101101 0
1100101101011001010111011000110110010110000011101001100111111111100 0.9556999802589417
1101000101010111101101011001111111100001000110111011111010111101110 0.09740000218153
1000100100101111101000011000101011101000011001011101111100101101100 0.8799999952316284
0000110101111001110111001001101000101000111011001100111100101111101 0.9265000224113464
0000110101111001110111001001101000101000110011001100101100101111101 0.7838000059127808
1010101001000101110000011010010110010110010101001101110101010111100 0.92330002784729
0000110011001001110111001000101111100000001001011100111101111100111 0.9311000108718872
1100101001001110110100011010110101101100011000011101110111011110001 0.15219999849796295
1010101101011001010111011000101000101000100011100101100101111101100 0
1100100100101111111000011000111110101011111000111101110011001111111 0.2353000044822693
1101000101010110101001011011111111100000000101100100010010101101000 0.1324000060558319
1100000100101111101000011000101011111000011001011101111100101101110 0.863099992275238
1000100100101111101000011000101111100000011001011101111100101101110 0.9569000005722046
1101100001100010100100000101100110110111000110111100111011110101000 0.7989000082015991
0100010110011111111101010111011111100011010001001101110101110100101 0.9161999821662903
1010100000000010100100000011001100000000011001010110110101101100101 0.7017999887466431
0001101001001110110010011010110101101100011000011101110101011101110 0.9092000126838684
0000100100111111101110011011111110101010111010111101110001110111110 0.44699999690055847
1101100001100010100100000001100110110011010001011010100011110101110 0.9394000172615051
0101000101010111101101011111011111101011111011101101110100110011111 0.9279000163078308
1001100000000010100010000011001100000000001001010110000010111101100 0.9067999720573425
1100101101011001010111011000101000101000110011100101100111111111100 0.9625999927520752
Generation 6
1100101101011001010111011000101000101000110011100101100111111111100 0.9625999927520752
0100010110011111111101010100101111100110001110011100111010101101000 0.1387999951839447
1000100100101111101000011011011101100000011101111101111101110101111 0.8774999976158142
1010100000000010100100000011001111100110001110011101111101101101101 0.9047999978065491
1100100100101111101000011000101100000000011001010110110101101100100 0.8694999814033508
1101001001000111101001011001111111001001100110000100010011000111101 0.5356000065803528
0000111101111001110111001000100110010110100011101001101100111111101 0.09799999743700027
1100111101011001010111011001101000101000011011001100110111101111100 0.9661999940872192
1100101101010001010111011100110110010110000011101001100111101111100 0.9580000042915344
1101000101010111101001011001111111101001111000000100010010011111101 0.9049000144004822
1001100000000010100010000011001100000000001001010110000010111101101 0.9433000087738037
0000110101111001110111001001101000101000111011001100111100101101100 0.9147999882698059
1100000101010111101001011001111111101001111000000100011100101110101 0.05939999967813492
1101000100101111101000011000101011111000011001011101110011001101110 0
1100101101011001010111011000110000101000111011101100111111101111101 0.9034000039100647
0000110101111001110111001101101110000110000011001000100100111111100 0.4049000144004822
0101000101010111100111001001100000101000100011001110111100111001101 0
1000110101111001101101011111011111101011111011101101110100100110110 0.19460000097751617
1010101001000101110000001000101000101000111001001101110100100111101 0.9465000033378601
0000110101111001110111011010010110010110010111001100111101011111100 0.9207000136375427
1000110011001011101001000110010110010110000111001100110110011100101 0.9257000088691711
1010101001000101110000011010010110010110000011101001011100010101101 0.9550999999046326
1001000101010111101101011011101111100111000101011000000001110101101 0.9442999958992004
0100010110011111111101011100011110101011111001100101110110011111101 0.9474999904632568
1100101101011001010111011000110110010100001001010110000111111101100 0.9688000082969666
1001100000000010100010001011001100000010000111101001100010111111100 0.3637000024318695
1101100001100010100100000001100110110011011110111011110011110100110 0.8532999753952026
1101000101000111101101011001111111100001010001011010100011110101010 0.9146999716758728
0001101001000110110010011010110101101100011000011101111011010111110 0.6818000078201294
1101100001100010100100000101100110110111000110111100110101111101100 0.8852999806404114
1001100100101111101000011000101011101000011001011100111101111101101 0
0000110011001001110111011000101111100000001001011101111100101100010 0.8658999800682068
0000110011001011110111001000101111100000001001011100111101110100111 0.9004999995231628
1010101001000101110000011111010110010110000111001100111101011100101 0.9469000101089478
0000010110011111110101010111011111100000011000010111100010101101011 0.8187999725341797
0100100100101110101000011110101000101000110001111100111010110111111 0.7876999974250793
1100101001001110110000011000101011100110001110011101111101111101100 0.5153999924659729
1010100100101111101100011010110101101100011000011101100111101100100 0
0001100000000010100111001001101000101000011011000100110100101101111 0.09799999743700027
0000110101111001110010000011001100000000111110010111111101101111000 0.19429999589920044
0000100100101111101000011011011110101011111000101100111100111111101 0.6769999861717224
0000110011101011101001000110010110010110100011101001010110111101101 0.9563999772071838
1101100001100010100100000101000010010011010001011010100011001101100 0.9387000203132629
0101010011010000000100000001100110110011111111001110101100110101111 0.385699987411499
1010101000000010100100001011001100101100011000011101100111111100101 0.9506999850273132
1010100001001110110100011010110101000000011001010110110101101100000 0.16859999299049377
1010101001001100110101000110010101101100001001101000001010111101100 0
1001100000000010100010000011001100000000001001010110010010110101101 0.9517999887466431
1001100000000110100010000011001100000001001010001100111100011100100 0.6851000189781189
1010101001000101110000011011010110010110000101010110000011110101101 0.9574999809265137
1100101101011001010111011000101000101000110011100101100111111111100 0.9625999927520752
Generation 7
1100101101011001010111011000110110010100001001010110000111111101100 0.9688000082969666
1001100000000010100010000011000110010110000111001100000010111101101 0.8693000078201294
1010101001000101110000011111011100000000001001010110111101011100101 0.946399986743927
1101100001100010100100000001100110110111000111110110110111111100100 0.9330000281333923
1100100100101111101000011000101100000000011001011100110101101101100 0.9505000114440918
1010101001000101110000011111010111100110001110011100111101101100001 0.6654999852180481
0100010110011111111101010100101110011110000111001100111010011101100 0.8616999983787537
1010101000000101110000011010010100101100011000011001100110011100101 0.7232000231742859
1010101001000010100100001011001110011110000011101101011101110101101 0.9495999813079834
1010101001000100100101000101000010010010110001011010100011001101101 0.7985000014305115
1101100001100010110110011000101111100101000110111100111101111100110 0
0000110011001001100100000101101110110000001001011101110100101101000 0.7771000266075134
1100101101000001010111011100110110010110000011110110100111111101101 0.6021000146865845
1001100000000010100010000001001100000000001001001001000010101111100 0.8319000005722046
1110101000001111101000011011011100101100011101111101111101110101111 0
1000100100100010100100001011001101100000011000011101100111101100101 0.920199990272522
0000110011001011110111001000101111100000011011011100111101110100111 0.667900025844574
0000110011001011110111001000101111100000001001011100111101110100111 0.11349999904632568
1101101101011001010111011000101000101000110001100101100111111111110 0
1100000101000111101101011001111111100001010001011010100011110101000 0.36640000343322754
1101000101111001100101011111011111101011111011101101100011100110110 0
1000110101000111101101011001111111100001010001011010110100110101010 0.8751999735832214
1010101000000010000100001011001100101100011000011101100111111101100 0.9312999844551086
1101100001100010100100000101000010010011010001011011100011000100101 0.9348000288009644
1101100001010111101101011011100010110011010001011000000001111101100 0.9516000151634216
1001000101100010100100000101001111100111000101011010100011000101101 0.8788999915122986
1101000101000111101101011001111111100110001110011101000011111101111 0.09799999743700027
1010100000000010100100000011001111100001010001011010111101100101000 0.16830000281333923
1101100001101011101001000110010110010110100011101010100010110101111 0
0000110011100010100100000101000010010011010001011001010111001101100 0.9534000158309937
1001100000000010100010000011001101100000011101111101110010110101111 0.08919999748468399
1000100100101111101000011011011100000000001001010110011101110001101 0.3743000030517578
0000110010000110100011001011001110000010001001011100111100111101101 0.880299985408783
1001110001001011110111001000101111100000000111101001110011110110110 0.5134999752044678
1001100000000010100010000011001100000000001001010111010010111101101 0.9517999887466431
0000110011101011101001000110010010010110100010101000000110111001101 0.4115999937057495
1001101101011001010111011000110000101001111011011000000001100101101 0
1100001101010111101101011011101111000111000101101100111111111111101 0.9003999829292297
0000110011000101110000011011010110010110001001011100011101110101111 0.8224999904632568
1010101001001011110111001000101111100000000101010110110011110100101 0
1010101001000101110000011010010110010110000011101001011100011100101 0.9624999761581421
1010101001000101110000011111010110010110000111001100111101010101101 0.8611000180244446
1001000101010111101101011011101111100111000101011000000001110101101 0.9239000082015991
1010101001000101110000011011010110010110000101010110000011110101101 0.9487000107765198
0000110011001011110111001011001100000000001001010110000010111100111 0.9524000287055969
1001100000000010100010000000100111100000001001011100111101110101111 0.10320000350475311
1000110011001011101011010010010110010110010111001100111101011101100 0.9402999877929688
0000110101111001110101100110010110010110001111001100110110001110101 0.09269999712705612
1100111101000010100010001011001100000010000111001101110111101111100 0.9589999914169312
1001100000011001010111011001101000101000011011001001100010111111100 0
1100101101011001010111011000110110010100001001010110000111111101100 0.9688000082969666
Generation 8
1100101101011001010111011000110110010100001001010110000111111101100 0.9688000082969666
1010101001000101110000011011010110010110000101011010000011111101101 0.9516000151634216
1101100001010101101101011011100010110011010001010100000001110101100 0.930400013923645
1001100000000010100010000011001100000001000101101100111111111101101 0.949400007724762
1100001101010111101101011011101111000110001001010111010010111111101 0.9340000152587891
1101100001100010100100001011010110010110001001011100011101111101111 0.10279999673366547
0000110011000101110000010001100110110111000111110110110111110100101 0.84579998254776
1100101101011001010100011000110110010100001001010110000111110101101 0.9320999979972839
1010101001000101110000011011010110010110000101001001011100011100101 0.9142000079154968
1010101001000101110000011010010110010110000011110110000011110101101 0.9103999733924866
1011100001100101100100000101000010000001010001011011100001011100101 0
1100101001000010111000011111011100110010001001010110111101000100101 0.9474999904632568
1101100001100010100100000101000010110111000111100110110111011100101 0.9476000070571899
1101100001100010100100000001100110010011010001011011100011100101100 0.9395999908447266
1100100100101110101000011000101100000000011111110110110101101100100 0.9315000176429749
0101000001100010100100000001100110110111000001011100110111111101100 0.8004999756813049
0000110011000101110000011011010010010110000111011100111111110100111 0.8416000008583069
1110101001001011110111001000101101100000011001010110000011110101101 0
1010101001000101110000011011001100000010000101010110000011110101100 0.9161999821662903
1100111101000010100010001011000110010110000111001101110111101111101 0.9469000101089478
1001001001000101110000011010010110010111000101011000000001110101101 0.8841999769210815
1010100101010111101101011011101111100110000011101001011100011100101 0
1000111101000010100010001000100110010100001001010110110111111111100 0.9480000138282776
1100101101011001010111011011001100010010000111001101000111111101100 0.9664999842643738
1101100001100010100100001101001000010010010001010101100111000100101 0.944599986076355
1000110100100010100100001011001101100011011000011011100011100100101 0.8406000137329102
0000010001101011101001000110010010010110100010111000000110111001000 0.09619999676942825
1000110101000111111101011001111111100001010001001010110100110101111 0.10279999673366547
1100100100101111101000011000101100000011010001011001010101101101100 0.9492999911308289
0000110011000010100100000101000010010000011001011100110111101101100 0.9460999965667725
1100110011000101110000011011010110010010001001011100011101110101111 0.7932999730110168
0000101101011001010111010000110110010100101001010110000111111101100 0.9460999965667725
1100101101000011101101011001111111100001010001011010110100110101010 0.9169999957084656
1000111101010111101101011011101111000111000100101100111111111111101 0.10090000182390213
1101100011001011101101010010010110010110010111001100111101011101100 0.9653000235557556
1000110001010111101011011011100010110011110001011000000001111101100 0.9222000241279602
1100101101011001011111011000110110010100001001010101100111111101100 0.9617000222206116
1010101000000010000100001011001100101100011000011110000111111101100 0.9412000179290771
1010101001000001010111011000110110000000001001010110111111111100100 0
1100101101011101110000011111011100010100011001010110000101011101101 0.9312999844551086
1010101001000010100100001011001100100010000011101101011101110101100 0.9544000029563904
1100111101000010100010001011001110111110000111001101110111101111101 0.9524000287055969
1010101011100010100100000101000010010011011001010110011111001100100 0
0000110001000101110000011111011100000000000001011001010101011101101 0.8902000188827515
1010101001000101110000011110011100000010000111001101110111011101111 0.09799999743700027
1100111101000010100010001011001100010000001001010110111101101110100 0.7303000092506409
1010101000000010000100001011001100101100011000011101100110111101101 0.9462000131607056
1010101001000101110000011010010110010110000011101001011101011100100 0.9445000290870667
1001100000000010100010000011000110010110000111001100000010111101101 0.8942000269889832
1010101000010101110000011010010100101100011000011001100110011100101 0
1100101101011001010111011000110110010100001001010110000111111101100 0.9688000082969666
Generation 9
1100101101011001010111011000110110010100001001010110000111111101100 0.9688000082969666
0000110011000101110000011011010110010110000111110110110011110100101 0.8532999753952026
0000110011000101110000010001100110110111000111011100111111110100111 0.871399998664856
1100110101000010100010000011001110010110000101101100111111111101101 0.864300012588501
1001100000000010100010001011000100000001000111001101110111101111101 0.9246000051498413
1101100000101110101000011101001000010010010001010100100101001100101 0.9154999852180481
1100111101000011101101010010001110111110000111001101111111101111101 0.9246000051498413
1101100011001010100010001011010110010110010111001100111101011101100 0.9438999891281128
1100100100101010101000011000101100000001011111011100111111100100101 0.9567999839782715
0000110011000101110000011011010010010110000111110110110101111100110 0.8256999850273132
1101100001100011100100000101000010110110011001011110110111111100101 0.9596999883651733
1101100001100010100100001011010110010111000111100100011101011101111 0.0982000008225441
0000110011000101110000011011010010010110000111011100111101110100101 0.8708000183105469
1100100000101110101000011000101100000000011111110110110111101100110 0.9286999702453613
0000110011000010100100000101000010010000011001011100100111100101101 0.9519000053405762
1010101001000101110000011010010110010110000011110110010011111101100 0.9496999979019165
1101100001100010100100000001100110010001010001011011100011100111100 0.9388999938964844
1100111101000010100010001011001110111110000111001101110111101100101 0.9563999772071838
1001100000000010100010000011001101010110000101101100000010111101101 0.949400007724762
1001100000000010100010000011000110000001000111001100111111111101101 0.9520999789237976
1010101000000010000100001111001100110000111001011110000111101101100 0.9575999975204468
0000110011000010100100000101000010001100011000011100110111111101100 0.4693000018596649
1001100001000010100010000011001100000110000101001001011101011100101 0.9229000210762024
1010101001000101110000011011010110010001000111101100111111111101101 0.10279999673366547
1101100011001011101101010000010110010110010001011011001101011101100 0.9729999899864197
1101100001100010100100000001100110010011010111001100110011100101100 0.9434999823570251
1100101101011000010111011000110110010110010101001111000101011101100 0.9620000123977661
1101100011001011101101010010010110010100001001010100111111111101100 0.9643999934196472
1101100011001010100100000101010110010111010111001110110101011101101 0.9294000267982483
1101100001100011101101010010000010010111000111100100111111011100100 0
1010101001000010100100001011001100100010000011101101011101110100101 0.9429000020027161
1101100001100010100100000101000010110111000111100110110111011101100 0.9581999778747559
1001100000000010100010000011001100000000011101101100111111101001101 0.43700000643730164
1100100100101110101000011000101100000001000111110110110101111100100 0.9327999949455261
1101100001100010100100001101001000010010011001011101100111100100100 0.9140999913215637
1010101000000010000100001011001100101100010000010110000111011101101 0.9480000138282776
1101100001000101101101011011100010110011010001010100000101110101101 0.9526000022888184
1010101001001101110000011011010110010110000101011010000011111101100 0
1001001001000101110000011000101110000000011111110110110101101100100 0.8722000122070312
1100100100101110101000011010010100010111000101011000000001110101101 0.9539999961853027
1000110011010111110111011011001100010010000111001101000111111101100 0.9437000155448914
1100101101011001001011011011100010110011110001011000000001111101101 0.9674000144004822
1101100000000010100010000011001100000001000101101100111111111101101 0.9394000172615051
1101100001010101101101011011100010110011010001010100000101110101100 0.9304999709129333
1001001001000101110000011010010110010111000111001100000001110101101 0.8680999875068665
1001100000000010100010000011000110010110000101011000000010011101101 0.9509999752044678
1100101101011001010100011000110110010100001001010110000111111101101 0.9527999758720398
1100111101000010100010001011001110111110000111001101110111100111101 0.9559999704360962
1010101001000101110000011011001100000010000101010110000011111101101 0.9553999900817871
1010101011000101110000011011010110010110000101001001011100010100100 0.7789999842643738
1100101101011001010111011000110110010100001001010110000111111101100 0.9688000082969666
Generation 10
1101100011001011101101010000010110010110010001011011001101011101100 0.9729999899864197
1101100000101110101000011101001010110110010001010100100101001100111 0.9052000045776367
0000110011000101110000010001110100010011000111011100111111110100101 0.85589998960495
1100101101011001010100011000110110010011010111001100110011100101101 0.9473999738693237
1100101101001001010111011000110110010100001101010110010011111101100 0.9478999972343445
1010101001000101110000011010010110010110010011110110000111111101100 0.9506999850273132
1010101001100011100100000101000010110110011001011110110111101101100 0
1101100000000010000100001111001100110000111001011110000111111100101 0.9456999897956848
1100101101011001010111011000110110010100001001010110000111111101100 0.9621999859809875
1000110011010111110111011011001100010010000111001101000111111101100 0.9438999891281128
1100111101000010101010001011001110111110000111001100100111101100101 0.9366000294685364
1101100000101111101000011101001000010010010001010101110101001100101 0.9301000237464905
1010101000000010010111011000110110010110010101001111000101011100101 0
1100101101011000000100001011001100101100010000010110000111011101100 0.9320999979972839
1101100001100010100100000001100110010011010011001100111011100100101 0.9419000148773193
1010101001000010100100001011001100100010000111101101011101100101100 0.9581999778747559
1101100011001011001101010000010110010110010001011010001111011101100 0.958899974822998
1010101000000010000100001011001100101100010000010111000101011101101 0.9487000107765198
1001100000000010100110000011000110010100001001000100011111111101100 0.8639000058174133
1101100011001011101101010010010110000011000111001100111111111101101 0.9348999857902527
1100101101011000010111011000110110010000111001011110000101011101100 0.9684000015258789
1010101000100010000100001111001100110110010101001111000111101101100 0
1100100100101110101000011010010100010100001001011110100111110101101 0.9520000219345093
1100101101011001010111011000110110010111000101011000000001111111100 0.9657999873161316
1010101000000010000100001111001100110000111001011110000101011100100 0.9401999711990356
1101100011000011101101010000010110010110010001011011001111101101100 0.958299994468689
1101100011001011101101010010010100010111010001011011001101111101100 0.9631999731063843
0100100100101110101000011000010110010110000101011000000001110101101 0.9491999745368958
1010101001000101110001011011001100000010000101011000010001110101101 0
1100100100101110101000011010010100010111000101010110000011111101101 0.9545999765396118
1000101101011001010111011000110110010110000101011000000010011101101 0.9531000256538391
1001100000000010100110000011000110010100001001010110000111111101100 0.9318000078201294
1001100000000010100010001000110110010110000101001101100101011101100 0.8644000291824341
1100101101011000010111011011000100000001000111001111010111101111101 0.9639999866485596
1010101000000010000100001011001100101100010000010110000111110101101 0.9563999772071838
0000110011000010100100001101000010110000011001011100100111001101101 0.9383999705314636
0010101001000101110000011010010110010110000001110110000011101101100 0.9674000144004822
1010101000000010000100001111001000010000111001011110010111111101100 0.9733999967575073
1101100001100010100100000001100110010001010001011011100111101111100 0.929099977016449
1101100011001011101101010010010110011100001001010100111011110101100 0.9685999751091003
1100100000101110101000011000000010000000010111100110110111101101100 0.9261999726295471
1101100001100010100100000100101100110111001111110110110111011100110 0.9384999871253967
1101100001100011100100000101000010110110011001011011100011100111101 0.9527999758720398
1101100001100010100100000001100110010001010001011110110111111100100 0.8960000276565552
1100101101011001010100011000110110010110000001010100000111111100101 0.9617999792098999
0000110011000101110000011011010110011100001111110110110011110101101 0.8730999827384949
1101100001100010100100000101000010111111000111100111110111011101100 0.9455000162124634
1010101000000010000100001111001100110000111001011110000111101101100 0.9553999900817871
1100101101011001010111011000110110010000011001010110100111110101100 0.9642999768257141
0000110011000010100100000101000010010100001001011100000111101101101 0.9251999855041504
1101100011001011101101010000010110010110010001011011001101011101100 0.9729999899864197
[0.9478999972343445, 0.9614999890327454, 0.9625999927520752, 0.9625999927520752, 0.9625999927520752, 0.9688000082969666, 0.9688000082969666, 0.9688000082969666, 0.9729999899864197, 0.9733999967575073]
[1, 0, 1, 0, 1, 0, 1, 0, 0, 0, 0, 0, 0, 0, 1, 0, 0, 0, 0, 1, 0, 0, 0, 0, 1, 1, 1, 1, 0, 0, 1, 0, 0, 0, 0, 1, 0, 0, 0, 0, 1, 1, 1, 0, 0, 1, 0, 1, 1, 1, 1, 0, 0, 1, 0, 1, 1, 1, 1, 1, 1, 1, 0, 1, 1, 0, 0] 0.9733999967575073 0.8468893634517518