Downloading data from https://storage.googleapis.com/tensorflow/tf-keras-datasets/mnist.npz
11493376/11490434 [==============================] - 0s 0us/step
11501568/11490434 [==============================] - 0s 0us/step
Generation 1
0100000111100100000010000011000001001100011010010000110101011101001 0.10679999738931656
1100000010001000110101001000010000010000100110001010101110111100100 0.26750001311302185
1001011010000011100101000100010010000011001000011011110111111101011 0.6018000245094299
0000000011010011011010011101000110011000001001000110100111001001111 0.8744000196456909
0100110011110000001111100011001111110100010010101000010110010011010 0.09640000015497208
0001100110000001011101000011100001001000101010101110010100001111010 0.8255000114440918
0000010111111101101110100110001001110111110111000001111000100001011 0.10599999874830246
1000101101010010100101111110101001101010111011111100101111100001110 0.09799999743700027
1000010111101101101101000100100110101010001001101100011111110110011 0.11379999667406082
1000000001111101000000010011001101000110010011110111101100111011111 0.3375999927520752
0100110000011001101011011000110011111010110100100000001010111101110 0.6722000241279602
0000001010111101010101110101110011111000010101001010011110010101000 0.09560000151395798
1100111001011001101110111110110011101001011111110011100001101101101 0.8960999846458435
0100111010011101111100001110010100110001110101101111000000101111001 0.8766999840736389
1001011010011010100001110001110101100101110010001001111110111100001 0.10090000182390213
0001011101010110000101111011011001011000110100111010101101011100000 0.08089999854564667
0000000000111100110111100001110101000101010001001110001001011000100 0.09049999713897705
0100101001011011100100111000101000101100011100100100010000100101111 0.09799999743700027
1010001101000111110000111110110100101000001011010011111100101111000 0.3847000002861023
0000111110000001111100000101000001011000111001100000111101010010111 0.9363999962806702
1100100110011111000001010010011100010011011100000000010100101110010 0.08969999849796295
1010011001001110011000000010000010001011111001010100000010111111011 0.7666000127792358
0100000110101111101111101101011010111001011011100111011110001110111 0.6049000024795532
1101000110001100010000010001001101011110001111110010000000011111001 0.15520000457763672
0101010100000101101101001100010101001001111100110010001000001000010 0.05590000003576279
1100010011011100101101100010111011101000010110000011000011010001011 0.3319999873638153
1101001111000011001111001101101010101110001110101100011011001110111 0.883899986743927
0000101111010000011110011100010010111001000000010010110111010111011 0.6783000230789185
1000110110100110100001110111111010011011100111100100001010100011010 0.05220000073313713
0001101010010100110100011110100110110111111100101100110100110110000 0.15729999542236328
1100001000110011010010101001100011100010011011100010010111111101001 0.23800000548362732
1100100100001101011010011011100001000111010010010010101010111000000 0.0957999974489212
0100010110111100011001001001000100010010111110010101110110010001010 0.10480000078678131
0100101101001100010110000010110110001001110011011011110010100001100 0.20270000398159027
1100000011000000100000101001110001010100010001110110100010111000000 0.12890000641345978
1000111010010000010010010010000110011011110001011000110000110100011 0.8815000057220459
1101011111001011110101111011111010001011101000101000010110011011010 0.10220000147819519
0100110010001010100001011110100001010101001111101110011110011001010 0.09009999781847
1010011110000010010010000010000001010101000110011111111101001011101 0.42899999022483826
0000001010001000010111101100011101001110111100101000101110000111010 0.40950000286102295
1000111010111101100001111111011110110010100101010010000001111111111 0.0957999974489212
0100010010001100110111111101010000111111110111011011110010101101100 0.8715000152587891
0000000110001101100011000000001001111001000100011110011000111010101 0.09799999743700027
1100101010001110111010110010011101101010110110101110100000110001111 0.09799999743700027
1000010110101110101001000100001100001011111000001010001111100010100 0.09189999848604202
0100111100000100101011001100110011010001100110010011111010110101000 0.10540000349283218
1100101000000011001111110110001001111110011110001011011100111100110 0.11349999904632568
0101111110000111000110001100001101110101000110110111100011001110100 0.24490000307559967
1000011001010100000101101010111000000110110001110101000110101001001 0.10689999908208847
1000101100101100000000001011111011101010011110011000111101101010110 0.15029999613761902
[0.9363999962806702]
[0, 0, 0, 0, 1, 1, 1, 1, 1, 0, 0, 0, 0, 0, 0, 1, 1, 1, 1, 1, 0, 0, 0, 0, 0, 1, 0, 1, 0, 0, 0, 0, 0, 1, 0, 1, 1, 0, 0, 0, 1, 1, 1, 0, 0, 1, 1, 0, 0, 0, 0, 0, 1, 1, 1, 1, 0, 1, 0, 1, 0, 0, 1, 0, 1, 1, 1] 0.9363999962806702 0.8286879373392944
Generation 2
0000111110000001111100000101000001011000111001100000111101010010111 0.9363999962806702
1010011110000010000000001011111011010101000110011111011101001010111 0.9437000155448914
0000111110000001111100000101000011011000111001111100111111100010111 0.9502000212669373
1101001111000011001111001101101010101110001110001100010011001111100 0.9197999835014343
0100111010001100110111111001010000111110010101111011110000101101101 0.9298999905586243
0000111110000001111100000101000001011000111001100000111101010010111 0.9363999962806702
0000111110001110111010110010011101011000111001101110100101010001111 0.913100004196167
1101001111000011001111000101101010101110001111101111011111001110111 0.8978999853134155
1101001111000011001111001101101010101110001110101100011011001110111 0.883899986743927
1100101010000001111100000101000001101010110111100000111000110010111 0.9194999933242798
0100111010011101111100001110010100110001110101101111000000101111001 0.8766999840736389
0000000011010011011010011101000110011000001001000110100111001001111 0.8744000196456909
1100111001011001101110111110110011101001011111110011100001101101101 0.8960999846458435
1000111010010000010010010010000110011011110001011000110000110100011 0.8815000057220459
0001100110000001011101000011100001001000101010101110010100001111010 0.8255000114440918
1010011001001110011000000010000010001011111001010100000010111111011 0.7666000127792358
0100110010001010100001011110100001010101001111101100011110011110111 0.8765000104904175
1000101101010010100101111110101001101010111011100000101001010001110 0.8410000205039978
0100110011110000001100001110010101110100010001101100000000010111010 0.8140000104904175
0100101101001100010110000010110110001001110011011011111010100000111 0.8658000230789185
0100010010001100110111111101010000111111110111011011110010101101100 0.8715000152587891
0000001010111101001101000101110011111000010010101110011110010101010 0.73089998960495
0100110000011001101011011000110011111010110100100000001010111101110 0.6722000241279602
0000101111010000011110011100010010111001000000010010110111010111011 0.6783000230789185
1001011010000011100101000100010010000011001000011011110111111101011 0.6018000245094299
1100000110101111101111101101011010111001011010101100011010001110111 0.6796000003814697
1100000010001000110101001000010000010000100110001010101111100010100 0.6851000189781189
1000111010010000010010010010000110011011110001011001110000111100001 0.669700026512146
0100010010001100110111111101110101100101110011010011110010101100100 0.6237000226974487
0100000110101111101111101101011010111001011011100111011110001110111 0.6049000024795532
1101001111000011001111001101101010101110001111000110100111001110111 0.5113000273704529
1010011110000010010010000010000001010101000110011111111101001011101 0.42899999022483826
1010001101000111110000111110110100101000001011010011111100101111000 0.3847000002861023
0000001010001000010111101100011101001110111100101000101110000111010 0.40950000286102295
1001011010011010100001110001110101100101110011001001111110110100011 0.3617999851703644
1100000010001000110101001000010000010000100110001111111101011111101 0.3926999866962433
1100010011011100101101100010111011101000010110000011000011010001011 0.3319999873638153
1000000001111101000000010011001101000110010011110111101100111011111 0.3375999927520752
0100100110000100010000010001001101011110001111101110000000101111001 0.32030001282691956
0100111100100100101011001100110011011000001001000011111010111001101 0.2741999924182892
1100000010001000110101001000010000010000100110001010101110111100100 0.26750001311302185
0101111110000111000110001100001101110101000110110111100011001110100 0.24490000307559967
1000010110101110101011000100001100001011111000001010001110111100100 0.2395000010728836
1100001000110011010010101001100011100010011011100010010111111101001 0.23800000548362732
1010011001001110011000000010000010001011111001010010000010111111001 0.2029000073671341
1001011010011010100001110001010000111111110110001001111110111101001 0.1889999955892563
1000101100101100010010001010000001101010011110011000111101101011100 0.20170000195503235
0100101101001100010110000010110110001001110011011011110010100001100 0.20270000398159027
0001100110000001011111111101010000111111110111011011010100001101000 0.17599999904632568
0001101010010100110100011110100110110111111100101100110100110110000 0.15729999542236328
1101001111000011001111001101001010101110001110101110011011001001010 0.1680999994277954
Generation 3
0000111110000001111100000101000011011000111001111100111111100010111 0.9502000212669373
1010011110000010000000001011111011010101000110011111011101001010111 0.9437000155448914
1101001111000011001111000101101010101110001111101111011010101100101 0.957099974155426
1101001111000011001111000101101010101110001111101111010111111100011 0.9262999892234802
1101001111000011001111001101101010101110001110001100010011001111100 0.9197999835014343
0000111110000001111100000101000011011000111001111100111111100010111 0.9502000212669373
1101001111000011001111000101101010101110001111101111011111001110111 0.8978999853134155
0000111110000001111100000101000001011000111001100000111101010010111 0.9363999962806702
1101001111000011001111001101101010101110001110101100011011001110111 0.883899986743927
0100111010001100110111111001010000111110010101111011110000101101101 0.9298999905586243
1010011110000010000000000010110110001001110011011111011100001000111 0.7960000038146973
0000111110001110111010110010011101011000111001011011101011010001111 0.9185000061988831
0000111110001110111010110010011101011000111001101110100101010001111 0.913100004196167
0000111110000011001111010101101010101110001111101111011111011010111 0.9386000037193298
0100110110000001011101000011100011011000001001000011111010111111101 0.8981000185012817
0000000011010011011010011101000110011000001001000110100111001001111 0.8744000196456909
1010011001001110011000000010000010001011111001010100000010111111011 0.7666000127792358
0001100110000001011101000011100001001000101010101110010100001111010 0.8255000114440918
0100111010011101111100001110010100110001110101101111000000101111001 0.8766999840736389
1100101010000001111100000101000001101010110111100000111000110010111 0.9194999933242798
1000111010010000010010010010000110011011110001011000110000110100011 0.8815000057220459
1100111001011001101110111110110011101110011111110011110010101101101 0.9350000023841858
1100111001011001101110111110110011101001011111110011100001101101101 0.8960999846458435
1100111001011001100110111110110011111001011111110011100011111111001 0.8985000252723694
1000111110001110111010110010011101011000111001101110100111110101111 0.8654999732971191
0100110011110000001100001110010101110100010001101100000000010111010 0.8140000104904175
1000101101010010100101111110101001101010111011100000101001010001110 0.8410000205039978
1100101010000001111110000101110000101010110111100000111000111001101 0.8804000020027161
0100110010001010100001011110100001010101001111101100011110011110111 0.8765000104904175
0100101101001100010110000010110110001001110011011011111010100000111 0.8658000230789185
1101001111000001111100000101000001011000111001100000111101000110110 0.7049000263214111
0000001010111101111100001110010100110001110010101110011110011111011 0.8306999802589417
0100010010001100110111111101010000111111110111011011110010101101100 0.8715000152587891
1000111010010000001101000101110011111000010010111111110010011101010 0.8378999829292297
0100101101001100010110101010110110001001110011101110100100100000111 0.8077999949455261
0100010010001100110111101100011101001101110011010011110010100111100 0.8259000182151794
0100111010011101001101000101110011111000010101101111000000100101000 0.7621999979019165
1100111001011001101111001101101010101110001110001100000011001111100 0.7652000188827515
1100001000110011010010101001100011100010011011100010011111001111101 0.7692000269889832
0001100110000001010111000011100001001000101010101110010100101111010 0.7037000060081482
0100010010001100110111101101010000111111110101000011110010101101100 0.738099992275238
0000001010111101001101000101110011111000010010101110011110010101010 0.73089998960495
0000101111010000011110011100010010111001000000010010110111010111011 0.6783000230789185
0100110000011001101011011000110011111010110100100000001010111101110 0.6722000241279602
1001011010000011100101000100010010000011001000011011110111111101011 0.6018000245094299
0100010110001100110111111101110101100101110011001001110010111100110 0.7239999771118164
1100000010001000110101001000010000010000100110001010101111100010100 0.6851000189781189
1100000110101111101111101101011010111001011010101100011010001110111 0.6796000003814697
1000111010010000010010010010000110011011110001011001110000111100001 0.669700026512146
0100000110101111101111101101011010111001011011100111011110001110111 0.6049000024795532
0100010010001100110111111101110101100101110011010011110010101100100 0.6237000226974487
Generation 4
1101001111000011001111000101101010101110001111101111011010101100101 0.957099974155426
1010011110000010000000001011111011010101000110011111011101001010111 0.9437000155448914
1010001111000010011100010101000001011000111001100100000101000010111 0.8981000185012817
1010011110000010000000000010110110001001110011100011011100001011111 0.9164000153541565
0001100110000001111100000101000011011000111001111100110100001110111 0.9140999913215637
1101001111000001111100000101000001011000111001100000111101000010110 0.9071000218391418
1101001111000010000100000101000001011000111001100000111100001010110 0.9017000198364258
1101001111000011001111000101101010101110001111101111011010101100101 0.957099974155426
1101001111000011001111111001010000111110010101111011110000101101001 0.8701000213623047
1101001111000011001111000101101010101110111001101110111101011110111 0.8669999837875366
1100111101011001100110111110010000111110010101111011110000111111101 0.9617000222206116
1101001111000011001111000101101010101110001111101111010111111100011 0.9262999892234802
0100110110000001011101000011100011011000001001011111111010111100101 0.9642000198364258
1000101101010010100101111110100001101010111011100010110101010101110 0.9409000277519226
1101101111000001001111001101101010101110001110101100011011001110111 0.9212999939918518
1101001111000011001111001101101010101110001110001100010011001111100 0.9197999835014343
0000111110000001111100000101000001010000001111100001011111000010111 0.9380999803543091
1100101010000001111100000101000011001000111001111100111111100010111 0.9399999976158142
0000111110000011001111010101101010101110001111101111011111011010111 0.9386000037193298
0100111010001100110111111001010000111110010101111011110000101101101 0.9298999905586243
1010011110000001111000000010110010001001110011011111011101000000111 0.8287000060081482
1100101010000001111100000101000001101010110111100000111000110010111 0.9194999933242798
1101001111000011001111000101101010101110001111101111011111001110111 0.8978999853134155
1100111001011001101110111110110011101110011111110011110010101101101 0.9350000023841858
0100111010001100110111000101101010101110001111101111010111111100111 0.9089000225067139
0000111110000001111100000101000001011000111001100000011101010110111 0.9157000184059143
0000111110000001111100000101000011011000111001111100111111100010111 0.9502000212669373
0000111110000001111100000101001011011000111001011100111011100010111 0.9492999911308289
0100111010001100110111111001110011101001011111110011100011101101001 0.916700005531311
0000111110001110111010110010011101011000111001101110100101010001111 0.913100004196167
0100101101001100010110000010110110001001110011111011111110101000111 0.9150000214576721
0000111110001110111010110010011101011000111001011011101011010001111 0.9185000061988831
0000111110000001111100000101000001011000111001100000111101010010111 0.9363999962806702
1101001111000011001111001101101010101110001110101100011011001110111 0.883899986743927
1101001111000111001111000101111010101110001111101111110110101111101 0.863099992275238
1100111001011001100110111110110011111001011111110011100011111111001 0.8985000252723694
1000111010010000010010010010000110011111110001011000110011101101011 0.911899983882904
0100111010011101111100001110010100110001110101101111000000101111001 0.8766999840736389
0000000011010011011010011101000110011000001001000110100111001001111 0.8744000196456909
1100111001011001101110111110110011101001011111110011100001101101101 0.8960999846458435
0100110110000001011101000011100011011000001001000011111010111111101 0.8981000185012817
0000111110000001111100000101100001010101001111101100111110011110111 0.8999999761581421
1000111010010000110010110010011101011000111001101111110010011101010 0.8998000025749207
1010011001001110011000000010000010001011111001010100000010111111011 0.7666000127792358
0100110010001010100001011110100001010101001111101100011110011110111 0.8765000104904175
0100101101001100010110000010110110001001110011011011111010100000111 0.8658000230789185
1010011110000010000000000010110110001001110011011111011100001000111 0.7960000038146973
0001100110000001011101000011100001001000101010101110010100001111010 0.8255000114440918
0000111110000001111100000101100011011000111011100010111111101110111 0.8955000042915344
1100101010000001111110000101110000101010110111100000111000111001101 0.8804000020027161
1101001111000101001101000101110011111000010010101110010011000111100 0.8292999863624573
Generation 5
0100110110000001011101000011100011011000001001011111111010111100101 0.9642000198364258
1010011110000010000000001011111011010101111000011100000101001010111 0.9355000257492065
1010011110000010000000001011111011010101000110011111011101001010111 0.9437000155448914
1010001111000010011100010101000001011000111001100100000101000010111 0.8981000185012817
1010011110000001011000000010110111101001110011011111011001100101101 0.9160000085830688
1010011110000010000000000010110110001001110011100011011100001011111 0.9164000153541565
1101001110000001111100000101000001010000001111100001011111000010111 0.9408000111579895
1101010111000101001101100101110011111000000010101110011101000011110 0.9472000002861023
0101100110000001111100000101101010101110001101111100110100001100011 0.9380000233650208
1101001111000011001111000101101010101110001111101111011010101100101 0.957099974155426
1100101101010011100101111110100110011111110001011010110011101101110 0.9607999920845032
1010011110000010000000001011111011010101000110011011011001001010111 0.8823999762535095
0001100110000001111100000101000011011000111001111100110100001110111 0.9140999913215637
1000101101010010100101111110100001101010111111101111110101001101100 0.958899974822998
0100110110000001011101000011100011011000001001011111111010111100101 0.9642000198364258
1101101111000001001111001101101010101110001110101100011011001110111 0.9212999939918518
1101001111000011001111001101101010101110001110001100010011001111100 0.9197999835014343
1101001111000001111100000101000001011000111001100000110011000111110 0.9211999773979187
1000101101010010100101111110100001101010111011100010110101010101110 0.9409000277519226
1101001111000011111100000101101010101110001111101111010111111110111 0.913100004196167
1101001111000011001111000101101010101110001111101111010111111100011 0.9262999892234802
0100111001011001101110111110101010101001011011110011010011111100101 0.9478999972343445
1100111101011001100110111110010000111110010101111011110000111111101 0.9617000222206116
0000111110000001111100000101000010101110001111101100110111100010111 0.9542999863624573
1100101110000001111100000101000001101010110111100000110100110010111 0.9419000148773193
1101001111000010000100000101000001011000111001100000111100001010110 0.9017000198364258
0000111110000001111100000101000001010000001111100001011111000010111 0.9380999803543091
0000111110000001111100000101000001011000001011101111011101011010111 0.9503999948501587
1101001111000001111100000101000001011000111001100000111101000010110 0.9071000218391418
0100111010001100110111111001110011101001011111110011100011101101001 0.916700005531311
1100111001011001101110111110110011101110011111110011110010101101101 0.9350000023841858
1100111101011001100110011110010000101110010101111111110100111111101 0.9485999941825867
0100101101001100010110000010110110001001110011111011111110101000111 0.9150000214576721
0000111110000001111100000101000001011000111001100000111101001111101 0.9527000188827515
1100101010000001111100000101000011001000111001111100111111100010111 0.9399999976158142
0100111010001100110111111001010000111110010101111011110000101101101 0.9298999905586243
1101001111000011001111111001010000111110010101111011110000101101001 0.8701000213623047
1100101010000001111100000101000001101010110111100000111000110010111 0.9194999933242798
0000111110000001001111000101100001010101001111111100111110011100011 0.928600013256073
0000111110000001111100000101001011011000111001011100111011100010111 0.9492999911308289
0000111110001110111010110010011101011000111001101110100101010001111 0.913100004196167
0100101101001100010110000010110110001001110001111011101110001000111 0.9132000207901001
0100110010001100110111000101101011011000111001111111011111111100111 0.8920999765396118
0000111110000011001111010101101010101110001111101111011111011010111 0.9386000037193298
1101001111000111001111000101111010101110001111101111111010101111101 0.8859999775886536
0100111010001100110111000101101010101110001111101111010111111100111 0.9089000225067139
1101001111000011001111000101101010101110111001101110111101011110111 0.8669999837875366
0000111110000011001111010101100010101110111001100000111111010010111 0.9423999786376953
0000111110000001111100000101000011011000111001111100111111100010111 0.9502000212669373
0000111110000001111100000101000001011000111001100000011101010110111 0.9157000184059143
0101101101000011001111000011101010101001110011011011111010100100111 0.8598999977111816
Generation 6
0100110110000001011101000011100011011000001001011111111010111100101 0.9642000198364258
1010011110000010000000001011111011010101111000011100000101001010111 0.9355000257492065
1010011110000010000000001011111011010101000110011111011101001010111 0.9437000155448914
1101010111000101001101100101110011111000000010101110011101000011110 0.9472000002861023
1101001110001001111100000101000001010000011001111001011111000010111 0.9495999813079834
1101001111000011001111000101101010101110001111101111011010101100101 0.957099974155426
1010011110000010000000001001000001011000111001100100000101000010111 0.9160000085830688
1101001110000001111100000101000001010000001111100000110100110010111 0.9437000155448914
1101001110000001111100000101000001010000001111111100111111100010111 0.9524000287055969
1100101101010011100101111110100110011111110001011010110011101101110 0.9607999920845032
1010011110000001011000000010110111101001110011011111011001100101101 0.9160000085830688
1010011110000010000000000010110110001001110011100011011100001011111 0.9164000153541565
1101101111000011001111000101101010101110001110101110111111001110111 0.9448999762535095
0100111010101100110111111001110000111110011000111100000101011011101 0.9225999712944031
1100111101011001100110011110000000101110111111110011110100111111101 0.9635999798774719
0100110110000001011101000011100011011000001001011111111010111100101 0.9642000198364258
1010001111000010011100010101000001011000111001100100000101000010111 0.8981000185012817
0001100100000001011100011110010000101110010101111111110100011111101 0.9240999817848206
1101001110000001111100100101000001010000001111100001011111000010111 0.9394000172615051
1101010111000101001101100101100001011000111001100000111100001010110 0.9089000225067139
1101001110000001111100000101000001010000001111100001011111000010111 0.9408000111579895
1000101101010010100101111110100001101010111001101111110111100101101 0.9585999846458435
0101100110000001111100000101101010101110001101111100110100001100011 0.9380000233650208
1000101101010010100101111110100001101010111111101111110101001101100 0.958899974822998
1100111101011001100110111110010000111110010101111011110000111111101 0.9617000222206116
0100111001011001101110111110101010101001011011110011010011111100101 0.9478999972343445
0000111110000001111100000101000010101110001111101100110111100010111 0.9542999863624573
1010111110000010000100000101000010101100101111101100011000101010111 0.8920999765396118
1101001111000011001111000101101010101110001111101111010111111100011 0.9262999892234802
0000111110000001111100000101000001011000111001100000111101001111101 0.9527000188827515
0000111110010001111100000101000011011110001111111111011111100010111 0.9552000164985657
1101001101000011111100000101101010111000111001101100110111111110111 0.9172000288963318
1101101111000001001111001101101010101110001110101100011011001110111 0.9212999939918518
0000111110000001111100000101000001011000001011101111011101011010111 0.9503999948501587
1101001111000001111100000101000001011000111001100001010011000111110 0.9182999730110168
1100101010000001111100000101000011001000111001100001011111000010111 0.9279999732971191
1010001111000010011100010101010001011000111011101100011101000010111 0.8824999928474426
1000101101010010100101111110100001101010111011100010110101010101110 0.9409000277519226
1010001110000010011100010101000001010000111001100100000101000010111 0.8791000247001648
0100111010001100110111111001010000111110010101111011110000101101101 0.9298999905586243
1100101110000001111100000101000001101010110111100000110100110010111 0.9419000148773193
0000111110000011001111010101101010101110001101101111000111011010111 0.9423999786376953
1100101110000001111100000101000001101010100111100001011111000010111 0.9463000297546387
0100111010001100110111111001110011101001011111110011100011101101001 0.916700005531311
1101001111000001111100000101000001011000111001100000110011000111110 0.9211999773979187
1100111101011001100110011110010000101110010101111111110100111111101 0.9485999941825867
0000111110000001111100000101001011011000111001011100111011100010111 0.9492999911308289
0001100110000001111100000101000011011000111001111100110100001110111 0.9140999913215637
0100101101001100010110000010110110001001110011111011111110101000111 0.9150000214576721
1010011110000010000000001011111011010101000110011011011001001010111 0.8823999762535095
1100101010000001111100000101000011001000111001111100111111100010111 0.9399999976158142
Generation 7
0100110110000001011101000011100011011000001001011111111010111100101 0.9642000198364258
1010011110000010000000001011111011010101111000011100000101001010111 0.9355000257492065
1010011110000010000000001011111011010101000110011111011101001010111 0.9437000155448914
1110001110000010011100010101000001010000111001110001011111000010111 0.9333999752998352
1101001110001001111100000101000001010000011001111001011111000010111 0.9495999813079834
1010011110000010000000001001000001011000111001100100000101000010111 0.9160000085830688
1010011110000001011000000010110111101001110011011111011001100101101 0.9160000085830688
1010011110000010000000000010110110001001110011100011011100001011111 0.9164000153541565
1100101101010011100101111110100110011111110001011010110011101101110 0.9607999920845032
1100111101011001100110011110000000101110111111110011110100111111101 0.9635999798774719
0100110110000001011101000011100011011000001001011111111010111100101 0.9642000198364258
0001100100000001011100011110010000101110010101111111110100011111101 0.9240999817848206
1000101101010010100101111110100001101010111111101111110101001101100 0.958899974822998
1010001111000010011100010101000001011000111001100100000101000010111 0.8981000185012817
0101100110000001111100000101101010101110001101111100110100001100011 0.9380000233650208
1101001111000011001111000101101010101110001111101111011010101100101 0.957099974155426
0100111010101100110111111001110000111110011000111100000101011011101 0.9225999712944031
1000101101010010100101111110100001101010111001101111110111100101101 0.9585999846458435
0000111110010001111100000101000011011110001111111111011111100010111 0.9552000164985657
1101010111000101001101100101110011111000000010101110011101000011110 0.9472000002861023
1101001110000001111100000101000001010010001101111100110100001010111 0.9391999840736389
0100111001011001101110111110101010101001011011110011010011111100101 0.9478999972343445
0000111110000001111100000101000010101110001111101100110111100010111 0.9542999863624573
1101001110000010000000000010110110011001110011100011011110001011111 0.9550999999046326
1100111101011001100110111110010000111110010101111011110000111111101 0.9617000222206116
1010111110000010000100000101000010101100101111101100011000101010111 0.8920999765396118
1100101110000001111100000101000001101010100111100001011111000010111 0.9463000297546387
1100101110000001111100100101000010001000111001111101011111100010111 0.9567999839782715
1101010111000101001101100101100001011000111001100000111100001010110 0.9089000225067139
0000111110000001111100000101000001011000001011101111011101011010111 0.9503999948501587
1101001110000001111100000101000001010000001111100000110100110010111 0.9437000155448914
1101001111000001111100000101000001011000111001100001010011000111110 0.9182999730110168
0100111010101100110111111001000001101010110111100000110101011011111 0.9345999956130981
1101101111000011001111000101101010101110001110101110111111001110111 0.9448999762535095
1101001110000001111100000101000001010000001111111100111111100010111 0.9524000287055969
1101001101000011111100000101101010111000111001101100110111111110111 0.9172000288963318
1010001111000010011100010101010001011000111011101100011101000010111 0.8824999928474426
1100101110000001111100000101000001101010110111100000110100110010111 0.9419000148773193
0101101111000011001111000101101010101110001111101111010111111100011 0.9451000094413757
1000101101010010100101111110100001101010111011100010110101010101110 0.9409000277519226
0001100110000001111100000101000010101110001111101100110111001010111 0.9535999894142151
0100111010001100110111111001010000111110010101111011110000101101101 0.9298999905586243
0000111110010001111100000111001001010000111001100100011111100010111 0.951200008392334
0000111110000001111100000101000001011000111001100000111101001111101 0.9527000188827515
0100111010001100110111111001110011101001011111110011100011101101001 0.916700005531311
1100111101011001100110011110010000101110010101111111110100111111101 0.9485999941825867
1101010111000101001101101110100001101010001101101110011101000001101 0.8880000114440918
1101010111000101001101001011110011111000000010101110011101001011110 0.9254000186920166
0000111110000001111100000101001011011000111001100100000101000010111 0.9462000131607056
1100101010000001111100000101000011001000111001100001011111000010111 0.9279999732971191
1101001110000001111100100101000001010000001111100001011111000010111 0.9394000172615051
Generation 8
0100110110000001011101000011100011011000001001011111111010111100101 0.9642000198364258
1010011110000010000000001011111011010101000110011111011101001010111 0.9437000155448914
1110001110000010011100010101000001010000111001110001011111000010111 0.9333999752998352
1010011110000010000000001011111011010101111000011100000101101010111 0.948199987411499
0100111010101101111100000101000010111110011000111100110111001010111 0.9546999931335449
1101001110001001111100000101000001010000011001111001011111000010111 0.9495999813079834
1101001110000001111100010101000001011000111001100100000101100010111 0.9539999961853027
1101010111000101001101100101110011111000000010101110011101000011110 0.9472000002861023
1010011110000001011000000010110111101001110011011111011001100101101 0.9160000085830688
1100111101011001100110011110000000101110111111110011110100111111101 0.9635999798774719
1010111110000010000100000101000001010000101111101101011100101010111 0.9200000166893005
1010011110000010000000000010110110001001110011100011011100001011111 0.9164000153541565
0001100000000010011100001110010000001010111001101111110111100111101 0.9502000212669373
1010011110000010000000001011110110000101111000011100000101011011111 0.9217000007629395
0001100101000001011100001110010000101110111001100111110101001011111 0.9514999985694885
1100101101010011100101111110100110011110001111111110011111100010111 0.9624000191688538
1100101110100001111100001011111011010101100000111100000101001010111 0.9567000269889832
1100111101011001100110111110010000111110010101111011110000111111101 0.9617000222206116
1101001111000011001111000101101010101110001111101111011010101100101 0.957099974155426
1100101101010011100100000101000011011000111001100001010011000111110 0.9537000060081482
1010011110000010000000001001000001011000111001100100000101000010111 0.9160000085830688
1000101101010010100101111110100001101010111111101111110101001101100 0.958899974822998
1100101101010011100101111110100110011111110001011010110011101101110 0.9607999920845032
0001100110000001111100000101000010101110001101111100110100001010111 0.9562000036239624
0100110110000001011101000011100011011000001001011111111010111100101 0.9642000198364258
1010011110000010000000001010111011010100111000011100000101001010111 0.9174000024795532
1101101111000011001111000101101010101110001110101110111111001110111 0.9448999762535095
1101001110000010000000000010110110011001110011100011011100001011111 0.9556000232696533
0100111010101100110111111001110000111110011000111100000101011011101 0.9225999712944031
1100101110000001110000100101000010001000100001100011011110101011111 0.9577999711036682
1101001110000001111100000101000001010000001111111100111111100010111 0.9524000287055969
1101001110000010000000000010110110011001110011100011011110001011111 0.9550999999046326
0000111110010001111100000101000011111111110001011011110011101101110 0.9621000289916992
1101010111000101001101100101100001011000111001100000111100001010110 0.9089000225067139
0001100110000001111100000101000010101110001111101100110111001010111 0.9535999894142151
1000101101010010100101111110100001101010111001101111110111100101101 0.9585999846458435
0100111001011001101110111110101010101001011011110011010011111100101 0.9478999972343445
0101101111000011001111000101101010101110001111101111010111111100011 0.9451000094413757
1101001110000001111100000101000001010000001111100000110100110010111 0.9437000155448914
1100101110000001111100100101000010001000111001111101011111100010111 0.9567999839782715
0000111110000001111100000101000010101110001111101100110111100010111 0.9542999863624573
0000111110010001111100000101000011011110001111111111011111100010111 0.9552000164985657
0100111010101100110111111001000001101010110111100000010101011011111 0.9405999779701233
0101100110000001111100000101101010101110001101111100110100001100011 0.9380000233650208
0100110110000001011101000011100011011000001101011110111010001100100 0.9445000290870667
1010111110000010000100000101000010101100101111101100011000101010111 0.8920999765396118
1100101110000001111100000101000001101010100111100001011111000010111 0.9463000297546387
0001100100000001011100011110010000101110010101111111110100011111101 0.9240999817848206
1100101110000001111100000101000001101010110111100000110100110010111 0.9419000148773193
1101001110000001111100100101000001010000001111100001011111000010111 0.9394000172615051
0100111010101100110111111001000001101010110111100000110101011011111 0.9345999956130981
Generation 9
0100110110000001011101000011100011011000001001011111111010111100101 0.9642000198364258
1010011110000010000000001011111011010101000110011111011101001010111 0.9437000155448914
1010111110000010000100000101000001010000101111101101011100101010111 0.9200000166893005
1010011110000010000000001011111011010101111000011100000101101010111 0.948199987411499
0100111010101101111100000101000010111110011000111100110111001010111 0.9546999931335449
1101011111000101001100100101000011111111110001011011110011101011110 0.9358999729156494
1010011110000001011000000010110111101001110011011111011001100101101 0.9160000085830688
1010011110000010000000000010110110001001110011100011011100001011111 0.9164000153541565
1000101101010010100101111110100000101110001111101111110110100100101 0.9659000039100647
1100101101010011100101111110100110011110001111111110011111100010111 0.9624000191688538
0010011110000010100000001011111011010100001101011110111001001000110 0.9340999722480774
1100111101011001100110011110000000101110111111110011111101010111100 0.9735999703407288
1110001110000010011100010101000001010000111001110001011111000010111 0.9333999752998352
1100111101011001100110011110000000101110111111110011110100111111101 0.9635999798774719
1101001110000001100101111110100110011110001101111100111111100010111 0.9542999863624573
1110001110000010011100010101000001010000111001110001011111101000110 0.926800012588501
0001100000000010011100001110010000001010111001101111110111100111101 0.9502000212669373
0100110110000001011101000011100011011000001001011111111010111100101 0.9642000198364258
0001100101000001011100001110010000101110111001100111110101001011111 0.9514999985694885
1000101101010010100101111110100001101010111111101111110101001101100 0.958899974822998
1101001110001001111100010101000011011000111001100010011101100010111 0.946399986743927
1101001110001001111100000101000001010000011001111001011111000010111 0.9495999813079834
0000111110000001111100000101000010101110001111101100110111100010111 0.9542999863624573
1010011110000010000000001011110110000101111000011100000101011011111 0.9217000007629395
1101010111000101001101100001110001111000000010101100000101000011110 0.9422000050544739
1100101110000001111100000101000001101010100111100001011111000010111 0.9463000297546387
1100111101011001100110111110010000111110010101111011110000111111101 0.9617000222206116
1101010111000101001101100101110011111000000010101110011101000011110 0.9472000002861023
1101001110000010000000000010110110011001110011100011011100001011111 0.9556000232696533
1101001111000011001111000101101010101110001111101111011010101100101 0.957099974155426
0100111010101100110111111001000001101010110111100000010101011011111 0.9405999779701233
1101001110000001111100000101000001010000001111111100111111100010111 0.9524000287055969
0100111001011001101110111110101010101001011011110011010011111100101 0.9478999972343445
1101001110000010000000000010110110011001110011100011011110001011111 0.9550999999046326
1101001110000001111100010101000001011000111001100100000101100010111 0.9539999961853027
1100101110100001111100001011111011010101100000111100000101001010111 0.9567000269889832
0001100110000001111100000101000010101110001101111100110100001010111 0.9562000036239624
1101001110000001111100000101000001010000001111100000110100110010111 0.9437000155448914
0000111110010001111100000101000011111111110001011011110011101101110 0.9621000289916992
0001100110000001111100000101000010101110001111101100110111001010111 0.9535999894142151
1100101101010011100101111110100110011111110001011010110011101101110 0.9607999920845032
1100101110000001110000100101000010001000100001100011011110101011111 0.9577999711036682
0100111010101101110111111001000001101010110111100000110111001011111 0.9376000165939331
1101001111000011001111000101101011101010111001101111011011101101101 0.9248999953269958
0100111010101100110111111001110000111110011000111100000101011011101 0.9225999712944031
1101101111000011001111000101101010101110001110101110111111001110111 0.9448999762535095
1100101101010011100100000101000011011000111001100001010011000111110 0.9537000060081482
1100101101010011100101111110100110011100001001110110011111000010111 0.9587000012397766
1010011110000010000000001001000001011000111001100100000101000010111 0.9160000085830688
0101101111000011001111000101101010101110001111101111010111111100011 0.9451000094413757
1000101101010010100101111110100001101010111001101111110111100101101 0.9585999846458435
Generation 10
1100111101011001100110011110000000101110111111110011111101010111100 0.9735999703407288
1110011110000010000000011011111011010101000111011111011101001010111 0.9596999883651733
1101001111000011001111000100101011101010101101110110011011101000111 0.9684000015258789
0100111010101101111100000101000010111110011000111100110111001010111 0.9546999931335449
1010011110000010000000001011111011010101000110011111011101001010111 0.9437000155448914
0100110110000001011101000011100011011000001001011111111010111100101 0.9642000198364258
1110001110000010011100010101000001010000111001110001011111000010111 0.9333999752998352
1010011110000010000000001011111011010101111000011100000101101010111 0.948199987411499
1101011111000101001100100101000011111111110001011011110011101011110 0.9358999729156494
1100111101011001100110011110000000101110111111110011111101010111100 0.9735999703407288
1101001110000001100101111110100110011110001101111100111111100010111 0.9542999863624573
1010111110000010000000000010110001010000100111101101011100101011111 0.9296000003814697
0000111110100001111101000110110110011001110011100011011110010011111 0.9627000093460083
1100101101010011100101111110100110011110001111111110011111100010111 0.9624000191688538
1100111101011001100110011110000000101110111111110011110100111111101 0.9635999798774719
1100101110100001111100001011111011010101100000111100000101001010111 0.9567000269889832
0010011110000010100000001011111011010100001101011110111001001000110 0.9340999722480774
0001100000000010011100001110010000001010111001101111110111100111101 0.9502000212669373
1110001110000010011100010101000001010000111001110001011111101000110 0.926800012588501
0001100110000010100100000101001001010100011101011100110101001010111 0.9563999772071838
0001100101000001011100001110010000101110111001100111110101001011111 0.9514999985694885
1100111101011001100110111110010000111110010101111011110000111111101 0.9617000222206116
1010011110000001011000000010110111101001110011011111011001100101101 0.9160000085830688
1000101101010010100101111110100000101110001111101111110110100100101 0.9659000039100647
1010111110000010000100000101000001010000101111101101011100101010111 0.9200000166893005
1101001110001001111100010101000011011000111001100010011101100010111 0.946399986743927
1100101110000001110000100101000010001000100001100011011110101011111 0.9577999711036682
1101001111000011001111000101101010101110001111101111011010101100101 0.957099974155426
0100111010101101110111111001000001101010110111100000110111001011111 0.9434999823570251
1010011110000010000000001011111011010111110001011100000101101011111 0.9363999962806702
1100101101010011100101111110100110011100001001110110011111000010111 0.9587000012397766
1000101101010010100101111110100001101010111111101111110101001101100 0.958899974822998
1101001110001001111100000101000001010000011001111001011111000010111 0.9495999813079834
1100101101010011100101111110100110011110001111101111011100100000111 0.9571999907493591
0000111110010001111100000101000011111111110001011011110011101101110 0.9621000289916992
0000111110000001111100000101000010101110001111101100110111100010111 0.9542999863624573
1101001110000001111100000101000010001000100001110001011110100010111 0.9562000036239624
1101001110000010000000000010110110011001110011100011011100001011111 0.9556000232696533
1100101101010011100100000101000011011000111001100001010011000111110 0.9537000060081482
0100111010101100110111111001000001101010110111100000010101011011111 0.9405999779701233
1100101101010011100101111110100110011111110001011010110011101101110 0.9607999920845032
1101001110000010000000000010110110011001110011100011011110001011111 0.9550999999046326
1101010111000101001101100001110001111000000010101100000101000011110 0.9422000050544739
0100111010101100110111111001110000111110011000111100000101011011101 0.9225999712944031
1101010111000101001101100101110011111000000010101110011101000011110 0.9472000002861023
1101101111000011001111000101101010101110001110101110111111001110111 0.9448999762535095
1010011110000010000000001011110110000101111000011100000101011011111 0.9217000007629395
1101011111000101001100100101000101010000101111101101011101101010111 0.9463000297546387
1101001110000001111100000101000001010000001111100000110100110010111 0.9437000155448914
1000101101010010100101111110100001101010111001101111110111100101101 0.9585999846458435
1101001110000001111100000101000001010000001111111100111111100010111 0.9524000287055969
[0.9363999962806702, 0.9502000212669373, 0.957099974155426, 0.9642000198364258, 0.9642000198364258, 0.9642000198364258, 0.9642000198364258, 0.9642000198364258, 0.9735999703407288, 0.9735999703407288]
[1, 1, 0, 0, 1, 1, 1, 1, 0, 1, 0, 1, 1, 0, 0, 1, 1, 0, 0, 1, 1, 0, 0, 1, 1, 1, 1, 0, 0, 0, 0, 0, 0, 0, 1, 0, 1, 1, 1, 0, 1, 1, 1, 1, 1, 1, 1, 1, 0, 0, 1, 1, 1, 1, 1, 1, 0, 1, 0, 1, 0, 1, 1, 1, 1, 0, 0] 0.9735999703407288 0.8817040547728539