Downloading data from https://storage.googleapis.com/tensorflow/tf-keras-datasets/mnist.npz
11493376/11490434 [==============================] - 0s 0us/step
11501568/11490434 [==============================] - 0s 0us/step
Generation 1
1100010100110000011011010111101110000101101011110110011011001011011 0.5088000297546387
0001001110000011000011010100000010011110000000000100101011010101000 0.07649999856948853
0000010001100010111110100010100110111001100001111110111011110001101 0.7325999736785889
1000111110111011100011010000111110100111111011110111011111110101111 0.09799999743700027
0100010001000001100000110100001010100000010110010001110011101011110 0.11349999904632568
0101111000100101001000001110100000101100010111101011010100101000111 0.5841000080108643
0000100100011001111110111000111110011001101100001001110000101110111 0.22030000388622284
1000001001111111110011111101100010111101100110100111110111010101101 0.8075000047683716
1000110101001111000101010111011000111001100011101100010101110010001 0.06859999895095825
1100100111011111001010111001010010001001111000111011011010110110101 0.4596000015735626
0100111110010001111001000110010111010011110010111000100010110010110 0.36239999532699585
1000110111111000101000011001111000101000100101011001010001101111010 0.6754000186920166
1100001100100000000010101000001011100101010011010000100010011111010 0.20479999482631683
0000001100110011001111101111010111000100001010111011100100100011111 0.9039000272750854
1000110111010001111101100101100111101111101110011001011000110110011 0.08869999647140503
1001101011000100110001100011001011010101000001100000001111001101010 0.5738999843597412
1100100011111001000110010111100000110111011101110100101111101010110 0.8575000166893005
0101000111000100111111100000001000110010010101000011110100001010011 0.09759999811649323
0001100101010000101100111111001011110010110011001000000101100011110 0.8342999815940857
1101001101000010001111101101010110100000001111010011001010100001110 0.46630001068115234
1100110100011111111111101110111011101100011011011001101001010110001 0.062199998646974564
0001000100110001000000110000100011100101101010111000001111000100111 0.11349999904632568
1101100101000000001000111011011011000001011111100100011111100110001 0.08869999647140503
0110100110000110000001010100010100101011010110011111001001000111100 0.823199987411499
0001110100000111001001011010111111001111101000000101010100110101001 0.47380000352859497
0100001101011000010011101111110110001111001100111100001010110101100 0.7709000110626221
0100111110110111001010011100001001000000101010101111000111001110011 0.0892999991774559
0001010010011000000000001101000101000101111100010001111010011101011 0.5385000109672546
0100011010011100101111011100010010000110110011010110101110001010000 0.11919999867677689
1000010111101000100011000100000101010110011001100010000010111011011 0.07999999821186066
1100111011011001000011001111010101110100100001001010110010001111011 0.9124000072479248
0101111010001000001001010010111101101100001011101101111110101010001 0.10939999669790268
0100101110011000000010000110010100001100010111001100010001101010100 0.23839999735355377
0001110111000100100100110101000101011100001100111000111011000010001 0.11500000208616257
0000010110011111010000010001100110010010000101100110100110000100001 0.4431000053882599
0000001100001101100101000011100010101010011000100011011101101110101 0.10530000180006027
1000110001111000011001001011111010011110001000101000101011100011111 0.6880999803543091
1000101011001101010011000000100111011111011111000101011010100010010 0.09610000252723694
0000000001100000000010000111100010101110001100110000011110111010111 0.6162999868392944
0000000101001101111010011101001101011000000111100110111101101101110 0.7635999917984009
0001100100001010100001101101000011100100111010011100000001001110111 0.4683000147342682
1101111011001100100010111101100111010110000100001011111101111111111 0.10090000182390213
0110010001000001011101010100000101100000100000010011011000110100101 0.7922999858856201
1000110101001110111101101011101110110110011011000000001011000100000 0.21050000190734863
0000111101001110110111100011011100110100010011011101100110001110100 0.1542000025510788
1001111101011010101000100010100101111011011110110011001011010011011 0.1582999974489212
1000001101111110011011010001000110011010011101100111101001001001101 0.13989999890327454
1000100011101100001011000000010001101011111111110000110011001100010 0.5109999775886536
0001100000000000011001110000010111010011111010100111001111010010100 0.8259999752044678
1001010101000111010011011000001100010011110101000111010101111111111 0.3476000130176544
[0.9124000072479248]
[1, 1, 0, 0, 1, 1, 1, 0, 1, 1, 0, 1, 1, 0, 0, 1, 0, 0, 0, 0, 1, 1, 0, 0, 1, 1, 1, 1, 0, 1, 0, 1, 0, 1, 1, 1, 0, 1, 0, 0, 1, 0, 0, 0, 0, 1, 0, 0, 1, 0, 1, 0, 1, 1, 0, 0, 1, 0, 0, 0, 1, 1, 1, 1, 0, 1, 1] 0.9124000072479248 0.829454552043568
Generation 2
1100111011011001000011001111010101110100100001001010110010001111011 0.9124000072479248
1100111011011001000011001111010011000001011111100100011110001111011 0.9222999811172485
0110100110000110000001010100010100101011010110011111001001000111100 0.823199987411499
0000001100110011001111101111010111000100001010111011100100100011111 0.9039000272750854
0000000101001101111010011101001101011000011101100110111101101101101 0.9059000015258789
0000010001100010111110100010100100111001100001111110111011110101101 0.9333999752998352
1100111011011001000011001111010101110100100001001010110010001111011 0.9124000072479248
1000110101001110111101101011101110110110011011001100001011000100100 0.9077000021934509
0000000101001101111010011101001101011000000111101011011101101000110 0.8992000222206116
0100001101011000010011101111110110010011110101111100001011110101110 0.9197999835014343
0001100000000000011001110000010111010011111010100111001001010111100 0.8644000291824341
0110010001000001011101010100000101100000100000010011011000110100101 0.7922999858856201
0001100101010000101100111111001011110010110011001000000101100011110 0.8342999815940857
1100100011111001000110010111100000110111011101110100001111000111100 0.8802000284194946
0001100000000000011001110000010111010011111010100111001111010010100 0.8259999752044678
1100100011111001000110010111100000110111011101110100101111101010110 0.8575000166893005
1000001001111111110011111101100010111101100111100111110111010101101 0.8518000245094299
1100010100110000011011010111101110000101101011110110011011101111001 0.8205999732017517
0101010001000001011101010010111101101000100000001101011000110100101 0.7639999985694885
1000001001111111110011111101100010111101100110100111110111010101101 0.8075000047683716
0000000001100000000010000111100010101110001101110000011101111111111 0.8070999979972839
0100001101011000010011101111110110001111001100111100001010110101100 0.7709000110626221
0000000101001101111010011101001101011000000111100110111101101101110 0.7635999917984009
0000010001100010111110100010100110111001100001111110111011110001101 0.7325999736785889
1000001101111110011010010001000110001010000111100111101001001001110 0.7239999771118164
1000110001111000011001001011111010011110001000101000101011100011111 0.6880999803543091
1000110111111000101000011001111000101000100101011001010001101111010 0.6754000186920166
0101111000100101001000001110100000101100010111101011010100101000111 0.5841000080108643
0001110100000111001011000000010001101011101111110000110010000100001 0.580299973487854
0001100100001010100001101101001001000000101010101111000001001110111 0.5968000292778015
0000000001100000000010000111100010101110001100110000011110111010111 0.6162999868392944
1001101011000100110001100011001011010101000001100000001111001101010 0.5738999843597412
1001010101000111010011011000001100001111001100000111010100111111001 0.5824999809265137
1000001001111111110001111101100010111101100110100111110101111000111 0.5964999794960022
0110100110000110000001010100010100101011011100001001110001001111101 0.5286999940872192
1101111011001100100010111101100101010110000100000111001111110111110 0.5608000159263611
0001010010011000000000001101000101000101111100010001111010011101011 0.5385000109672546
1100010100110000011011010111100011110100111010011100001001001010011 0.5676000118255615
0001110100000111001001011010111111010011101000000111001110110010101 0.5394999980926514
1000100011101100001011000000010001101011111111110000110011001100010 0.5109999775886536
1101111011001100100010111101010101110100000100001010110010101111011 0.4837000072002411
1100010100110000011011010111101110000101101011110110011011001011011 0.5088000297546387
0001100000000000011001110000010111001111111010100101010101010101000 0.4767000079154968
1000100011101100001011011010111111001111111000000101010100111101011 0.48330000042915344
1101001101000010001111101101010110100000001111010011001010100001110 0.46630001068115234
0001100100001010100001101101000011100100111010011100000001001110111 0.4683000147342682
0001110100000111001001011010111111001111101000000101010100110101001 0.47380000352859497
1100100111011111001010111001010010001001111000111011011010110110101 0.4596000015735626
0000010110011111010000010001100110010010000101100110100110000100001 0.4431000053882599
0000100100011001111110111000111110011001100110011111001000100110110 0.4180000126361847
0100111110010001111001000110010111010011110010111000100010110010110 0.36239999532699585
Generation 3
0000010001100010111110100010100100111001100001111110111011110101101 0.9333999752998352
0001110100000111001001011010101011110010110011001001001110100011111 0.9451000094413757
1001101011000100110001100011001011010101101011110110011011101111011 0.9301000237464905
0101010001000000011101010010111101101000100011001101011011000100101 0.9211999773979187
0001110100000111001011000000010011001011111000000110110010000100101 0.8741999864578247
0110100110000110000001010100010100101011010110011111001001000111100 0.823199987411499
0000001100110011001111101111010111000100001010111011100100100011111 0.9039000272750854
0001100000000000011001110000010111010011111010100111001001010111100 0.8644000291824341
1100111011011001000011001111010011000001011111100100011110001111011 0.9222999811172485
0110010001000001011101010100000101100000100000010011011000110100101 0.7922999858856201
0001100101010000101100111111001011110010110011001000000101100011110 0.8342999815940857
1000110101001110111101101011001110010011110101101100001011000101110 0.917900025844574
0000000101001101111010011101001101011000011101100110111101101101101 0.9059000015258789
1100111011011001000011001111010101110100100001001010110010001111011 0.9124000072479248
0000010001100010111110100010100100111001100001111110111011110101101 0.9333999752998352
1000110101001110111101101011101110110110011011001100001011000100100 0.9077000021934509
1100111101000010000111101101110110100000001111100100011010101001110 0.9107999801635742
0001100000000000011001110000010111010011111010100111001111010010100 0.8259999752044678
1100111000110000011011010111101110100101111011110110011010001111011 0.8938000202178955
0000000101001101111010011101001101011000000111101011011101101000110 0.8992000222206116
0000010100110000011011010111101110000101100001111110111010000111011 0.9071999788284302
0100001101011000010011101111110110010011110101111100001011110101110 0.9197999835014343
1000100011101100001011011010111101101111101111110001010100111101011 0.8637999892234802
1100010101000111010011011000001100001111001101100100010100111111001 0.8837000131607056
1100010111011001000011001111010101110100100001001010110011001001111 0.879800021648407
0000010101010010111110100010100110111101100001111110111011111001110 0.900600016117096
1100101101011000010011101111110110010011110101101100001011100100110 0.8916000127792358
1101001101000010001111101001111000101000110101011101010001101111010 0.7728999853134155
0100001101011000010011101111110110110110011011011100001011110100100 0.8684999942779541
1000110101000110111001101011101110110110011011011100001011010101100 0.8708999752998352
0101010001000001011101010010111101101000100000001101011000110100101 0.7639999985694885
1100010100110000001100111111001011110010110011001000000101100010110 0.849399983882904
1100100011111001000110010111100000110111011101110100001111000111100 0.8802000284194946
1000001001111111110011111101100010111101100111100111110111010101101 0.8518000245094299
1100100011111001000110010111100000110111011101110100101111101010110 0.8575000166893005
1000001001111111110011111101100010111101100110100111110111010101101 0.8075000047683716
1100010100110000011011010111101110000101101011110110011011101111001 0.8205999732017517
0000010000100010100001101101001001000000101010101111011001001110111 0.7946000099182129
0000000001100000000010000111100010101110001101110000011101111111111 0.8070999979972839
0100001101011000010011101111110110001111001100111100001010110101100 0.7709000110626221
0000000101001101111010011101001101011000000111100110111101101101110 0.7635999917984009
1000001101111111110011111100100000101100010111101011010101010100111 0.7516000270843506
1000001101111110011010010001000110001010000111100111101001001001110 0.7239999771118164
0000010001100010111110100010100110111001100001111110111011110001101 0.7325999736785889
1000110001111000011001001011111010011110001000101000101011100011111 0.6880999803543091
0001100100000000000001101101001001000000101010101111000001101110111 0.6370999813079834
1000110111111000101000011001111000101000100101011001010001101111010 0.6754000186920166
1100100011111001000110000111100000110110100000001101011000100101111 0.6621000170707703
1000100011101101001000001110100000101100010111101011010100001000111 0.660099983215332
0001110100000111001011000000010001101011101111010000010010000100111 0.597599983215332
1001010101000111010011011000001100001111001100000111010100111111001 0.5824999809265137
Generation 4
0001110100000111001001011010101011110010110011001001001110100011111 0.9451000094413757
0001110100000111001011000000010011001000011101000110110010001100101 0.9305999875068665
0001100000000000011001110000001100001111001101100111010100010111100 0.9185000061988831
0001110100000111001001011010101011110010110011001001001110100011111 0.9451000094413757
0101010001000001011101010010111101000000011111100101011000001100101 0.9483000040054321
1001101011000100110001100011001011010101101011110110011011101111011 0.9301000237464905
0001110100000111001000011010101010111001110001111110001111100011101 0.8913000226020813
1100101011111001000001110000010111010011111010100110101111111010110 0.942300021648407
1000100011101111001011000000010011001011111001101010110010000100101 0.9520999789237976
0101010001000000011101010010111101101000100011001101011011000100101 0.9211999773979187
0001100000000000011001110000010111010011111000001101011000110100101 0.8672999739646912
0001110100000111001011000000010011001011111000000110110010000100101 0.8741999864578247
0110010001000001011101010100000101100000100000010011011000110101101 0.8483999967575073
0000001100110011001111101111010111000100001010111011100100100011111 0.9039000272750854
0110100110000110000001010100010100101011010110011111001001000111100 0.823199987411499
0001101000000000011001101101001001000000101010111111001001001010110 0.8968999981880188
1000101001111111110011111101100010111101100110100111110111010100101 0.9065999984741211
1001101011000100110001100010001100001111001011110111010100101111011 0.8855000138282776
0101010001000001011101010010111101101000100010100111001111010010100 0.9002000093460083
1000011001111111110011111101100000111101100101101111110011000101110 0.9294000267982483
1100101101011000010011101111110101110011110101101100001011101111011 0.9641000032424927
0000010101010010000111101101110110100000001111111110111011111001110 0.9124000072479248
1000110001111000011001001011111010011110001000101101001011100011111 0.8942999839782715
0100001101011000011101110010111101101010100011001101011011100100101 0.914900004863739
0000000101001101111010011101001101011000001111100011011000111100111 0.9146000146865845
1100111011011001000011001111010011000001011111100100011110001111011 0.9222999811172485
1000110101001110111101101011101110110110011011001100001011000100100 0.9077000021934509
0100001101011000010011101100010100101010010101111001001001100111110 0.9311000108718872
0000000101001101111010011101001101011000000111101011011101101000110 0.8992000222206116
1000110101001110111101101011001110010011110101101100001011000101110 0.917900025844574
1100111011001101001000001110100000101100010111101001010010001010111 0.8981000185012817
0000010001100010111110100010100100111001100001111110111011110101101 0.9333999752998352
0001100000000000011001110000010111010011111010100111001001010111100 0.8644000291824341
0000000101001101111010011101001101011000011101100110111101101101101 0.9059000015258789
0100001101011000010011101111110110010011110101111100001011110111100 0.9406999945640564
1100111011011001000011001111010110010100100001001010110010000100110 0.9090999960899353
1100111011011001000010000001000110001010000110100111001001001011011 0.890999972820282
0001100101010000101100111111001011110010110011001000000101100011110 0.8342999815940857
1100111000110000011011010111101110100101111011110110011010001111011 0.8938000202178955
0110010001000001011101010100000101100000100000010011011000110100101 0.7922999858856201
1100111101000010111110100010100010111101100011100100001010101011110 0.9075000286102295
1100111101000010000111101101110110100000001111100100011010101001110 0.9107999801635742
1100111011011001000011001111010101110100100001001010110010001111011 0.9124000072479248
1000100011101100001011011010111101101111101111110001010100111101011 0.8637999892234802
1000110101000110111001101011101110110110011011011100001011010101100 0.8708999752998352
0000010100110000011011010111101110000101100001111110111010000111011 0.9071999788284302
0100001101011000010011101111110110010011110101111100001011110101110 0.9197999835014343
1100111011011001000011001111010011100001100000001100011110110111011 0.8806999921798706
1100010101000111010011011000001100001111001101100100010100111111001 0.8837000131607056
0000010101010010111110100010100110111101100001111110111011111001110 0.900600016117096
1100010111011001000011001111010101110100100001001010110011001001111 0.879800021648407
Generation 5
1100101101011000010011101111110101110011110101101100001011101111011 0.9641000032424927
0101010001000010011110100010100110111101100001111110111011010000111 0.9520000219345093
0110010011000001011101010100000101100000100111001101011011000101101 0.9017999768257141
0101010001000000011101010010001101011000011101101101011011000101101 0.9438999891281128
1001110100000111001011000000010011001000011100100111110110011100101 0.9491999745368958
0001110100000111001001011010101011110010110011001001001110100011111 0.9451000094413757
0101010001000001011101010010111101000000011111100101011000001100101 0.9483000040054321
0001110100000111001001011010101011110011110011001001001110100111011 0.9427000284194946
1001101011000100110001100011001011010101101011110110011011101111011 0.9301000237464905
0001100000000000011001110000001100001111001101100111010100010111100 0.9185000061988831
0001110100000111001011000000010011001000011101000110110010001100101 0.9305999875068665
1000100011101111001011000000010011001011111001101010110010000100101 0.9520999789237976
0101010001000000011101010010111101101000100011001101011011000100101 0.9211999773979187
0110010001000001011101010100000101100000100000010011011000110101101 0.8483999967575073
1100101011111001000001110000010111010011111010100110101111111010110 0.942300021648407
0001101000000000011001101101001001000000101010111111001001001010110 0.8968999981880188
1000100011101111001011000000011111101111101111110001010100111100101 0.9431999921798706
0101010001000001011101010010111101101000100010100111001111010010100 0.9002000093460083
0001110100000111001000011010101010111001110001111110001111100011101 0.8913000226020813
1000011001111111110011111101100000111101100101101111110011000101110 0.9294000267982483
0000010101010000011101010010111101101000100011011101011011101101100 0.9438999891281128
1100111101001000010011101100010100101010010101111001001001101011110 0.9405999779701233
1001101011000100110001100010001100001111001011110111010100101111011 0.8855000138282776
0000001100110011001111101111010111000100001010111011100100100011111 0.9039000272750854
1100101101011000010011101111110101110010110101101100001011101011111 0.9685999751091003
1100101111011001000011001111010011000001110101101100001110001111011 0.9567999839782715
0001100000000000011001110000010111010011111000001101011000110100101 0.8672999739646912
0000010001100010111110100010100100111001100001111110111011110101101 0.9333999752998352
1100101101011000010011101111110101110011110101101100001011101111011 0.9641000032424927
0110100110000110000001010100010100101011010110011111001001000111100 0.823199987411499
1100111010011001000011001111010110010100100001001111110111010100100 0.9262999892234802
1100111011011001010011001111010110010100000110011110110010100100110 0.9138000011444092
0001110100000111001011000000010011001011111000000110110010000100101 0.8741999864578247
0100001101010010111010100010100010111101100011100100001010101011111 0.9271000027656555
0100001101011000010011101100010100101010010101111001001001100111110 0.9311000108718872
1000101001111111110011111101100010111101100110100111110111010100101 0.9065999984741211
1100111011011001000011001111010011000001011111100100011110001111011 0.9222999811172485
1000101001111111011101010100000101100000100110100111110111110100101 0.9071999788284302
0000010101010010000111101101110110100000001111111110111011111001110 0.9124000072479248
1100111011011001000011001111010110010100100001001010110010000100110 0.9090999960899353
1000110001111000011001001011111010011110001000101101001011100011111 0.8942999839782715
1000110101001110111101101011101110110110011011001100001011000100100 0.9077000021934509
0001100000000000011001110000010111010011111010100111001001010111100 0.8644000291824341
0000000101001101111010011101001101011000011101100110111101101101101 0.9059000015258789
0000010101010010111110100010100110111101100001111110111011111111011 0.9271000027656555
0100001101011000010011101111110110010011110101111100001011110111100 0.9406999945640564
1000110101001110111101101011001110010011110101101100001011000101110 0.917900025844574
1100111011001101001000001110100000101100010111101001010010001010111 0.8981000185012817
0000000101001101111010011101001101011000001111100011011000111100111 0.9146000146865845
0000000101001101111010011101001101011000000111101011011101101000110 0.8992000222206116
0000100000000000011001110000001101110010110011100000000100010111100 0.8830999732017517
Generation 6
1100101101011000010011101111110101110010110101101100001011101011111 0.9685999751091003
0101010001000010011110100010100110111101100001111110111011010000111 0.9520000219345093
1001110100000111001011000000010011001000011100100111110110011100101 0.9491999745368958
0110010011000001011101010100000101100000100111001101011011000101101 0.9017999768257141
1001110100000111001011000000010011001000011100100101011010011101100 0.9444000124931335
1000100011101111001011000000010011001011111001101010110010000100101 0.9531999826431274
0101010001000000011101010010001101011000011101101101011011000101101 0.9438999891281128
0001110100000111001001011010101011110010110011001001001110100011111 0.9451000094413757
0001110100000111001011000000000010110101111001101110110010000101100 0.9466999769210815
0101010001000001011101010010111101000000011111100101011000001100101 0.9483000040054321
0101010001000000011101010010001101111000011101101110111011000101101 0.9416999816894531
0001110100000111001001011010101011110011110011001001001110100111011 0.9427000284194946
0001100000000000011001110000001100001111001101100111010100010111100 0.9185000061988831
1001101011000100110001100011001011010101101011110110011011101111011 0.9301000237464905
0001110100000111001011000000010011001000011101000110110010001100101 0.9305999875068665
1100101011111001000001110000010111010011111010100110101111111010110 0.942300021648407
1001101011000100110001001111010011010101101011110110011001101111011 0.9287999868392944
0001110100000111001001011010101011110010110011001001011101100010111 0.9375
0110010001000001011101010100000101100000100000010011011000110101101 0.8483999967575073
1000100011101111001011000000011111101111101111110001010100111100101 0.9431999921798706
0000010101010000011101010010110101101000100011011111111111101111101 0.9447000026702881
0000110101111000011001001011111010011111001000101101010100010010111 0.933899998664856
0100010011000001001101010100000101100000100111001101011011111101101 0.9419000148773193
0000010101010000011101010010111101101000100011011101011011101101100 0.9438999891281128
0001101000000000011001101101001001000000101010111111001001001010110 0.8968999981880188
1000011001111111110011111101100000111101100101101111110011000101110 0.9294000267982483
0000001100110011001111101111010111000100001010111011100100100011111 0.9039000272750854
0110100110000110100001010100010100101011010110011101001001000101101 0.8551999926567078
0110010011000001011101010100000101100000111111101101011000001101101 0.859499990940094
1100101101011000010011101111110101110010110101101100001011101011111 0.9685999751091003
0101010001000001011101010010111101000000000111000101011011000100101 0.9243999719619751
1100101111011001000011001111010011000001110101101100001110001111011 0.9567999839782715
1100111101001000010011101100010100101010010101111001001001101011110 0.9405999779701233
0101010001000000011101010010001101011000011101101111011011000111100 0.9043999910354614
0100001101010010111010100010100010111101100011100100001010101011111 0.9271000027656555
0101010001000000011101010010111101101000100011001101011011000100101 0.9211999773979187
1100101101011000010011101111110101110011110101101100001011101111011 0.9641000032424927
0000010001100010111110100010100100111001100001111101001011110101101 0.9387999773025513
0101010001000001011101010010111101101000100010100111001111010010100 0.9002000093460083
0000010001100010111110100010100100111001100001111110111011110101101 0.9333999752998352
1100111011011001010011001111010110010100000110011110110010100100110 0.9138000011444092
1100111011011001000011001111010011000001011111100100011110001111011 0.9222999811172485
1000100011101111001011000000011111101111101111110001010100000100101 0.9110999703407288
1100111010011001000011001111010110010100100001001111110111010100100 0.9262999892234802
1000110101001110111101101011101110110110011011001100001011000100100 0.9077000021934509
0000000101001101111010011101001101011000001111100011011000111100111 0.9146000146865845
1000101001111111110011111101100010111101100110100111110111010100101 0.9065999984741211
0000000101001101111010011101001101011000011101100110111101101101101 0.9059000015258789
0100001101011000010011101100010100101010010101111001001001100111110 0.9311000108718872
1000101001111111011101010100000101100000100110100111110111110100101 0.9071999788284302
0100001101011000010011101111110110010011110101111100001011110111100 0.9406999945640564
Generation 7
1100101101011000010011101111110101110010110101101100001011101011111 0.9685999751091003
1000100011101111001011000000010011001011111001101010110010000100101 0.9531999826431274
0110010011000001011101010100000101100000100111001101011011000101101 0.9017999768257141
0101010001000010011110100010100110111101100001111110111011010000111 0.9520000219345093
1100101011111001000001110000010111010011111010100110101111111010110 0.942300021648407
1001110100000111001011000000010011001000011100100111110110011100101 0.9491999745368958
1100101101011000010011101111001101011010110101100011011011101011111 0.9681000113487244
1001110100000111001011000000010011001000011100100101011010011101100 0.9444000124931335
0101010001000001011101010010111101000000011111100101011000001100101 0.9483000040054321
0101010001000000011101010010001101011000011101101101011011000101101 0.9438999891281128
1000100011101111001011000000011111101111101111110001010100111100101 0.9431999921798706
1100111101001000011101010010010100101010010101111001011001001011111 0.948199987411499
0000110101111111001011010000011111101111101111110001010100000100101 0.9437999725341797
0101010001000000011101010010001101111000011101101110111011000101101 0.9416999816894531
0000110101110001011101010100000101100000100111001101011011000101101 0.9562000036239624
0001100000000000011001110000001100001111001101100111010100010111100 0.9185000061988831
1000100011101000011001001011111010011111001000101101010100010010111 0.9402999877929688
1001101011000100110001100011001011110101101011110100111111101111011 0.9305999875068665
1100111010011001000111001111010110010100100001001111110110110101100 0.9492999911308289
0110010001000001011101010100000101100000100000010011011000110101101 0.8483999967575073
0001110100000111001011000000000010110101111001101110110010000101100 0.9466999769210815
0001110100000111001001011010101011110010110011001001001110100011111 0.9451000094413757
0000001100110011001111101111010111000100001010111011100100100011111 0.9039000272750854
0000010101010000011101010010110101101000100011011111111111101111101 0.9447000026702881
1100101111011001000011001111010011000001110101101100001110001111011 0.9567999839782715
1100101101011000010011101111110101110010110101101100001011101011111 0.9685999751091003
0001110100000111001001011010101011110011110011001001001110100111011 0.9427000284194946
0000010101010000011101010010111101101000100011011101011010101101101 0.9573000073432922
0001110101000111001011000000000010110101111001101110001110100111100 0.9337000250816345
0001110100000111001011000000010011001000011101000110110010001100101 0.9305999875068665
1100101101011000010011101111110101110011110101101100001011101111011 0.9641000032424927
1001101011000100110001100011001011010101101011110110011011101111011 0.9301000237464905
1000011001111111110011111101100000111101100101101111110011000101110 0.9294000267982483
0000110101111000011001001011111010011111001000101101010100010010111 0.933899998664856
0100010011000001001101010100000101100000100111001101011011111101101 0.9419000148773193
1000110001001110111101101111101110110110011011101010110010000100101 0.9078999757766724
1000101001111111110011111101100010111101100110100111110111010100101 0.9065999984741211
0001110100000111001001011010101011110010110011001001001111100011110 0.9397000074386597
0110100110000110100001010100010100101011010110011101001001000101101 0.8551999926567078
0110010011000001011101010100000101100000111111101101011000001101101 0.859499990940094
0001101000000000011001101101001001000000101010111111001001001010110 0.8968999981880188
0001110100000111001001011010101011110010110011001001011101100010111 0.9375
0000010101010000010011111101100000111101100101011111110011001101100 0.9373999834060669
0000010001100010111110100010100100111001100001111110111011110101101 0.9333999752998352
1001101011000100110001001111010011010101101011110110011001101111011 0.9287999868392944
0101010001000001011101010010111101000000000111000101011011000100101 0.9243999719619751
0100001101010010111010100010100010111101100011100100001010101011111 0.9271000027656555
0000010001100010111110100010100100111001100001111101001011110101101 0.9387999773025513
0000010101010000011101010010111101101000100011011101011011101101100 0.9438999891281128
1100111011011001000011001111010011000001011111100100011110001111011 0.9222999811172485
0101010001000000011101010010111101101000100011001101011011000100101 0.9211999773979187
Generation 8
1100101101011000010011101111110101110010110101101100001011101011111 0.9685999751091003
0001100000000000011001110000001100101010010101111001011000001011111 0.9508000016212463
0110010011000001011101010100000101100000100111001101011011000101101 0.9017999768257141
1000100011101111001011000000010011001011111001101010110010000100101 0.9531999826431274
1100101011111001000001110000010111010011111010100110101111111010110 0.942300021648407
1100111101001000011101010010010101101000100011011111111111101011111 0.9656999707221985
0101010001000010011110100010100110111101100001111110111011010000111 0.9520000219345093
1001110100000111001011000000010011000011111010100110111010011111100 0.9435999989509583
1000100011101111001011000000011111101111101111110001010100111100101 0.9431999921798706
1100111101001000011101010010010100001011001101100111010101010111100 0.975600004196167
0101010001000001011101010010111101000000011111100101011000001100101 0.9483000040054321
1001110100000111001011000000010011001000011100100111110110011100101 0.9491999745368958
0101010001000000001101010010001101111000011111011001011010101101101 0.9484000205993652
0000010101010000011101010010111101101000100011011101011010101101101 0.9573000073432922
0000110101111111001011010000011111101111101111110001010100000100101 0.9437999725341797
0000110101100001011001010100000101100000100111001101011011001101101 0.9599000215530396
0101010001000000011101010010001101111001100001101110111011010101101 0.9484000205993652
1100101101011000010011101111001101011010110101100011011011101011111 0.9681000113487244
1000100011101000011001001011111010011111001000101101010100010010111 0.9402999877929688
0000110101110001011101010100000101100000100111001101011011000101101 0.9562000036239624
1001101011000100110001100011001011110101101011110100111111101111011 0.9305999875068665
0101010001000000011101010010001101011000011101101101011011000101101 0.9438999891281128
0000010101010000011101010010110101101000100011011111111111101111101 0.9447000026702881
1001110100000111001011000000010011001000011100100101011010011101100 0.9444000124931335
1100111010011001000111001111010110010100100001001111110110110101100 0.9492999911308289
1100101111011001001011000000011011100001110101101001010100111100101 0.9610999822616577
0000001100110011001111101111010111000100001010111011100100100011111 0.9039000272750854
0110010001000001011101010100000101100000100000010011011000110101101 0.8483999967575073
0100010011000001001101010100000101100000100111001101011011111101101 0.9419000148773193
1001101011000100110001100011001011010101101011110110011011101111011 0.9301000237464905
0000010101010000011101010010111101101000100001101110111011000101101 0.9595000147819519
0000010101010000011101010010110100101010010101111001011001001111101 0.9514999985694885
1000011001111111110011111101100000111101100101101111110011000101110 0.9294000267982483
1100101101011000010011101111110101110010110101101100001011101011111 0.9685999751091003
0001110100000111001011000000000010110101111001101110110010000101100 0.9466999769210815
0001110100000111001001011010101011110010110011001001001110100011111 0.9451000094413757
1100111101001000011101010010010100101010010101111001011001001011111 0.948199987411499
1100101111011001000011001111010011000001110101101100001110001111011 0.9567999839782715
1001111001000001011111010100000011010101100000010011011100110101101 0.9100000262260437
0001100000000000011001110000001100001111001101100111010100010111100 0.9185000061988831
0001110100000111001001011010101011110011110011001001001110100111011 0.9427000284194946
0101010001000001011101010010111101000000000111000101011011000100101 0.9243999719619751
0001101000000000011001101101001001000000101010111111001001001010110 0.8968999981880188
0000010001100010111110100010100100111001100001111110111011110101101 0.9333999752998352
0001110101000111001011000000000010110101111001101110001110100111100 0.9337000250816345
1000110001001110111101101111101110110110011011101010110010000100101 0.9078999757766724
1000101001111111110011111101100010111101100110100111110111010100101 0.9065999984741211
0001110100000111001001011010101011110010110011001001001111100011110 0.9397000074386597
0001110100000111001011000000010011001000011101000110110010001100101 0.9305999875068665
0001110100000111001001011010101011110010110011001001011101100010111 0.9375
0110100110000110100001010100010100101011010110011101001001000101101 0.8551999926567078
Generation 9
1100111101001000011101010010010100001011001101100111010101010111100 0.975600004196167
0110010011000001011101010100000011010101100000010011011100110101101 0.8942999839782715
0110010011000001011101010100000101100000100111001101011011000101101 0.9017999768257141
0001100000000000011001110000001100101010010101111001011000001011111 0.9508000016212463
0101010001000010011110100010100110111101100001111110111011010000111 0.9520000219345093
1000100011101111001011000000010011001011111001101010110010000100101 0.9531999826431274
1100111101001000011101010010010101101000100011011111111111101011111 0.9656999707221985
0000110101100001011001010100000101101010010101001101011011001111101 0.972100019454956
1000100011101111001011000001100000111101100101101111110011100101101 0.9611999988555908
1001110100000111001011000000010011000011111010100110111010011111100 0.9435999989509583
1001110100000111001011000000010011001000011100100111110110011100101 0.9491999745368958
0101010001000010011001110000001100001111001101000110111011010101101 0.9528999924659729
1100111101001000011101010010010100001011001101100111010101010111100 0.975600004196167
0100110101111111001001010000010011000011101010100110111000000100101 0.9460999965667725
1000100011101111001011000000011111101111101111110001010100111100101 0.9431999921798706
1100101101011000010011101111001101011010110101100011011011101011111 0.9681000113487244
1001101011000100110001100011001011110101101011110100111111101111011 0.9305999875068665
0101010001000001011101010010111101000000011111100101011000001100101 0.9483000040054321
1001110100000111001011010000010011001000011100100011010110000101101 0.9395999908447266
1100101011111001000001110000010111010011111010100110101111111010110 0.942300021648407
0101010001000000011101010010001101011000010111011011011001001101101 0.9398000240325928
0101010001000000011101010010001101111001100001101110111011010101101 0.9484000205993652
1100101111011001001011000000011011100001110101101001010100111100101 0.9610999822616577
0000110101111111001011010000011111101111101111110001010100000100101 0.9437999725341797
1100111010011001000111001111010110010100100001001111110110110101100 0.9492999911308289
1001110100000111001011000000010011001000011100100101011010011101100 0.9444000124931335
1100101101011000010011101111110101110010110101101100001011101011111 0.9685999751091003
0000110101110001011101010100000001110101101011110110011011001111011 0.9664000272750854
0101010001000000011101010010001101011000011101101101011011000101101 0.9438999891281128
1000100011101000011001001011111010011111001000101101010100010010111 0.9402999877929688
0101010001000000001101010010001101111000011111011001011010101101101 0.9484000205993652
0000010101010000011101000010111101101000100001101110111111011100101 0.9560999870300293
1001101011000100110001100011001011010101101011110110011011101111011 0.9301000237464905
0000010101010000011101010010110100101010010101111001011001001111101 0.9514999985694885
0001110100000111001001011010101011110010110011001001001110100011111 0.9451000094413757
0000001100110011001111101111010111000100001010111011100100100011111 0.9039000272750854
0001110100000111001001011010101011110010110011001001001111100011110 0.9397000074386597
1000011001111111110011111101100000111101100101101111110011000101110 0.9294000267982483
0001110100000111001011000000000010110101111001101110110010000101100 0.9466999769210815
1001110100000011001011000000111101101000100011011101011010011101101 0.944100022315979
0110100110000110100001010100010100101011010110011101001001000101101 0.8551999926567078
0001110100000111001001011010101011110011110011001001001110100111011 0.9427000284194946
1100111101001000011101010010010100101010010101111001011001001011111 0.948199987411499
0000010101010000011101010010110100100000100111111001011011001101101 0.9575999975204468
0000010101010001001101010100000101100000100111001101011011101101101 0.9621999859809875
0000010101010000011101010010111101101000100011011101011010111101101 0.9589999914169312
0001110101000111001011000000000010110101111001101110001110100111100 0.9337000250816345
0101010001000001011111010010111101000000011111100101010100111101101 0.9312999844551086
0000110101100001011001010100000101100000100111001101011011001101101 0.9599000215530396
1100101011111001000001110000010111010011111010100110101111111000110 0.9265999794006348
0100010011000001001101010100000101100000100111001110111011110101101 0.9430999755859375
Generation 10
1100111101001000011101010010010100001011001101100111010101010111100 0.975600004196167
1110010011000001011101010100000011010101100000010011011100110011111 0.9265999794006348
0110010011000001011101010100000101100000100111001101011011000101101 0.9017999768257141
0001100000000000011001110000001100101010010101111001011000001011111 0.9508000016212463
0101010001000010011110100010100110111101100001111110111011010000111 0.9520000219345093
0110010011000001011101010100000011010101100000010011011100110101101 0.8942999839782715
1001110100000111001011000000010011001000011100100111110110011100101 0.9491999745368958
1100111101001000011101010010010100001011001101100111010101010111100 0.975600004196167
0101010001000010011001110000001100001111001101000110111011010101101 0.9528999924659729
0000110101100001011001010100000101101010010101001101011011001111101 0.972100019454956
1100101101011000010011101111001101011010110101100011011011101011111 0.9681000113487244
1100111101001000011101010010010101101000100011011111111111101011111 0.9656999707221985
1100101011111001000001110000010111010011111010100110101111111010110 0.942300021648407
0001110000000111001101010010001101011000011001101110110010000101100 0.9531999826431274
1001110100000111001011000000010011000011111010100110111010011111100 0.9435999989509583
0100110101111111001001010000010011000011101010100110111000000100101 0.9460999965667725
1001110100000111001011000000010011001000011100100101011010011101100 0.9444000124931335
1100101111011001001011000000011011100001110101101001010100111100101 0.9610999822616577
1001110100000111001011010000010011001000011100100011010110000101101 0.9395999908447266
1100101101011000010011101111110101101111101111110001010011101011111 0.9682999849319458
0001110100000111001011000000000010101011111001101010110110000101100 0.9496999979019165
1000100011101111001011000001100000111101100101101111110011100101101 0.9611999988555908
1100101101011000010011101111110101110010110101101100001011101011111 0.9685999751091003
0101010001000000011101010010001101011000011101101101011011000101101 0.9438999891281128
0100110101111111001001010000010011001000011100100110110110000100101 0.9347000122070312
0000010101010000011101010010110100101010010101111001011001001111101 0.9514999985694885
1000100011101111001011000000010011001011111001101010110010000100101 0.9531999826431274
0101010001000000011101010010001101111001100001101110111011010101101 0.9484000205993652
1100111010011001000111001111010110010100100001001111110110110101100 0.9492999911308289
1001101011000100110001100011001011110101101011110100111111101111011 0.9305999875068665
0000110101110001011101010100000001110101101011110110011011001111011 0.9664000272750854
0101010001000001011101010010111101000000011111100101011000001100101 0.9483000040054321
1000100011101111001011000000010011010101111001101110110010000100101 0.9574999809265137
0101010001000000011101010010001101011000010111011011011001001101101 0.9398000240325928
1000100011101111011101010010011111101110011111101101011000111100101 0.9488999843597412
0000010100010000011101010010100110101101100101111110111011010000111 0.9365000128746033
0101010001000000001101010010001101111000011111011001011010101101101 0.9484000205993652
1000100011101000011001001011111010011111001000101101010100010010111 0.9402999877929688
1001101011000100110001100011001011010101101011110110011011101111011 0.9301000237464905
0001110100000111001001011010101011110010110011001001001110100011111 0.9451000094413757
0000001100110011001111101111010111000100001010111011100100100011111 0.9039000272750854
0100010011000001001101010100000101100000100111001110111011110101101 0.9430999755859375
0001110100000111001001011010101011110010110011001001001111100011110 0.9397000074386597
0000110101111111001011010000011111101111101111110001010100000100101 0.9437999725341797
1001110100000011001011000000111101101000100011011101011010011101101 0.944100022315979
1000100011101111001011000000011111101111101111110001010100111100101 0.9431999921798706
0110100110000110100001010100010100101011010110011101001001000101101 0.8551999926567078
0001110100000111001001011010101011110011110011001001001110100111011 0.9427000284194946
0000010101010001001101010100000101100000100111001101011011101101101 0.9621999859809875
0000010101010000011101010010110100100000100111111001011011001101101 0.9575999975204468
0101010001000001011111010010111101000000011111100101010100111101101 0.9312999844551086
[0.9124000072479248, 0.9333999752998352, 0.9451000094413757, 0.9641000032424927, 0.9685999751091003, 0.9685999751091003, 0.9685999751091003, 0.975600004196167, 0.975600004196167, 0.975600004196167]
[1, 1, 0, 0, 1, 1, 1, 1, 0, 1, 0, 0, 1, 0, 0, 0, 0, 1, 1, 1, 0, 1, 0, 1, 0, 0, 1, 0, 0, 1, 0, 1, 0, 0, 0, 0, 1, 0, 1, 1, 0, 0, 1, 1, 0, 1, 1, 0, 0, 1, 1, 1, 0, 1, 0, 1, 0, 1, 0, 1, 0, 1, 1, 1, 1, 0, 0] 0.975600004196167 0.8724289462385019