Generation 1
1100111001110000101101100000101100110101011110011110111101100001110 0.8615999817848206
0100110001001100110010011010010100110001110111111110000100010011010 0.1200999990105629
1000001010111011011011001100011101010000010010101100000000001110011 0.0997999981045723
0000110110111100101110111111101010100111001011001011101111110110111 0.8510000109672546
0100001110100111111001001000001110010100011111011010101010010001101 0.1437000036239624
0100110101000100011011110010001100000010100011100100011100110011100 0.7470999956130981
1000110111010000010110101101000011110100110001000001010101100101110 0.77920001745224
0100110110011101001001100111111011000111001110001000101011001110110 0.5397999882698059
1000000001100100001111001101111000011111100101010001101100010101100 0.5687000155448914
1001100010001111100000111011100011100110010111111010011100100111110 0.10119999945163727
0100011101101110100101011111000101100010110101000111011010101000101 0.3366999924182892
0100011101111110010111011101011110110010011010111100101110010110000 0.05689999833703041
1001100000010010000101001001110001100011001001110101011111111101100 0.899399995803833
1100111100010000100100001101000110111001110111011001001110111010101 0.3091000020503998
1100100110111100110011000110110010100110110110001001101111111111111 0.10279999673366547
0000011001100000101111100110101100100101110100010111001110110111110 0.8479999899864197
1100011011010101001101000011000010101100010001000010110101101100110 0.8945000171661377
0000001101110111110110001110011110101100100111110000010010001111001 0.22210000455379486
1000000000000101011101001010101110111010110111101001100111001000001 0.14139999449253082
1000010011011100110010110101001011101101011100001110011101011100110 0.6977999806404114
0000010000000101101001010001000101001011011111111011001000000010001 0.15139999985694885
0000101111110101001100001101100100010111100100010001011100010010100 0.3089999854564667
0000000100000010001010000011111011111110101101111011100011010110110 0.6509000062942505
1000100010101100001111000110001001101010010111001000101110101100101 0.5304999947547913
0000000100111110010111001111101111011011000011010100000010111100101 0.4187999963760376
0101111011000110010010011011100101111010001001100011001111101010001 0.11580000072717667
0000111010000101011111010011000010100110111011100101100100010111101 0.7516999840736389
0001111001001001011000101000011011011000001000011110101010011100110 0.8901000022888184
1110110000000100000000001110010100010101100111111010101000000110101 0.0982000008225441
1100101000001100000001111000110100101010010010100100000101100100001 0.4092000126838684
1000000111101110110111010100010011010011000011110001010010001101111 0.10279999673366547
1000100110001101001010000110000011110100001000111010001011110011010 0.10339999943971634
0101100011000111111100111000111000011111000100001110111100101100010 0.5613999962806702
1101011000010001001100011111111011111110100101101111110011111001011 0.3147999942302704
1000000100010010110100110100000000110011001111110000111010001000110 0.4968999922275543
1101010001001011101100010111010100000110011110001000000011010111100 0.7871000170707703
1000110001000111010001101101100010101010000100100000000111001010010 0.11590000241994858
1101001010000111100111010110110101001011110101101100010000111010010 0.07890000194311142
1000000000100010101110001000001000111001110000100000000100100010111 0.1265999972820282
0100000000001110010100000010111100100010010010101101111111110011001 0.6155999898910522
1101001000010010100011101100110001101001100100100100011010101100001 0.14270000159740448
1100011100010011100011110110010110000101000000110010001110110010001 0.07680000364780426
0100110110000001011011010101011100000001100000000010100101010101100 0.21570000052452087
0100010100001111101010001011111111110010110111110111110100110100010 0.7714999914169312
0000001111000000000010001001100001111001111100110111111010110110010 0.1454000025987625
0101010100000100101000101110010110010111111001100110110100010111101 0.9377999901771545
1100111100010101110011101111010100101100000100111100101111001001110 0.09799999743700027
0000111101100110010011110010101011011110001101101110100100000010001 0.11379999667406082
1001101100011000100100000110011101101111110111100101111101010111010 0.7304999828338623
0000011110000110110011100100100000101100000011111011100000011011101 0.46799999475479126
[0.9377999901771545]
[0, 1, 0, 1, 0, 1, 0, 1, 0, 0, 0, 0, 0, 1, 0, 0, 1, 0, 1, 0, 0, 0, 1, 0, 1, 1, 1, 0, 0, 1, 0, 1, 1, 0, 0, 1, 0, 1, 1, 1, 1, 1, 1, 0, 0, 1, 1, 0, 0, 1, 1, 0, 1, 1, 0, 1, 0, 0, 0, 1, 0, 1, 1, 1, 1, 0, 1] 0.9377999901771545 0.8931428477877662
Generation 2
0101010100000100101000101110010110010111111001100110110100010111101 0.9377999901771545
0101010100000100101000101110010110010111111001100110110100010111101 0.9377999901771545
1101001010000111100111010100111101001111110101101011100111110010111 0.9156000018119812
0101100011000111111101100100101100100111010100010110101110110100110 0.9264000058174133
0000011101100110100011110010101011011110001101100110110100010111101 0.958899974822998
1001100000010010000101001001110001100011001001110101011111111101100 0.899399995803833
0000011001100000101111100110101100100101110101100111001110010111101 0.9480000138282776
0001111001001001011000101000011011011000001000011110101010011100110 0.8901000022888184
1100111100010101110011101111010100101100000101111100101100001100110 0.9269999861717224
0000110110110101001100001101100100010111100100010001101100010010111 0.8968999981880188
1100011011010101001101000011000010101100010001110101111101011111110 0.9315999746322632
1100011011010101001111000011000010101110100101101111110011111001110 0.9104999899864197
0101100011000111111100110010111100100010010010100101111111110010011 0.8151000142097473
1100011011010101001101000011000010101100010001000010110101101100110 0.8945000171661377
1100110111010000010110101101000011110100010001000001010101000111111 0.8823999762535095
1100111001110000101101100000101100110101011110011110111101100001110 0.8615999817848206
1101010001001011101100010111010100000110011110001000000011010111100 0.7871000170707703
0100010100001111101010001011111111110111110111110101111101010101010 0.8865000009536743
0000011001100000101111100110101100100101110100010111001110110111110 0.8479999899864197
0100110110011101001000011011110011110110010111111000101011001110110 0.866100013256073
0000010000000101101001010001000101001011011111111001011111000011100 0.8648999929428101
0000111010000101011111010011000010100110111011100101110101010011111 0.8805000185966492
0000110110111100101110111111101010100111001011001011101111110110111 0.8510000109672546
1001101100011000100100000110011101101111110111100101111101010111010 0.7304999828338623
1000110111010000010110101101000011110100110001000001010101100101110 0.77920001745224
0100010100001111101010001011111111110010110111110111110100110100010 0.7714999914169312
1001100010001111100001100111101011000111001110001010011100100111110 0.6705999970436096
0100110101000100011011110010001100000010100011100100011100110011100 0.7470999956130981
0000111010000101011111010011000010100110111011100101100100010111101 0.7516999840736389
1000010011011100110010110101001011101101011100001110011101011100110 0.6977999806404114
0000000100000010001010000011111011111110101101111011100011010110110 0.6509000062942505
0100000010001110010100000010111100100010010010101101110111110101100 0.6169000267982483
0100000000001110010100000010111100100010010010101101111111110011001 0.6155999898910522
1101011000010101001100011110111011111100010001000010110101101100011 0.5727999806404114
0101100011000111111100111000111000011111000100001110111100101100010 0.5613999962806702
1000000001100100001111001101111000011111100101010001101100010101100 0.5687000155448914
0100110110011101001001100111111011000111001110001000101011001110110 0.5397999882698059
1101010000010001001101011110111011111111100101101111100011111011101 0.5146999955177307
1000100010101100001111000110001001101010010111001000101110101100101 0.5304999947547913
0000101000010010100011101100110001100001100100100100011100011101101 0.48919999599456787
1000000100010010110100110100000000110011001111110000111010001000110 0.4968999922275543
1101001010000111100111010110110001001011110111011000010000111010101 0.42989999055862427
0000011110000110110011100100100000101100000011111011100000011011101 0.46799999475479126
0000000100111110010111001111101111011011000011010100000010111100101 0.4187999963760376
1100101000001100000001111000110100101010010010100100000101100100001 0.4092000126838684
0100011101101110100101011111000101100010110101000111011010101000101 0.3366999924182892
1101011000010001001100011111111011111110100101101111110011111001011 0.3147999942302704
1001100000010010000101001001110001100111001001110111001000101100001 0.30959999561309814
0001111001001001011000101000011011011000010111101001110110001100001 0.29269999265670776
0000101111110101001100001101100100010111100100010001011100010010100 0.3089999854564667
1100111100010000100100001101000110111001110111011001001110111010101 0.3091000020503998
Generation 3
0000011101100110100011110010101011011110001101100110110100010111101 0.958899974822998
1101001010000111100111010110110001101100000101111000001100111010111 0.949400007724762
0101100011000111111101100100100100100111010110010111110110110100110 0.9301000237464905
1101001010000111100111010100111101001111110101101011100111110010111 0.9156000018119812
0101100011000111111101100100101100100111010100010110101110110100110 0.9264000058174133
0101010100000101011111010011000010100110111001100110100100010111101 0.9334999918937683
0101010100000100101000100110010110010111111001100110010100010111101 0.9391999840736389
1001100000010010000101001001110001100100010001000101011111011101110 0.9240999817848206
0101010100000100101000101110010110010111111001100110110100010111101 0.9377999901771545
1100110111010000010100000010111100100010010010101101111111110111001 0.9236000180244446
1001100000010010000101001001110001100011001001110101011111111101100 0.899399995803833
1100111100011110010100000010111100100010010011111100101100001100100 0.9251000285148621
1101000001001011101100111000101001011111000100001110000011001111110 0.885200023651123
0001111001001001011000101000011011011000001000011110101010011100110 0.8901000022888184
0000110110111100001110111111101010100111001100100100011100110111100 0.945900022983551
0001111001001001011000101000011011011000001000011110101011011000110 0.8862000107765198
0000110110111100101110111111101011101101011100001111101111010100111 0.9383000135421753
0000011101100110100011110010101011011110001101100110110100010111101 0.958899974822998
0000011001100000101111100110101100100101110101100111001110010111101 0.9480000138282776
0000110110110101001100001101100100010111100100010001101100010010111 0.8968999981880188
1100111100010101110011101111010100101100000101111100101100001100110 0.9269999861717224
1001100000010010001010000011111011111110100001110101011111011101100 0.864799976348877
0000111010000000101111010011000010100110111011100101110110110011110 0.9050999879837036
0000011101100101011111100110101100100101110100010111001101010011111 0.9272000193595886
0100110110011101001000011011110011110110010111111000101011001110110 0.866100013256073
1100111001110000101101100000101100110101011110011110111101100001110 0.8615999817848206
0101100011000111111100110010111100100010010010100101111111110010011 0.8151000142097473
0100010100001111101010001011111111110111110111110101111101010101010 0.8865000009536743
0000010000000101101001010001000101001011011111111001011111000011100 0.8648999929428101
1100011011010101001101000011000010101100010001110101111101011111110 0.9315999746322632
0000110110111100101110111111101010100111001011001011101111110110111 0.8510000109672546
0000010101001111101010001011111111110010110111110111111100110110111 0.8756999969482422
0100010101101110100101011101000101100010110101000111010000011101101 0.8970000147819519
0000111010000101011111010011000010100110111011100101110101010011111 0.8805000185966492
1101010001001011101100010111010100000110011110001000000011010111100 0.7871000170707703
1100110111010000010110101101000011110100010001000001010101000111111 0.8823999762535095
1100011011010101001111000011000010101110100101101111110011111001110 0.9104999899864197
1100011011010101001101000011000010101100010001000010110101101100110 0.8945000171661377
1100011011010101001111000011000010101110100101111111110010111101111 0.902999997138977
0000011001100000101111100110101100100101110100010111001110110111110 0.8479999899864197
0100000000001110010110101101000011110100010001000001010101000011111 0.8277000188827515
0000010000010001001101010010101011011110000101101110110111111011101 0.8353999853134155
1100111100010101110011101111010100001011110111011100110000001100100 0.8046000003814697
1100011011010101001101000011000010101100010001110100000011011101111 0.8579000234603882
1001101100011000100100000110011101101111110111100101111101010111010 0.7304999828338623
0000100000010010100101001001110001100001100100100101011111111101100 0.8009999990463257
0101100011000111111100110010111100100010010010110111110111110000010 0.7087000012397766
0100010100001111101010001011111111110010110111110111110100110100010 0.7714999914169312
1000110111010000010110101101000011110100110001000001010101100101110 0.77920001745224
0000111010000101011111010011000010100110111011100101100100010111101 0.7516999840736389
0100110101000100011011110010001100000010100011100100011100110011100 0.7470999956130981
Generation 4
0000011101100110100011110010101011011110001101100110110100010111101 0.958899974822998
0001111001001011011000101001111111011000001111110101111101010101010 0.9484000205993652
0101100011000111111101100100100100100111010110010111110110110100110 0.9301000237464905
1001100000010010001010000011111111110111110111110101111111010101100 0.9171000123023987
0001001010000111100111010110101100100101110101111000001100111011111 0.9682999849319458
1001111001001001011000101000011011011000001110001000001011011101100 0.8799999952316284
1101001010000111100111010110110001101100000101111000001100111010111 0.949400007724762
1100111100011110010100000010111100100010010011111100101100001100100 0.9251000285148621
1100110111010000010100000010111100100010010010101101111111110111001 0.9236000180244446
0000011001100000101111100110101100100101110101100111001110010111101 0.9480000138282776
1100111001110000100011100000101100110101011110011100101101100000110 0.9021999835968018
0001111001001000100100011101000101100010111101001110101010011101101 0.949400007724762
0101100011000111111101100100101100100111010100010110101110110100110 0.9264000058174133
1101001010000111100111010100111101001111110101101011100111110010111 0.9156000018119812
0101010100000101010111010011000010100110111001100110100101010011111 0.9438999891281128
0000110110111100001110111111101010100111001000110100011111110101100 0.9402999877929688
0000111010000000101111010011000010100110111011100101110110110011110 0.9050999879837036
0001111001001001011000101000011011011000001000011110110011011101100 0.9412000179290771
0000110110111100001110111111101010100111001100100100011100110111100 0.945900022983551
0000011101100110100011110010101011011110001101100110110100010111101 0.958899974822998
1001100000010010000101001001110001100100010001000101011111011101110 0.9240999817848206
0101010100000100101000100110010110010111111001100110010100010111101 0.9391999840736389
0101010100000101011111010011000010100110111001100110100100010111101 0.9334999918937683
0101010100000100101000101110010110010111111001100110110100010111101 0.9377999901771545
0000110110111100101110111111101011101101011100001111101111010100111 0.9383000135421753
0000011101100101011111100110101100100101110100010111001100010011111 0.9298999905586243
0100010101101110100101011101000101100010111101000111010100001101101 0.9259999990463257
1100111100010101110011101111010100101100000101111100101100001100110 0.9269999861717224
0100010101101110100101011101000101100010010111000001011110011101101 0.8615000247955322
0100110110011101001000011011110011110110010111111000101011001110110 0.866100013256073
0100010101101111011000101000011011011000001000010111010000011100110 0.9162999987602234
0000110110110101001100001101100100010111100100010001101100010010111 0.8968999981880188
0100010100001111101010001011111111110111110111110101111101010101010 0.8865000009536743
1100110111010000010110101101000011110100010001000001010101000111111 0.8823999762535095
0000010101001111101010001011111111110010110111110111111100110110111 0.8756999969482422
1100011011010101001101000011000010101100010001110101111101011111110 0.9315999746322632
1100111100010101111101101111010100101100000101111110111100000101110 0.9151999950408936
0000111010000101011111010011000010100110111011100101110101010011111 0.8805000185966492
1100111001110000101101100000101100110101011110011110111101100001110 0.8615999817848206
1001100000010010000101001001110001100011001001110101011111111101100 0.899399995803833
0101100011000111111100110010111100100010010010100101111111110010011 0.8151000142097473
0000010000000101101001010001000101001011011111111001011111000011100 0.8648999929428101
1101000001001011101100111000101001011111000100001110000011001111110 0.885200023651123
0001111001001001011000101000011011011000001000011110101010011100110 0.8901000022888184
0000010110111101000000011011110011110110011100111010101011001111100 0.8902999758720398
0000110110111100101110111111101010100111001011001011101111110110111 0.8510000109672546
1001100000010010000101001001110001100010001101100100011100111111100 0.8919000029563904
0001111001001001011000101000011011011000001000011110101011011000110 0.8862000107765198
1100011011010101001111000011000010101110100101101111110011111001110 0.9104999899864197
1100011011010111100111010100111101001111110001101011100111110000110 0.8948000073432922
1100011011010101001101000011000010101100010001000010110101101100110 0.8945000171661377
Generation 5
0001001010000111100111010110101100100101110101111000001100111011111 0.9682999849319458
0001111001001011011000101001111111011000001111110101111101010101010 0.9484000205993652
0101100011000111111101100100100100100111010110010111110110110100110 0.9301000237464905
1001100000010010001010000011111111110111110111110101111111010101100 0.9171000123023987
0001111001001000100100011101000101100010011111110101111110010101010 0.9126999974250793
1100111100011110010100000010111100100010010011111100101100001100100 0.9251000285148621
1100110111010000010100000010111100100011001001110101011111110101100 0.9692000150680542
1001111001001001011000101000011011011000001110001000001011011101100 0.8799999952316284
1100110111010000010100000010111100100010010010101111110111110011100 0.9233999848365784
1100110111010000010100000010111100100010010010101101111111110111001 0.9236000180244446
0001001010000111100111010110101100100101110101111000001100111011111 0.9682999849319458
1100111100010101111111101111010100101100000101111000001100111001111 0.9539999961853027
1100111001110000100011100000101100110101011110011100101101100000110 0.9021999835968018
0101100011000111111101100100100100100111010110010111110110010110111 0.8744999766349792
0001111001001011011000101001111111011000111101001110101001011101101 0.9614999890327454
1100111100011110010100110010101011011110001101100110110100011100100 0.9592000246047974
0001111001001001011000101000011011011000001000011110110011011101100 0.9412000179290771
1100101001110000101101100000101101110101011110011110111010011101101 0.8967000246047974
1101001010000101100111010110110001101100000101111000001100111010111 0.9448000192642212
1101001010000111100111010110110001101100000101111000001100111010111 0.949400007724762
0101100011000111111101100100101100100111010100010110101110110100110 0.9264000058174133
0000111010000000101111010011000010100110111011100101110110110011110 0.9050999879837036
1001100000010010000101001001110001100100010001000101011111011101110 0.9240999817848206
0000011101100110100011110010101011011110001101100110110100010111101 0.958899974822998
0000011001100000101111100110101100100101110101100111001110010111101 0.9480000138282776
0100010101101110100101011101000000100011010110010111111110110101100 0.8938999772071838
0101010100000100101000100110010110010111111001100110010100010111101 0.9391999840736389
0100110110011101001000011011110011110110010111111000101011001110110 0.866100013256073
0000110110111100101110111111101011101101011100001111101111010100111 0.9383000135421753
0101010100000101010111010011000010100110111001100110100101010011111 0.9438999891281128
0001111001001000100100011101000101100010111101001110101010011101101 0.949400007724762
1100011011010101001101000011000010101100010001110101111101011111110 0.9315999746322632
1100111001110000100010100000101100110101011101100100001100100101100 0.9271000027656555
0100010100001111101010001011111111110111110111110101111101010101010 0.8865000009536743
0101010100000100101000101110010110010111111001100110110100010111101 0.9377999901771545
0000110110111100001110111111101010100111001000110100011111110101100 0.9402999877929688
0000110110111100001110111111101010100111001100100100011100110111100 0.945900022983551
0100010101101110100101011101000101100010010111000001011110011101101 0.8615000247955322
0000110110110101001100001101100100010111100100010001101100010010111 0.8968999981880188
0001111001001000101100011101000100101110100101001111110011011101110 0.92330002784729
0000011101100101011111100110101100100101110100010111001100010011111 0.9298999905586243
0000111010000101011111010011000010100110111011100101110101010011111 0.8805000185966492
1001100000010010000101001001110001100011001001110101011111111101100 0.899399995803833
1100111100010101110011101111010100101100000101111100101100001100110 0.9269999861717224
0101010100000101011111010011000010100110111001100110100100010111101 0.9334999918937683
0100010101101110100101011101000101100010111101000111010100001101101 0.9259999990463257
1101001010000111100111010110110001101100011100001111101100111000111 0.9200999736785889
0000011001100000101111100110101100100101110101100111001110110101100 0.921500027179718
0100010101101111011000101000011011011000001000010111010000011100110 0.9162999987602234
1101001010000111100111010100111101001111110101101011100111110010111 0.9156000018119812
0000010110111101000000011011110011110110011100111010101011001111100 0.8902999758720398
Generation 6
1100110111010000010100000010111100100011001001110101011111110101100 0.9692000150680542
0001001010000111100111010111000010100101111011111000001100110011111 0.932699978351593
0001111001001011011000101001111111011000001111110101111101010101010 0.9484000205993652
0101100011000111111101100100100100100111010110010111110110110100110 0.9301000237464905
0001001010000111000111010111101100100101110100111000001011011011111 0.9602000117301941
0001001010000111100111010110101100100101110101111000001100111011111 0.9682999849319458
1100111100011110010100000010111100100010010011111100101100001100100 0.9251000285148621
1101010100000100101001100000010110010111111011100110010110010101101 0.9161999821662903
1100010101110000010100000010111100100010010101110001011111011101100 0.9544000029563904
1001100000010010001010000011111111110111110111110101111111010101100 0.9171000123023987
0001111001001011011000101001111111011000001111110101111101111001110 0.9135000109672546
1100010101101110100101011101000101100010110111000000010100010111101 0.9115999937057495
1100111100010101111111101111010100101100000101111000001100111001111 0.9539999961853027
0100010101101110100101011101000000100011010110010110101010011101101 0.9151999950408936
1101001010000111100111010110110001101100000101111000001100111010111 0.949400007724762
0000111010000000101111010011000010100110111011100100110110110101100 0.9380999803543091
1101001010000101100111010110110001101100000101111000001100111010111 0.9448000192642212
1100110111010000010100000010111100100010010010101111110111110011100 0.9233999848365784
0001111001001000100100011101000101100010011111110101111110010101010 0.9126999974250793
0001111001001011011000101001111111011000111101001110101001011101101 0.9614999890327454
1001100000010010000101001001110001100100010001000101011111011101110 0.9240999817848206
1100110111010000010100000010111100100010010010101101111111110111001 0.9236000180244446
1100110111010000010100000010111100100011001001110101011111110101100 0.9692000150680542
0101100011000111111101100100101100100111010100010110101110110100110 0.9264000058174133
0001111001001001011000101000011011011000001000011110110011011101100 0.9412000179290771
1100111100011110010100110010101011011110001101100110110100011100100 0.9592000246047974
0000011101100110100011110010101011011110001101100110110100010111101 0.958899974822998
1100111100010101111111101111010100101100000101011000001101010101011 0.9513999819755554
1100111001110000100011100000101100110101011110011100101101100000110 0.9021999835968018
0001111001001000101100011101000100101110100101001111110100111101110 0.9363999962806702
1001111001001001011000101000011011011000001110001000001011011101100 0.8799999952316284
0000110110111100101110111111101011101101011100001111101111010100111 0.9383000135421753
0000011001100000101111100110101100100101110101100111001110010111101 0.9480000138282776
0001111001001000100100011101000101100010111101001110101010011101101 0.949400007724762
0101010100000101010111010011000010100110111001100110100101010011111 0.9438999891281128
1100111001110000100010100000101100110101011101100101111111010101100 0.9397000074386597
0101010100000100101000100110010110010111111001100111111110011101101 0.9447000026702881
0000110110111100001110111111101010100111001100100100011100110111100 0.945900022983551
1100101001110000101101100000101101110101011110011110111010011101101 0.8967000246047974
1100111100011110010100110010101011011110001000011110110100011101100 0.9318000078201294
0101010100000100101000100110010110010111111001100110010100010111101 0.9391999840736389
0000111010000000101111010011000010100110111011100101110110110011110 0.9050999879837036
0000011101100101011111100110101100100101110100010111001100010011111 0.9298999905586243
0100110100001111101010001011101111110111110111110101110100010101010 0.9027000069618225
0101010100000100101000101110010110010111111001100110110100010111101 0.9377999901771545
0000110110111100001110111111101010100111001000110100011111110101100 0.9402999877929688
1100110111010000010100000010111100100011001001110101011111110011110 0.9320999979972839
0101100011000111111101100100100100100111010110010111110110010110111 0.8744999766349792
0100110111001110100101011101000101100011001011000101011110110101101 0.8942999839782715
0001111001001001011000101010011011011000001101100110110011011100100 0.9253000020980835
0100010101101111011000101000011011011000001000010111010000011100110 0.9162999987602234
Generation 7
1100110111010000010100000010111100100011001001110101011111110101100 0.9692000150680542
0101100011000111111101100100100100100110010010101111110111110111100 0.9541000127792358
1100010101001001011000111101000101100010110111000000010100011111101 0.9449999928474426
0001001010000111000111010111101100100101110100111000001011011011111 0.9602000117301941
0001001010000110010100000010111100100010010011111100001100001100100 0.9352999925613403
0001001010000111100111010111000010100101111011111000001100110011111 0.932699978351593
0001001010000111100111010110101100100101110101111000001100111011111 0.9682999849319458
1100111100011110010100000010111100100010010111111100101100011100100 0.9466999769210815
0001111001001011011000101001111111011000001111110101111101010101010 0.9484000205993652
0001111001001011011000101001111111011000111101001110101001011101101 0.9614999890327454
1100010101110000010100000010111100100010010101110001011111011101100 0.9544000029563904
0101100011000111111101100100100100100111010110010111110110110100110 0.9301000237464905
1100110111010000010100000010111100100010010010101101111111110111001 0.9236000180244446
1100110111010000010100000010111100100010010010101111110111110011100 0.9233999848365784
0101100011000111111101100100101100100111010100010110101110110100110 0.9264000058174133
0000110110111100101110111111101011101101011100001111101111010100111 0.9383000135421753
0001111001001001011000101000011011011000001000011110110011011101100 0.9412000179290771
1101001010000111100111010110110001101100000101111000001100111010111 0.949400007724762
1100111100011110010100000010111100100010010011111100101100001100100 0.9251000285148621
1101001010000101100111010110110001101100000101111000001100111010111 0.9448000192642212
0000111010000000101111010011000010100110111011100100110110110101100 0.9380999803543091
1001100000010010000101001001110001100100010001000101011111011101110 0.9240999817848206
0000011101100110100011110010101011011110001101100110110100010111101 0.958899974822998
1100111100010101111111101111010100101100000101111000001100111001111 0.9539999961853027
1100110111010000010100000010111100100011001001110101011111110101100 0.9692000150680542
1100010101101110100101011101000101100010110111000000010100010111101 0.9115999937057495
0100010101101110100101011101000000100011010110010110101010011101101 0.9151999950408936
0001111001001000100100011101000101100010111101001110101010011101101 0.949400007724762
1001101001001001011000101000011011011000001101100111001010010111101 0.9344000220298767
0000110110111100001110111111101010100111001100100100011100110111100 0.945900022983551
0101010100000101010111010011000010100110111001100110100101010011111 0.9438999891281128
1100111100011110010100110010101011011110001101100110110100011100100 0.9592000246047974
0001111001001000101100011101000100101110100101001111110100111101110 0.9363999962806702
1100110101010000010100000010111101110111001001110001011111010101101 0.9549999833106995
1101010100000100101001100000010110010111111011100110010110010101101 0.9161999821662903
0000011001100000101111100110101100100101110101100111001110010111101 0.9480000138282776
0101010100000100101000100110010110010111111001100111111110011101101 0.9447000026702881
0001001010000111100111010000101100100101111011111101111110110111101 0.9214000105857849
1001100000010010001010000011111111110111110111110101111111010101100 0.9171000123023987
0101010100000100101000100110010110010111111001100110010100010111101 0.9391999840736389
0000011101100101011111100110101100100101110100010111001100010011111 0.9298999905586243
1100111100010101111111101111010100101100000101011000001101010101011 0.9513999819755554
0001111001001011011000101001111111011000001111110101111101111001110 0.9135000109672546
1100110111010000110101001010111100100011001001110101011101100011110 0.9485999941825867
1100111001110000100011100000101100110101011110011100101101100000110 0.9021999835968018
0001111001001000100100011101000101100010011111110101111110010101010 0.9126999974250793
1100111100011111100111010110101100100101110101111100101100111011111 0.9437999725341797
1100111100011110010100110010101011011110001000011110110100011101100 0.9318000078201294
1100111001110000100010100000101100110101011101100101111111010101100 0.9397000074386597
1001111001001001011000101000011011011000001110001000001011011101100 0.8799999952316284
0000111010000000101111010011000010100110111011100101110110110011110 0.9050999879837036
Generation 8
1100110111010000010100000010111100100011001001110101011111110101100 0.9692000150680542
0001111001001011011000101001101111011000001111110100011101010101011 0.9689000248908997
1100010101001001011000111101000101100010110111000000010100011111101 0.9449999928474426
0001001010000111100111010111001010100101111011110101011101110001111 0.9569000005722046
1100111100011110010100110010101011010110001111110101111100011101100 0.9564999938011169
0101100011000111111101100100100100100110010010101111110111110111100 0.9541000127792358
0101100011000111111101000100100100100111010010101101111110110101100 0.9557999968528748
0001001010000110010100000010111100100010010011111100001100001100100 0.9352999925613403
0001001010000111100111010111000010100101111011111000001100110011111 0.932699978351593
0001111001001011011000101001111111011000001111110101111101010101010 0.9484000205993652
0001111001001011011000101001111111011000111101001110101001011101101 0.9614999890327454
0001111001001001011000101000011011011110001000011110110100011101100 0.9488000273704529
1100111100011110010100000010111100100010010111111100101100011100100 0.9466999769210815
1100010101110000010100000010111100100010010101110001011111011101100 0.9544000029563904
1100110111010000010100000010111100100010010010101111110111110011100 0.9233999848365784
0001001010000111000111010111101100100101110100111000001011011011111 0.9602000117301941
0001001010000111100111010110101100100101110101111000001100111011111 0.9682999849319458
1100110111010000010100000010111100100010010010101101111111110111001 0.9236000180244446
0000111010000000101111010011000010100110111011100100110110110101100 0.9380999803543091
0101100011000111111101100100101100100111010100010110101110110100110 0.9264000058174133
0101010100000100101000100110010110010111111001100111111110011101101 0.9447000026702881
1100110101010000010100000010111101110111001001110001010100001101100 0.9664999842643738
0000110110111100101110111111101011101101011100001111101111010100111 0.9383000135421753
0001111001001000101100011101000100100010010011111111110100101100100 0.9106000065803528
1001101001001001011000101000011011011000001101100111001010010111101 0.9344000220298767
0000011101100110100011110010101011011110001101100110110100010111101 0.958899974822998
1001100000010010000101001001110001100100010001000101011111011101110 0.9240999817848206
0001111001001000100100011101000101100010111101001110101010011101101 0.9496999979019165
0101010100000101010111010011000010100110111001100110100101010011111 0.9438999891281128
0001111001001000101100011101000100101110100101001111110100111101110 0.9363999962806702
1100010101101110100101011101000000100011010110010111011010110101100 0.9225000143051147
1100111100011110010100110010101011011110001101100110110100011100100 0.9592000246047974
1100110111010000010100000010111100100011001001110101011111110101100 0.9692000150680542
1100111100011110010100000010111100100010010011111100101100001100100 0.9251000285148621
1100111100010101111111101111010100101100000101111000001100111001111 0.9539999961853027
0101100011000111111101100100100100100111010110010111110110110100110 0.9301000237464905
0000011001100000101111100110101100100101110101100111001110010111101 0.9480000138282776
1101001010000111100111010110110001101100000101111000001100111010111 0.949400007724762
0001001010000111000111000111101100100101110100111000001011011011111 0.942799985408783
1001100000010010001010000011111111110111110111110101111111010101100 0.9171000123023987
1101001010000101100111010110110001101100000101111000001100111010111 0.9448000192642212
1100010101101110100101011101000101100010110111000000010100010111101 0.9115999937057495
0100010101101110100101011101000000100011010110010110101010011101101 0.9151999950408936
1100111100011110010100110010101011011110001100100110110100011100100 0.9401000142097473
1100111001110000100011100000101100110101011110011100101101100000110 0.9021999835968018
0000110110111100001110111111101010100111001100100100011100110111100 0.945900022983551
1101010100000100101001100000010110010111111011100110010110010101101 0.9161999821662903
1100111100011110010100110010101011011000001000011110110011011101100 0.9373000264167786
1100110111010000010100000010111100100011001001111000001110100111100 0.9426000118255615
0000011101100101011111100110101100100101110100010111001100010011111 0.9298999905586243
1100111100010101111111101111010100101100000101011000001101010101011 0.9513999819755554
Generation 9
1100110111010000010100000010111100100011001001110101011111110101100 0.9692000150680542
0101100011000110111101100100100100100010110101110001011111111101100 0.968999981880188
1100010101001001011000111101000101100010110111000000010100011111101 0.9449999928474426
1100111100011110010100000010111100100010010111111001010100001101100 0.9456999897956848
0101100011000111111101100100100100100110010010101111110111110111100 0.9541000127792358
0001111001001011011000101001101111011000001111110100011101010101011 0.9689000248908997
0001001010000111100111010111001010100101111011110101011101110001111 0.9569000005722046
0001001010000111000111010111101100100101110100111000001011011011111 0.9602000117301941
0001001010000111100111010110101100100101110101111000001100111011111 0.9682999849319458
0101100011000111111101000100100100100111010010101101111110110101100 0.9557999968528748
1100111100011110010100110010101011010110001111110101111100011101100 0.9564999938011169
1100010101110000010100000010111100100010010101110001011111011101100 0.9544000029563904
1100111100010101111111101111010100101100000101111000001100111001111 0.9539999961853027
1100111100011110010100000010111100100010010111111100101100011100100 0.9466999769210815
1100110101010000010100000010111101110111001001110001010100001101100 0.9664999842643738
0101010100001000101100010101000100100010010011101111111110011101101 0.9351000189781189
1100111100011110010100110010101011011110001101100110110100011100100 0.9592000246047974
1100111100011110010100000010111100100010010011111100111111000101100 0.9480999708175659
0001111001001001011000101000011011011110001000011110110100011101100 0.9488000273704529
0001111001001011011000101001111111011000111101001110101001011101101 0.9614999890327454
0001001010000111100111010111000010100101111011111000001100110011111 0.932699978351593
0001111001001000100100010011000100100010010001100111110101010100101 0.9503999948501587
1100110111010000010100000010111100100010010010101111110111110011100 0.9233999848365784
1100110111010000010100000010111100100011001001110101011111110101100 0.9692000150680542
0000111010000000101111010011000010100110111011100100110110110101100 0.9380999803543091
1100110111010000010100000010111100100010010010101101111111110111001 0.9236000180244446
1100111100011110010100110010101011011000001000011110110011011101100 0.9373000264167786
1101001010000111100111010110110001101100000101111000001100111010111 0.949400007724762
1100110111010000010100000110010100100011001001100111111110011101100 0.9667999744415283
1101111100001010011000101111010100101100111101001111101101010101011 0.9502999782562256
0000110110111100101110111111101011101101011100001111101111010100111 0.9383000135421753
0100010111101110100111011101000000100011001001111000001110100111100 0.9376000165939331
0000011101100110100011110010101011011110001101100110110100010111101 0.958899974822998
0001111001001011011000101001111111011000001111110101111101010101010 0.9484000205993652
0001001010000110010100000010111100100010010011111100001100001100100 0.9352999925613403
0101010100000101010111010011000010100110111001100110100101010011111 0.9438999891281128
0001001010000111000111000111101100100101110100111000001011011011111 0.942799985408783
1100010101101110100101011101000000100011010110010111011010110101100 0.9225000143051147
0000011001100000101111100110101100100101110101100111001110010111101 0.9480000138282776
0000110110111100001110111111101010100111001100100100011100110111100 0.945900022983551
0001111001001000100100011101000101100010111101001110101010011101101 0.9496999979019165
0001111001001001011000101000011011110111001011110000110100001101100 0.9312000274658203
0001001010000110010100000010111100100010110011111110110100011100100 0.9351999759674072
0101010100000100101000100110010110010111111001100111111110011101101 0.9447000026702881
0101100011000111111101100100101100100111010100010110101110110100110 0.9264000058174133
0101100011000111111101100100100100100111010110010111110110110100110 0.9301000237464905
1001100000010010000101001001110001100100010001000101011111011101110 0.9240999817848206
0001111001001011011000101001101111011000001111111100011101001101001 0.9384999871253967
1100110101010000010100000011111101110111001001110100101100011100100 0.954200029373169
0100010101101110100101011101000000100011010110010110101010011101101 0.9151999950408936
0000011101100101011111100110101100100101110100010111001100010011111 0.9298999905586243
Generation 10
1100110111010000010100000010111100100011001001110101011111110101100 0.9692000150680542
0101100011000110111101100100100100100010110101110001011111111101100 0.968999981880188
0101100011000110111100100100100100100010110111111001010111001100100 0.9681000113487244
0001111001001011011000101001111101100010111111000000010101010111100 0.9643999934196472
0101100011000111111101000100100100100111010010101101111110110101100 0.9557999968528748
0001001010000111000111010111101100100101110100111000001011011011111 0.9602000117301941
1100010101001001011000111101000101100010110111000000010100011111101 0.9449999928474426
0101100011000111111101100100100100100110010010101111110111110111100 0.9541000127792358
1100110101001001011000111101000111011000001111110101111100011101011 0.9659000039100647
0001001010000111100111010110101100100101110101111000001100111011111 0.9682999849319458
0101010100001000101100010101000100100010010011101111111110011101101 0.9351000189781189
0001111001001011011000101001101111011000001111110100011101010101011 0.9689000248908997
0001001010000101100101100110000010100101111011111000000101111111101 0.9520000219345093
0001111000001110010100110010101011110111001011110000110011011101100 0.9490000009536743
1100111100011001011000101000011011011000001000011110110100001101100 0.9502999782562256
1100111100011110010100000010111100100010010111111001010100001101100 0.9456999897956848
1100111100011110010100000010111100100010010111111100101100011100100 0.9466999769210815
0001001010000111100111010111001010100101111011110101011101110001111 0.9569000005722046
0000011101100110100011110010101011011110111011100110110101010111101 0.9430000185966492
1100111100010101111111101111010100101100000101111000001100111001111 0.9539999961853027
0000110110111100101110111111101011101101011100001111101111010100111 0.9383000135421753
1100111100011110010100110010101011011110001101100110110100011100100 0.9592000246047974
1100110111010000010100000110010100100011001001100111111110011101100 0.9667999744415283
1100110101010000010100000010111101110111001001110001010100001101100 0.9664999842643738
1100010101110000010100000010111100100010010101110001011111011101100 0.9544000029563904
0001111001001000100100010011000100100010010001100111110101010100101 0.9503999948501587
1100111100011110010100110010101011010110001111110101111100011101100 0.9564999938011169
0000011101100110100011110010101011011110001101100110110100010111101 0.958899974822998
1101001010000111100111010110110001101100000101111000001100111010111 0.949400007724762
1100111100011110010100000010111100100010010011111100111111000101100 0.9480999708175659
1100110111010000010100000010111100100011001001110101011111110101100 0.9692000150680542
0001111001001011011000101001111111011000001111110101111101010101010 0.9484000205993652
0001001010000110010100000010111100100010010011111100001100001100100 0.9352999925613403
1100110111010000010100000010111100100010010010101111110111110011100 0.9233999848365784
0001111001001001011000100000011011110111001001111000001110001111100 0.9537000060081482
1100111100011110010100000010111100100010010101110001011100111101100 0.9614999890327454
0001111001001011011000101001111111011000111101001110101001011101101 0.9614999890327454
0101010100000101010111010011000010100110111001100110100101010011111 0.9438999891281128
0001111001001001011000101000011011011110001000011110110100011101100 0.9488000273704529
1100010101101110100101011101000000100011010110010111011010110101100 0.9225000143051147
0001001010000111100111010111000010100101111011111000001100110011111 0.932699978351593
0000110110111100001110111111101010100111001100100100011100110111100 0.945900022983551
0101100011000111111101100100101100100111010100010110101110110100110 0.9264000058174133
0000111010000000101111010011000010100110111011100100110110110101100 0.9380999803543091
0100010111101110100111011101000000100011001001111000001110100111100 0.9376000165939331
1100110111010000010100000010111100100010010010101101111111110111001 0.9236000180244446
0000011001100000101111100110101100100101110101100111001110010111101 0.9480000138282776
0001111010000000111000111001101111100110111001110100011101010101011 0.9577999711036682
1101111100001010011000101111010100101100111101001111101101010101011 0.9502999782562256
0101010100000100101000100110010110010111111001100111111110011101101 0.9447000026702881
0000011101100101011111100110101100100101110100010111001100010011111 0.9298999905586243
[0.9377999901771545, 0.958899974822998, 0.958899974822998, 0.9682999849319458, 0.9692000150680542, 0.9692000150680542, 0.9692000150680542, 0.9692000150680542, 0.9692000150680542, 0.9692000150680542]
[1, 1, 0, 0, 1, 1, 0, 1, 1, 1, 0, 1, 0, 0, 0, 0, 0, 1, 0, 1, 0, 0, 0, 0, 0, 0, 1, 0, 1, 1, 1, 1, 0, 0, 1, 0, 0, 0, 1, 1, 0, 0, 1, 0, 0, 1, 1, 1, 0, 1, 0, 1, 0, 1, 1, 1, 1, 1, 1, 1, 0, 1, 0, 1, 1, 0, 0] 0.9692000150680542 0.8559168964237363