Downloading data from https://storage.googleapis.com/tensorflow/tf-keras-datasets/mnist.npz
11493376/11490434 [==============================] - 0s 0us/step
11501568/11490434 [==============================] - 0s 0us/step
Generation 1
0000101100000101001111111111101011100010010011101111000111100100111 0.05299999937415123
0100000101010111011001000010100001011111011110100011011001000101111 0.0917000025510788
0000110010111101001111111000011110110111000101100110011000010000110 0.7170000076293945
1000100010110000101100101011101110010001000111010100111101110111101 0.8866000175476074
0100101010110101101010101010100001011001110111101111100000000110011 0.06440000236034393
0000111110111001010111010100111110101110000101000010000000010100010 0.26579999923706055
1010010101000010001000000101100111100100011011000101110010110010010 0.09520000219345093
1100010110011110011011010110110011110010100001001111100011011001010 0.13910000026226044
1000001001000110110011110011110101010110001001011111001010100000101 0.732200026512146
1000001101011101010001111010001110101010000000011000101000000011011 0.1923000067472458
0000010111101001101101001101110100101011010110001111000101011101111 0.11349999904632568
1100001001100101010000001010110010101111000111001000101111000000001 0.09960000216960907
1101010000001100101101011111110010011111001000001101001011001100001 0.12489999830722809
0101101111000000101101110000100110011110100110101100001101100101001 0.8974000215530396
0001000100001110101000000111010000001101000001011111101100010001110 0.8956999778747559
1000111100100000010101001101100111010111100011011111101011001011000 0.1039000004529953
0100101101011011010010110001011011101111000000001010100110000011111 0.6238999962806702
0000111010100101000011111101011001011010011110110111011001101000101 0.9320999979972839
1100111010010000100100111000011110100100000011110000000101001101011 0.9498999714851379
1001000110001111110001111010111011100011011100011010101110010011011 0.12099999934434891
0100101110010101000000011101010101100110111010101101001110101110111 0.9190999865531921
0000010001110001101111111111010001101110110010000011101011100010101 0.490200012922287
1000111000101000101001000011011001011101010100001000101111110111010 0.24220000207424164
1000110100101100101001110011110001001100101111100100011000110010100 0.22169999778270721
0101011010001001100010100011011110001001000010100000010010011111011 0.31520000100135803
0000111001110100100000010001110010010101011111111011001110010010111 0.09799999743700027
0001101010011010100001101011001001001001100001010111111011011101001 0.2687000036239624
0001001000001101110001011001010010101001000100110111100011010111100 0.8787999749183655
1000011000101011110101001011010011100101111000101101010001010111001 0.5406000018119812
0000101110010001001110011010011110100000111110101111000001101101011 0.8774999976158142
1000111100010001001011111001001000001110001010111000000111110011111 0.10100000351667404
0100100000101001000010001110101010011001011110111000110000111101010 0.46860000491142273
0100001011100011100111100100010011001011011111011011011010001001100 0.10599999874830246
1100010100010100101000100001111000101011000000111000001101100111110 0.09799999743700027
0000101001011110011101100001001110101111101110011011100011111001100 0.3353999853134155
0110000101000111000000100100101100111010101011101000100100010001010 0.12129999697208405
1001110010011111000100000001000110001110010110000101100000000010000 0.05909999832510948
1000010100101101110011001010011101000101000101001011110100011111101 0.8011000156402588
0000010111000011001100111111100100000001111000110011101110011010100 0.1469999998807907
0100110000011100011111100100001001000110101110101101111011010101101 0.8029000163078308
0000100101010011000101100101101010001001100011000101000001000100011 0.7041000127792358
0001101000001010001111011100110001110111010001101111011111100101100 0.9046000242233276
1100100000011111000000101101101000001010010000001000000010000001101 0.1979999989271164
0100101000010101000011001001110101101100010100010111010111111111101 0.40610000491142273
0000011111111100110010111011100011101111001110001000000101111111110 0.8565000295639038
0000010100111111100111111000111110100000001101101010100110111101011 0.8112999796867371
0000001000010100100101100110001100110010010101000110100001110000010 0.11429999768733978
0100110111110011000000101011111010111100000010110011001000101000110 0.774399995803833
0001001101001001111001110101100000101010001110101010001111111101010 0.8420000076293945
1001101000001001001011101011011001010001101110001110111001000111011 0.4507000148296356
[0.9498999714851379]
[1, 1, 0, 0, 1, 1, 1, 0, 1, 0, 0, 1, 0, 0, 0, 0, 1, 0, 0, 1, 0, 0, 1, 1, 1, 0, 0, 0, 0, 1, 1, 1, 1, 0, 1, 0, 0, 1, 0, 0, 0, 0, 0, 0, 1, 1, 1, 1, 0, 0, 0, 0, 0, 0, 0, 1, 0, 1, 0, 0, 1, 1, 0, 1, 0, 1, 1] 0.9498999714851379 0.7875446192159945
Generation 2
1100111010010000100100111000011110100100000011110000000101001101011 0.9498999714851379
0001101000001010001111011100110001110111010001101111011111100101100 0.9046000242233276
0101101111000000101101110000100110011110100110101100001101101101011 0.9154999852180481
0001000100001110101000000111010000001101000001011111101100010001110 0.8956999778747559
0101101111000000101101110000100110011110100110101100001101100101001 0.8974000215530396
0001001000001101110001011001010010101001000100110111100011010111100 0.8787999749183655
0000100101010011000101100101010010001001100100110111000011010100011 0.9259999990463257
0000111110111000101100010100111110101110000101010100111000010111011 0.928600013256073
1100010100010100101000111100110001110111010001101111001101100111100 0.9506999850273132
0001001000001100101001110011110001001100100101100111111000110111100 0.8468000292778015
0001001101001001111001110101100000101010001110101010001111111101010 0.8420000076293945
1100111010010000100100111000011110100100000011110000000101001101011 0.9498999714851379
0100101110010101000000011101010101100110111010101101001110101110111 0.9190999865531921
0000111010100101000011111101011001011010011110110111011001101000101 0.9320999979972839
0000010111101001100100111000011110100100000011110000000101011101011 0.9282000064849854
1000100010110000101100101011101110010001000111010100111101110111101 0.8866000175476074
0000100100111111100111111000111110100000001101101010100001101101011 0.8687000274658203
0100010100101101110011001010011101000101000101001011111010010101101 0.869700014591217
0000011111010001001110011010011110100000111010101111000110111101011 0.8978999853134155
0000011111111100110010111011100011101111001110001000000101111111110 0.8565000295639038
1000111100100000010101001101100111010111100011011111101111000011101 0.8392999768257141
0000101110010001001110011010011110100000111110101111000001101101011 0.8774999976158142
0000010100111111100111111000111110100000001101101010100110111101011 0.8112999796867371
1000010100101101110011001010011101000101000101001011110100011111101 0.8011000156402588
0100110000011100011111100100001001000110101110101101111011010101101 0.8029000163078308
1100100000011111000000101101111001011010011110110111011001100000101 0.8054999709129333
0000010001110001111111111111010001101110110010000111101011100010111 0.8004999756813049
1000001001000110110011110011110101010110001001011111001010100000101 0.732200026512146
1000100010010000101100101011001110010001000101010100111111110111010 0.743399977684021
0000001000010101100101100110001100110010010100110111100011110001010 0.7376999855041504
0000110010111101001111111000011110110111000101100110011000010000110 0.7170000076293945
0001000100001100101000000111010000001101000000011111101100111001110 0.6712999939918518
0100110111110011000000101011111010111100000010110011001000101000110 0.774399995803833
0000100101010011000101100101101010001001100011000101000001000100011 0.7041000127792358
0100101101011011010010110001011011101111000000001010100110000011111 0.6238999962806702
0100110111110011000000100011111010111100000010110011001000100000110 0.6876000165939331
0100000101010111011001000010100001011111011110100011011001000101101 0.6480000019073486
0100100000101101000010001110101010011001011110111000110000010111011 0.5573999881744385
1000011000101011110101001011010011100101111000101101010001010111001 0.5406000018119812
1000011000101011110101001011010010011111001000101101010101001101001 0.5170999765396118
1001101000001001001011101011011001010001101110001110111001000111011 0.4507000148296356
0000010001110001101111111111010001101110110010000011101011100010101 0.490200012922287
1000011000101011110101001011010011111100000010110011001000101011110 0.4918999969959259
0100100000101001000010001110101010011001011110111000110000111101010 0.46860000491142273
1000111000101000101001000011011001011101010100001000101101111111101 0.436599999666214
1000100010110001010111111011101110010001010111000010000101110100100 0.45730000734329224
0001101000001010001111000001111000101011000000111000011110100101110 0.37940001487731934
0100101000010101000011001001110101101100010100010111010111111111101 0.40610000491142273
1000110100101101110001011001010010101001001110110100000011010010100 0.40950000286102295
0101101111000000101101110001000110011110100010101100000011110101000 0.3508000075817108
0100101110010101000000011101011101100110111000001010101110000010111 0.3671000003814697
Generation 3
1100010100010100101000111100110001110111010001101111001101100111100 0.9506999850273132
0101101111000000101101110000100110011110100110101100001101101101011 0.9154999852180481
0101101111000000101101110000100110011110100110101100001101100101001 0.8974000215530396
0001101000001010001111011100110001110111010001101111011111100101100 0.9046000242233276
0001000100001110101000000110110001110111010001011110101101101011110 0.9164999723434448
0001000100001010101000000111010000001101000001011111000100010101110 0.9160000085830688
0001001000001101110001011001010010101001000100110111100011010111100 0.8787999749183655
0001000100001110101000000111010000001101000001011111101100010001110 0.8956999778747559
0100110111110011000000101011011101000101000101001001001000001101100 0.9247000217437744
0000111110110000101000010100111110101110000101010100111100010101011 0.9563999772071838
0001001101001001111001110101100000101010001110101010001111111101010 0.8420000076293945
0000100101010011000101100101010010001001100100110111000011010100011 0.9259999990463257
0000011111101101000010001110100010011001011110111000110000010111011 0.9266999959945679
0100101101011011010010111000011110100100000011110000000101000111011 0.9613999724388123
0101101111000000101101110000100110011110100110001010000101111101011 0.836899995803833
0000100100111111100111111000011001011000001101101010100001101101101 0.9369000196456909
0000111110111000101100010100111110101110000101010100111000010111011 0.928600013256073
0000100101010011000101100101011110100100000011110000000101010100011 0.9521999955177307
0001000110001000101100010100111110101110000101011111111000010111011 0.8629999756813049
1100010100010100101000111100110001110111010001101111001101100111100 0.9506999850273132
1100011100010100101000111101010000001101000001101111001100010101100 0.9556000232696533
0000100101010011000101100101010010001001100001011111100011010101011 0.9449999928474426
0001001000001100101001110011110001001100100101100111111000110111100 0.8468000292778015
0100101110010101000000011101010101100110111010101101001110101110111 0.9190999865531921
1100111010010000100100111000011110100100000011110000000101001101011 0.9498999714851379
0000010001110001111111111111010001110111010001101111011011100100110 0.9164999723434448
1100111010010001100100111000111111100100000011110000000001001111011 0.9424999952316284
0000111010100101000011111101011001011010011110110111011001101000101 0.9320999979972839
0000010111101001100100111000011110100100000011110000000101011101011 0.9282000064849854
0000011111111100110010111011000011101111001110101100001101100111100 0.9386000037193298
0000111010110101000011111101011001111000011110110111011001101011101 0.921500027179718
1000100010110000101100101011101110010001000111010100111101110111101 0.8866000175476074
0001000100001110101000000111010000001101000001011011001000010000110 0.8197000026702881
0000011111010001001110011010011110100000111010101111000110111101011 0.8978999853134155
1100111010010000100100111001010010001001100100110111000011001101011 0.8629999756813049
1000011000001100101001110011110001001100000101100111111000100011110 0.8626999855041504
0100010100101101110011001010011101000101000101001011111010010101101 0.869700014591217
0000100101010011000000000101010010001101100001010111100100010001110 0.8694000244140625
0000011111111100110010111011100011101111001110001010101101111011110 0.8514999747276306
0000111110111110101000000111000000001100000001010100101100010001110 0.839900016784668
1000111100100000010101001101100111010111100011011111101111000011101 0.8392999768257141
0000101110010001001110011010011110100000111110101111000001101101011 0.8774999976158142
1000011000101011110101001011010011100001111000101101010001111101011 0.814300000667572
0000011111111100110010111011100011101111001110001000000101111111110 0.8565000295639038
0100110111110011000000100011111010111110000010110111101100100001110 0.8366000056266785
0100110000011100011111100100001001000110101110101101111011010101101 0.8029000163078308
0000010100111111100111111000111110100000001101101010100110111101011 0.8112999796867371
1000010100101101110011001010011101000101000101001011110100011111101 0.8011000156402588
0000010001110001111111111111010001101110110010000111101011100010111 0.8004999756813049
1100100000011111000000101101111001011010011110110111011001100000101 0.8054999709129333
0000110010111101001111111000010000001101000001100110011000010001110 0.7527999877929688
Generation 4
0100101101011011010010111000011110100100000011110000000101000111011 0.9613999724388123
0101101111000000101101110000100110011110100110101100001101101101011 0.9154999852180481
0101101111000000101101101011010011100001111000101101010001101101011 0.9236999750137329
0001000100001110101000000111010000001101000101101011001000010100110 0.9564999938011169
0101101111000000101101110000100110011110100110101100001101100101001 0.8974000215530396
0001000100001010101000000111010000001101000101010101111000010101110 0.9455000162124634
0000011111101101000010001110100010011001011110111000110000010111011 0.9266999959945679
0000100100111111100111111000011001011000001101101010100001101101101 0.9369000196456909
0100101101011011010010111000011110100100000011110000000101000111011 0.9613999724388123
0000111110110011000101100101011110100100000111110000000101010101011 0.9675999879837036
0001101000001001000001111100110001110111010001101111011000101111100 0.907800018787384
0001000100001110101000000110110001110111010001011110111000101011110 0.925000011920929
0001101000001010001111011100110001110111010001101111011111100101100 0.9046000242233276
0000111110110000100001011100110010101110000100110111100011010101011 0.955299973487854
1100010100010100101000111100110001110111010001101111001101100111100 0.9506999850273132
0000110010100110001111011101011001011000011110110111011111101001101 0.9297999739646912
0000100101010011000101100101011110100100000011110000000101010100011 0.9521999955177307
0000111010100101000011111101011001011010011110110111011001101000101 0.9320999979972839
1100011100010100101000111101010000001101000001101111001100010101100 0.9556000232696533
0100101110010101000000011101010101100110111010101101001110101110111 0.9190999865531921
0000111110110000101000010100111110101110000101010100111100010101011 0.9563999772071838
0000111110111000101100010101111111101110000001111110000100010111011 0.945900022983551
0000011111111100110010111011000011101111001110101100001101100111100 0.9386000037193298
0100110111110011000000101011011101000101000101001001001000001101100 0.9247000217437744
0001001000001101110001011001010010101001000000110111011011100100100 0.8826000094413757
0001001101001001111001110101100000101010001110101010001111111101010 0.8420000076293945
0100101110010101000000011101010101100110111010101101001110101010110 0.9135000109672546
0000100101010011000101100101010010001001100100110111000011010100011 0.9259999990463257
0001001000001101110001011001010010101001000100110111100011010111100 0.8787999749183655
0100110111110011000000000011011101000101010001011110101000001111100 0.939300000667572
0000111010110101000011111101011001111000011110110111011001101011101 0.921500027179718
0001000100001010101000000111010000001101000001011111000100010101110 0.9160000085830688
0000111110111000101100010100111110101110000101010100111000010111011 0.928600013256073
1100111010010000100100111000011110100100000011110000000101001101011 0.9498999714851379
1100111010010001100100111000111111100100000011110000000001001111011 0.9424999952316284
0000100101010011000100101101010010001000000001011111000111010101011 0.9509999752044678
0101101111000000101101110000100110011110100110001010000101111101011 0.836899995803833
0000100101010011000101100101011110110111010011110000000101010101110 0.9325000047683716
0000100101010011000101100101010010001001100001011111100011010101011 0.9449999928474426
1000100010110000101100101011101110010001000111010100111101110111101 0.8866000175476074
0000010111101001100100111000011110100100000011110000000101011101011 0.9282000064849854
0001000100001110101000000111010000001101000001011111101100010001110 0.8956999778747559
0000011111010001001110011010011110100000111010101111000110111101011 0.8978999853134155
0001000100001110101000011110011110110111010001011110000110111011110 0.8847000002861023
0000010001110001111111111111010001110111010001101111011011100100110 0.9164999723434448
1100111000001010001111011100110001110111010001101111000011100101110 0.919700026512146
0000110111110011000000101011011001000101000101001010101101011111100 0.8787999749183655
0001000110001000101100010100111110101110000101011111111000010111011 0.8629999756813049
0000101110000101000000011101010101100110110101100111001110110110110 0.8689000010490417
0000011111010001001110001110110001100000111000101111101101101101011 0.896399974822998
0101101010000000100100111000011110110100010010101100000101101101011 0.8059999942779541
Generation 5
0000111110110011000101100101011110100100000111110000000101010101011 0.9675999879837036
0001010100001010101000000111011110100000111010101111111001011101011 0.9045000076293945
0101101111000000101101110000100110011110100110101100001101101101011 0.9154999852180481
0101101111000000101101101011010011100001111000101101010001101101011 0.9236999750137329
0101101111000000101101110000100110011110100110101100001101100101001 0.8974000215530396
0001000100001110101000000111010000001101000101101011001000010100110 0.9564999938011169
0001000100001010101000000111010000001101000101010101111000010101110 0.9455000162124634
0001001000001101110001011001010010101001000100101000100001110111100 0.9050999879837036
0000111110110000100001011101010101100110111010110111101011001100011 0.9564999938011169
0001000100001110101000111000011110100100010001011110111000000111011 0.9309999942779541
0000011111101101000010001110100010011001011110111000110000010111011 0.9266999959945679
0100101101011011010010111000011110100100000011110000000101000111011 0.9613999724388123
0001000100001010101000000111010000001101001001101111001010010101100 0.9519000053405762
0000111110110011000101100101011110100100000111110000000101010101011 0.9675999879837036
0001000100001110101000000110110001110111010001011110111000101011110 0.925000011920929
0000110111110011000000101011011101000101000101001001001001100101100 0.9397000074386597
0000111010100101000011111101011001010111010010011110111000101011110 0.9185000061988831
0000100100111111100111111000011001011000001101101010100001101101101 0.9369000196456909
0000111110111000101100010000111110101110000101110000000000011111011 0.9545000195503235
0001101000010100101000111100110001110111010001101111001101100111100 0.9101999998092651
0000111110110000100001011100110010101110000100110111100011010101011 0.955299973487854
1100111010010001100100111100111111100100000011010100111001000111011 0.9416999816894531
1100011100010100101000111101010000001101010111010101111100010101110 0.9083999991416931
0000100101010011000101100101011110100100000011110000000101010100011 0.9521999955177307
0000011111111100110010111011000011101111001110101100001101100111100 0.9386000037193298
0000111110111000101100010100111110101110000101010100111011100100101 0.9517999887466431
0100110111110011000000000011011101000101010001011110101000001111100 0.939300000667572
0001101000001001000001111100110001110111010001101111011000101111100 0.907800018787384
1100011100010100111000111101010001101101000001101100001101100101100 0.9593999981880188
0000110010100110001111011101011001011000011110110111011111101001101 0.9297999739646912
0001101000001010001111011100110001110111010001101111011111100101100 0.9046000242233276
0000111110110000101000010100111110101110000101010100111100010101011 0.9563999772071838
0001001000001101110001011001010010101001000000110111011011100100100 0.8826000094413757
0100101110010101000000011101010100001001100100110101000010101010110 0.9092000126838684
0000111010100101000011111101011001011010011110110111011001101000101 0.9320999979972839
1100010100010100101000111100110001110111010001101111001101100111100 0.9506999850273132
0001001101001001111001110101100000101010001110101010001111111101010 0.8420000076293945
0100101110010101000000011101010101100110111010101101001110101110111 0.9190999865531921
1100011100010100101000111101010000001101000001101111001100010101100 0.9556000232696533
0000111110111000101100010101111111101110000001101110000101110111011 0.9641000032424927
0001000100001010101000000111010000001101000001011111000100010101110 0.9160000085830688
1100111010010000100100111000011110100100000011110000000101001101011 0.9498999714851379
0000100101010011000101100101010010001001100100110111000011010100011 0.9259999990463257
0000010111101001100100111000011110100100000011110000000101011101011 0.9282000064849854
0100101110010101000000011101010101100110111010101101001110101010110 0.9135000109672546
1100111010010001100100111000111111100100000011110000000001001111011 0.9424999952316284
0000100101010011000101100101010011100110111010101111001111010100011 0.9229000210762024
0000111110111000101100010101111111101110000001111110000100010111011 0.945900022983551
0000100101010011000101100101010010001001100001011111100011010101011 0.9449999928474426
0101101111000000101101110000100110011110100110001010000101111101011 0.836899995803833
1100010100001010001111011100110001010111010001101111011111100101100 0.9467999935150146
Generation 6
0000111110110011000101100101011110100100000111110000000101010101011 0.9675999879837036
0001010100001010101000000111011110000000111011111000000101011101011 0.95660001039505
0001010100001010101000000111011110100000111010101111111001011101011 0.9045000076293945
0101101111000000101101110000100110011110100110101100001101101101011 0.9154999852180481
0101101111000000101101110000100110011110100110111000001101100101001 0.902400016784668
0000100101010011000101101101010011100110111101001001001001111100110 0.9567000269889832
0101101111000000101101101011010011100001111000101101010001101101011 0.9236999750137329
0001000100001110101000000111010000001101000101101011001000010100110 0.9564999938011169
0101101111000000101101110000100110011110100110101100001101100101001 0.8974000215530396
0101101111000000101101110000100110011110101000101101000101101101011 0.92330002784729
0100101101011011010010111000011110100100000011110000000101000111011 0.9613999724388123
0000111110110000100001011101010101100110111010110111101011001100011 0.9564999938011169
0000111110110000101000010101011110100100000011110000111100010101011 0.9656999707221985
0000111110110000100001011100110010101110000100110111100011010101011 0.955299973487854
0001001000001101110001011001010010101001000100101000100001110111100 0.9050999879837036
0000011111101101000010001110100010011001011110111000110000010111011 0.9266999959945679
0001000100001010101000000111010000001101000101010101111000010101110 0.9455000162124634
0000100101010011000101100101011110100100000011110000000101010100011 0.9521999955177307
0000100101010011000101100101010001101101000001101111001111010100101 0.967199981212616
0000111110110111000101100101011110100100000111110000000001110111011 0.9642000198364258
0100111010010001100100111100111111100100000011010111100011100101011 0.9483000040054321
0000111010100101000011111101011001010111010010011110111000101011110 0.9185000061988831
0001001101001001111001110101100000101010001110101010001111110100011 0.8640000224113464
0100101110010101000000011101010101100110111010101101001110101110111 0.9190999865531921
0100110111110011000000000011011101000101010001011110101000001111100 0.939300000667572
0000111110110011000101100101011110100100000111110000000101010101011 0.9675999879837036
0000100100111111100111111000011001011000001101101010100001101101101 0.9369000196456909
0000110010100110001111011101011001011000011110110111011111101001101 0.9297999739646912
0000011111111100110010111011000011101111001110101100001101100111100 0.9386000037193298
0000110111110011000000101011011101000101000101001001001001100101100 0.9397000074386597
1100011100010100111000111101010001101101000001101100001101100101100 0.9593999981880188
0001000100001010101000000111010000001101001001101111001010010101100 0.9519000053405762
0000010111101001100111111000011001011000001101101000000001101101101 0.9449999928474426
0000111110111000101100010101111111101110000001111111111000010111011 0.95660001039505
1100011100010100101000111101010000001101000001101111001100010101100 0.9556000232696533
0000111110110011000101100011011110100100000111110000000101011111110 0.9588000178337097
1100010100010100101000111100110001110111010001101111001101100111100 0.9506999850273132
0000111110111000101100010000111110101110000101110000000000011111011 0.9545000195503235
0000111110111000101100010100111110101110000101010100111011100100101 0.9517999887466431
0001000100001110101000111000011110100100010001011110111000000111011 0.9309999942779541
0100101110010101000000011101010100001001100100110101000010101010110 0.9092000126838684
0000111110110000101000010100111110101110000101010100111100010101011 0.9563999772071838
1100111010010001100100111100111111100100000011010100111001000111011 0.9416999816894531
0000111010100101000011111101011001011010011110110111011001101000101 0.9320999979972839
0001000100001110101000000110110001110111010001011110111000101011110 0.925000011920929
0000111110111000101100010101111111101110000001101110000101110111011 0.9641000032424927
1100011100010100101000111101010000001101010111010101111100010101110 0.9083999991416931
0001000100001010101000000111010000001101000101010100000100010101110 0.9294999837875366
0001101000010100101000111100110001110111010001101111001101100111100 0.9101999998092651
0001101000001001000001111100110001110111010001101111011000101111100 0.907800018787384
0001000100001110101000111000011110100100010001011110111000000101111 0.9208999872207642
Generation 7
0000111110110011000101100101011110100100000111110000000101010101011 0.9675999879837036
0001010100001010101000000111011110000000111011111000000101011101011 0.95660001039505
0101101111000000101101110000100110011110000111110000000001101111011 0.9350000023841858
0001010100001010101000000111011110100000111010101111111001011101011 0.9045000076293945
0000111110110000101000010101011110100100000011110000111100010101011 0.9656999707221985
0001010100001010101000000111011110100000011101001001001001111100110 0.95169997215271
0000111110110000100001011101010101100110111010110111101011001100011 0.9564999938011169
0000111110110000100001010101010100100100000100110111100011010101011 0.9610999822616577
0100101101011011010010111000011110100100000011110000000101000111011 0.9613999724388123
0001000100001110101000000101100000101010000101101011001100010100110 0.9599999785423279
0000011111101101000010001110100010011001011110111000110000010111011 0.9266999959945679
0000100101010011000101101101010011100110111101001001001001111100110 0.9567000269889832
0001001000001101110001011001010010101001000100101000100001110111100 0.9050999879837036
0101101111000000111101101011010011100001111000101100111100010101011 0.9254000186920166
0101101111000000101101110000100110011110100110101100001101101101011 0.9154999852180481
0000111010100101000011111101011001010111010010011110111000101011110 0.9185000061988831
0000111110110110100101100101011110100100010001011110011001100111011 0.970300018787384
0000111110110011000101100101011110100100000111110000000101010101011 0.9675999879837036
0000111110110111000101100101011110100100101000101101000101110101011 0.9611999988555908
0000111110110111000101100101011110100100000111110000000001110111011 0.9642000198364258
0000100101010011000101100101011110100100000011110000000101010100011 0.9521999955177307
0101101111000000101101110000100110011110101000101101000101101101011 0.92330002784729
0101101111000000101101110000100110011110100110111000001101100101001 0.902400016784668
0100111010010001100100111100111111100100000011010111100011100101011 0.9483000040054321
0000110101010011000101100101011110100100000111100000000001110110111 0.9369000196456909
0100111010010001100100111100111111100100000011010111100101100111011 0.9545000195503235
0100101110010101000000011101010101100110111010101101001110101110111 0.9190999865531921
0000011111111100110010111011000011101111001110101100001101100111100 0.9386000037193298
0101101111000000101101101011010011100001111000101101010001101101011 0.9236999750137329
0000110010100110001111011101011001011000011110110111011111101001101 0.9297999739646912
0000111110111000101100010100111110101110000101010100111011100100101 0.9517999887466431
0001000100001010101000000111010000001101000101010101111000010101110 0.9455000162124634
0001000100001110101000111000011110100100010001011110111000000111011 0.9309999942779541
0000111110111000101100010101111111101110000001111111111000010111011 0.95660001039505
0000100101010011000101100101010001101101000001101111001111010100101 0.967199981212616
0000111110111000101100010000111110101110000101110000000000011111011 0.9545000195503235
0000111010100101000011111101011001011010011110110111011001101000101 0.9320999979972839
0101101111000000101101110000100110011110100110101100001101100101001 0.8974000215530396
1100011100010100111000111101010001101101000001101100001101100101100 0.9593999981880188
0000100100111111100111111000011001011000001101101010100001101101101 0.9369000196456909
0001000100001010101000000111010000001101001001101111001010010101100 0.9519000053405762
0100110111110011000000000011011101000101010001011110101000001111100 0.939300000667572
0001000100001110101000101011011100001100000101001001001001010101100 0.9308000206947327
0001000100001110101000000110110001110111010001011110111000101011110 0.925000011920929
0101101111000000101101101011010111100000111010101111010001011101011 0.8877000212669373
0000010111101001100111111000011001011000001101101000000001101101101 0.9449999928474426
0001101000010100101000111100110001110111010001101111001101100111100 0.9101999998092651
1100011100010100101000111101010000001101000001101111001100010101100 0.9556000232696533
1100010100010100101000111100110001110111010001101111001101100111100 0.9506999850273132
0000110111110011000000101011011101000101000101001001001001100101100 0.9397000074386597
0000110111110011000000000111010001000101000101101011000000100100110 0.9510999917984009
Generation 8
0000111110110110100101100101011110100100010001011110011001100111011 0.970300018787384
0001000100001110101000111000011110100100010011011110011000000111011 0.930899977684021
0001010100001010101000000111011110000000111011111000000101011101011 0.95660001039505
0101101111000000101101110000100110011110000111110011000011101101110 0.9453999996185303
0101101111000000101101110000100110011110000111110001111000010111011 0.9286999702453613
0001001000001101110001011001010010101001000100101000100001110100110 0.9308000206947327
0001010100001010101000000111011110100000111010110000000101011111011 0.9283999800682068
0000111110110000100001010101010100100100000100110111100011010101011 0.9610999822616577
0001010100001010101000000111011110100000011101001001001001111100110 0.95169997215271
0000100101010011000101101101010011100110111101001001001001111100110 0.9567000269889832
0101101111000000101101110000100110011110000111110000000001101111011 0.9350000023841858
0101101111000000111101101011010011100001111000101100111100010101011 0.9254000186920166
0000111110110000100001011101010101100110111010110111101011001100011 0.9564999938011169
0001000100001110101000000101100000101010000101101011001100010100110 0.9599999785423279
0000111110110000101000010101011110100100000011110000111100010101011 0.9656999707221985
0001010100001010101000000111011110100000111010101111111001011101011 0.9045000076293945
0101101111000000101101110000100110011110101000101101000101101101011 0.92330002784729
0000111110110000101001010101011110100100000111101111111001010101011 0.9670000076293945
0001000100001110101000111000011110100100010001011110111000000111011 0.9309999942779541
0000111010100101000011111101011001010111010010011110111000101011110 0.9185000061988831
0000111110110110100101100101011110100100010001011110011001100111011 0.970300018787384
0000111110110111000101100101011110100100101000101101000101110101011 0.9611999988555908
0100100101011011010010111000011110100100001011101111111001000101011 0.9470999836921692
0100101101011011010010111000011110100100000011110000000101000111011 0.9613999724388123
0000110010100110001111011101011001011000011110110111011111101001101 0.9297999739646912
0101101111000000101101101011010011100001111000101101010001101101011 0.9236999750137329
0000011111101101000010001110100010011001011110111000110000010111011 0.9266999959945679
0000100101010011000101100101010001101101000001101111001111010100101 0.967199981212616
0001000100001010101000000111010000001101000101010101111000010101110 0.9455000162124634
0001001000001101110001011001010010101001000100101000100001110111100 0.9050999879837036
0000111110110111000101100101011110100100000111110000000001110111011 0.9642000198364258
0100101110010101000000011101010101100110111010101101001110101110111 0.9190999865531921
0101101111000000101101110000100110011110100110101100001101101101011 0.9154999852180481
0000111110111000101100010100111110101110000101010100111011100100101 0.9517999887466431
0100111010010001100100111100111111100100000011010111100101100111011 0.9545000195503235
0000111110111000101100010101111111101110000001111111111000010111011 0.95660001039505
0001000100001010101000000111010000001101001001101111001010010101100 0.9519000053405762
0000011111111100110010111011000011101111001110101100001101100111100 0.9386000037193298
0001000100001110101000000101010000001101000001101111001100010100100 0.9477999806404114
0000111110111000101100010000111110101110000101110000000000011111011 0.9545000195503235
0000111110110011000101100101011110100100000111110000000101010101011 0.9675999879837036
0100110111110011000000000011011101000101010001011110101000001111100 0.939300000667572
0000100101010011000101100101011110100100000011110000000101010100011 0.9521999955177307
1100011100010100111000111101010001101101000001101100001101100101100 0.9593999981880188
0000010111101001100111111000011001011000001101101000000001101101101 0.9449999928474426
0000100100111111100111111000011001011000001101101010100001101101101 0.9369000196456909
0000110101010011000101100101011110100100000111100000000001110110111 0.9369000196456909
0000110111110011000000101011011101000101000101001001001001100101100 0.9397000074386597
0001000100001110101000101011011100001100000101001001001001010101100 0.9308000206947327
1100011100010100101000111101010000001101000001101111001100010101100 0.9556000232696533
1100010100010100101000111100110001110111010001101111001101100111100 0.9506999850273132
Generation 9
0000111110110110100101100101011110100100010001011110011001100111011 0.970300018787384
0101101111000111001101110010100110011110000111110001111000010101011 0.9588000178337097
0001010100001010101000000111011110100000011101001001001001111100110 0.95169997215271
0101101111000000101101110000100110011110000111110011000011101101110 0.9453999996185303
0001001000001101110001011001010010101001000100101000100001110100110 0.9308000206947327
0101101111000000101101111000011110100100001011101111111001000101011 0.9433000087738037
0001010100001010100101100101011110100100011011111110011001100111011 0.9567999839782715
0000100101010011000101101101010011100110111101001001001001111100110 0.9567000269889832
0001000100001110101000000101100000101010000101101011001100010100110 0.9599999785423279
0001010100001010101000000111011110000000111011111000000101011101011 0.95660001039505
0001000100001110101000111000011110100100010001011110111000000111011 0.9309999942779541
0101101111000000101101110000100110011110101000101101000101101101011 0.92330002784729
0001000100001010101000000111010000001101000101010101111000010101110 0.9455000162124634
0000111110110000100001010101010100100100000100110111100011010101011 0.9610999822616577
0000111110110110100101100101011110100100010001011110011001100111011 0.970300018787384
0101101111000000101101110000100110011110000111110000000001101111011 0.9350000023841858
0100101101011011010010111000011110100100000011110000000101000111011 0.9613999724388123
0101101111000000111101101011010011100001111000101100000100010101011 0.9275000095367432
0001000100001110101000111000011110100100010011011110111000010111100 0.9348000288009644
0101101111000000111101101011010011100001111000101100111100010101011 0.9254000186920166
0001000100001110101000111000011110100100010011011110011000000111011 0.930899977684021
0001010100001010101000000111011110000000111011111000111101011101011 0.9477999806404114
0000100101010011000101100101010001101101000001101111001111010100101 0.967199981212616
0001000100001010101000000111010000001101001001101111001010010101100 0.9519000053405762
0000111110110000101000010101011110100100000011110000111100010101011 0.9656999707221985
0001000100001110101000000101010000001101000001101111001100010100100 0.9477999806404114
0001010100001010101000000111011110100000111011110000111100010111011 0.9459999799728394
1100011100010100111000111101010001101101000001101100001101100101100 0.9593999981880188
0000111110110111000101100101011110100100101000101101000101110101011 0.9611999988555908
0000010111101001100111111000011001011000001101101000000001101101101 0.9449999928474426
0000111110110111000101100101011110100100000111101011111001110101011 0.9656000137329102
0000100100111111100111111000011001011000001101101010100001101101101 0.9369000196456909
0000111110100000101001010101011110100100000101110000000000010111011 0.951200008392334
0100110111110011000000000011011101000101010001011110101000001111100 0.939300000667572
0000111110111000101100010101111111101110000001111111111000010111011 0.95660001039505
0000100101010011000101100101011110100100000011110000000101010100011 0.9521999955177307
0000111110110111000101100101011110100100000111110000000001110111011 0.9642000198364258
0001001000001101110001011001010010101001000100101000100001110111100 0.9050999879837036
1100011100010100101000111101010000001101000001101111001100010101100 0.9556000232696533
0000111110110000100001011101010101100110111010110111101011001100011 0.9564999938011169
0100100101011011010010111000011110100100001011101111111001000101011 0.9470999836921692
0000011111101101000010001110100010011001011110111000110000010111011 0.9266999959945679
0100111010010001100100111100111111100100000011010111100101100111011 0.9545000195503235
0001010100001010101000000111011110100000111010110000000101011111011 0.9283999800682068
0000111110111000101100010000111110101110000111101111111001011101011 0.9573000073432922
0000111110111000101100010100111110101110000101010100111011100100101 0.9517999887466431
0000111110110000101001010101011110100100101000101101000101010100011 0.9555000066757202
0000110010100110001111011101011001011000011110110111011111101001101 0.9297999739646912
0000111110110010101000110101011110100110000010110000000101011101011 0.9593999981880188
0000011111111100110010111011000011101111001110101100001101100111100 0.9386000037193298
0000111010100101000011111101011001010111010010011110111000101011110 0.9185000061988831
Generation 10
0000111110110110100101100101011110100100010001011110011001100111011 0.970300018787384
0001010100001010101000000111011110100000011101001001001001111100110 0.95169997215271
0001000100001110101000111000011110100100010001011110111000000111100 0.9430000185966492
0101101101000111001101110010101110101110000111110001111000010100101 0.957099974155426
0101101111000000101101110000100110111110101000101101000101100101011 0.9351999759674072
0001001000001101110001011001010010101001000100101000100001110100110 0.9308000206947327
0001010100001011001000000111011110000000111011110000000101001111011 0.9557999968528748
0001000100001110101000000101100000101010000101101011001100010100110 0.9599999785423279
0000111110110110100101100101011110100100010001011110011001100111011 0.970300018787384
0101101111000111001101110010100110011110000111110001111000010101011 0.9588000178337097
0001010100001010101000000111011110000000111011111000000101011101011 0.95660001039505
0100100101011011010010000100011110100101000101010101111000010101110 0.96670001745224
0000111110110000100001010101010100100100000100110111100011010101011 0.9610999822616577
0001010100001010100101100101011110100100011011111110011001100111011 0.9567999839782715
0101101111000000101101110000100110011110000111110011000011101101110 0.9453999996185303
1100011100010100111000111101010001101101000001101100001101100101100 0.9593999981880188
0000111110110000100001011101010101100110111010110111101011001100011 0.9564999938011169
0000100101010011000101101101010011100010111101001000000101011100110 0.9609000086784363
0001010100001010101000000111011110100000111011110011100101010111011 0.9603000283241272
0001000100001010101000000111010000001101000101010101111000010101110 0.9455000162124634
0000111110110111000101100101011110100100101000101101000101110101011 0.9611999988555908
0000111110110000101000010101011110100100000011110000111100010101011 0.9656999707221985
0100101101011011010010111000011110100100000011110000000101000111011 0.9613999724388123
0100101101011010110010111000011110100100000011111000000101000101011 0.9556000232696533
0000111110111000101100010000111110101110000111101111111001011101011 0.9573000073432922
0101101111000000111101101011010011100001111000101100000100010101011 0.9275000095367432
0000110010100110001111011101011001011000011110110111011111101001101 0.9297999739646912
0000100101010011000101101101010011100110111101001001001001111100110 0.9567000269889832
0000111110111000101100010101111111101110000001111111111000010111011 0.95660001039505
0101101111000000111101101011010011100001111000101100111100010101011 0.9254000186920166
0000100101010011000101100101010001101101000001101111001111010100101 0.967199981212616
0001000100001010101000000111010000001101001001101111001010010101100 0.9519000053405762
0000111010100101000011111101011001010111010010011110111000101011110 0.9185000061988831
0000100101010011000101100101011110100100000011110000000101010100011 0.9521999955177307
0001000100001110101000000101010000001101000001101111001100010100100 0.9477999806404114
0000111110110111000101100101011110100100000111101011100011110101011 0.9664999842643738
0101101111000000101101110000100110011110101011101111111001100101011 0.9483000040054321
0000100100111111100111111000011001011000001101101010100001101101101 0.9369000196456909
0001010100001010101000000111011110000000111011111000111101011101011 0.9477999806404114
0000111110110111000101100101011110100100000111101011111001110101011 0.9656000137329102
0000111110110000100001010101011100100100000100010101011001010101011 0.9595000147819519
0100111010010001100100111100111111100100000011010111100101100111011 0.9545000195503235
0000011111111100110010111011000011101111001110101100001101100111100 0.9386000037193298
0000011111101101000010001110100010011001011110111000110000010111011 0.9266999959945679
0000111110100000101001010101011110100100000101110000000000010111011 0.951200008392334
0100110111110011000000000011011101000101010001011110101000001111100 0.939300000667572
0000010111101001100111111000011001011000001101101000000001101101101 0.9449999928474426
0000111110110111000101100101011110100100000111110000000001110111011 0.9642000198364258
0001001000001101110001011001010010101001000100101000100001110111100 0.9050999879837036
0101101111000000101101111000011110100100001011101111111001000101011 0.9433000087738037
0001000100001110101000111000011110100100010011011110011000000111011 0.930899977684021
[0.9498999714851379, 0.9506999850273132, 0.9613999724388123, 0.9675999879837036, 0.9675999879837036, 0.9675999879837036, 0.970300018787384, 0.970300018787384, 0.970300018787384, 0.970300018787384]
[0, 0, 0, 0, 1, 1, 1, 1, 1, 0, 1, 1, 0, 1, 1, 0, 1, 0, 0, 1, 0, 1, 1, 0, 0, 1, 0, 1, 0, 1, 1, 1, 1, 0, 1, 0, 0, 1, 0, 0, 0, 1, 0, 0, 0, 1, 0, 1, 1, 1, 1, 0, 0, 1, 1, 0, 0, 1, 1, 0, 0, 1, 1, 1, 0, 1, 1] 0.970300018787384 0.8586885138433806