Generation 1
1011000100000110000000101000010000111000011011111011100010001001111 0.155799999833107
1001110011000100000101100011001110111111001110010010111011100110001 0.09229999780654907
1100001001101011101101000101010110110000101101010101101100000010110 0.46369999647140503
0101010111000010111000011111001000001000110011010001011111100010101 0.5992000102996826
1000111010110101000110000011000101000000000011111011101010110111111 0.09799999743700027
0100101011111111011110010110101010000011110101010010011000000000000 0.057100001722574234
0100100110101010001011001011111110001010010111001101111101101010010 0.06509999930858612
0001111000001111101000001111100011011101001111100101110111000010110 0.8855999708175659
1001001110000110101001011111000010111001011001100010111010101001110 0.7771000266075134
0110010000000100011000111001110011110110011110100110011110100001110 0.7110000252723694
1000101011000110100101011100010000011001100001000011011001001011110 0.722599983215332
1101001001001011000000000001000001010100000111011110010111001110000 0.16189999878406525
1100010010101111011011001111010111000100011101001011111001101011010 0.06030000001192093
1100000111110010001110001111010101111111010010001101000110001110010 0.08269999921321869
0100101001100111010010001101101100001011010111011010001100010100011 0.7770000100135803
1100000100000111001000111100001111110010000011110110101101111010100 0.09799999743700027
1100001011001010111011101100110011111011100011101000000110000111111 0.09799999743700027
1001010011001010101010101010000001101010001101110000101001000110011 0.09130000323057175
0101011110000110001011100110000001101001110001001001100011110110010 0.10140000283718109
0100001110110100100111110011100100111111000011000010001011000110111 0.302700012922287
0100001100000010111000010110101001010100100011111110010001000111011 0.8791999816894531
0100101010101010000011001110110111010100101110101000010001010100010 0.3061000108718872
0101101010000110000001000100001101000001111011111011110101010010110 0.8432000279426575
1000001100100010110101100101001110101101001010010011101111001101010 0.7466999888420105
1101001000001110001010000100010100100011110011010011010111000000111 0.9363999962806702
0000101110010000000000001111011111111001010010110111100010111101000 0.5421000123023987
1100110000100110111000101011011001101011111101101110001100101111001 0.7908999919891357
0100110001100110111110110000000001000011101110100010001111110110011 0.3425000011920929
0001000001001000110101100011001010001110110000110111001011001100111 0.10279999673366547
1000011000110110010000100101000000000111101011011001011001101000110 0.18490000069141388
0001010100001100000011000100110111001111101111001110101111111010100 0.11349999904632568
0001001110000110011101010110111111101000101001110101011000100100101 0.9387000203132629
0101110001000101100001010001000001111110000010011110101001000101110 0.8251000046730042
0100101001101111011010000000000000111001000100010111011101000011010 0.1931000053882599
1000100011001110011101011111010100111100010100000110101011000001110 0.16120000183582306
0110010100000100100100111101010111001000110110010101000111011110010 0.08470000326633453
1000110001101010000110101110100010111010000110101000101011010110101 0.2669000029563904
1000111011011011000000011000000011100101111000001101100000011001111 0.09799999743700027
0100100111110010001101100110010000001000110000111110011010011010010 0.08540000021457672
1100101101101100101101101100011001100010110100101100000011110010010 0.34389999508857727
1101010101000001110100000011110000100101000101011011100000110001001 0.13539999723434448
0100010011101001010100000111010101110000110111001000110001000110000 0.06300000101327896
0001011110010100000100000010111111100010100110100010111001000011011 0.11100000143051147
1000111001010110001001100100110100000000010101111001110111001100100 0.9380999803543091
0100000101010001101110011011000001111100010100001011111111001010111 0.125900000333786
0100001000110110001101000100100011001010101100000101110101100110100 0.09260000288486481
1100111001101110100100110111101100010111010100110100010000001011101 0.9291999936103821
0100011000010100100000001011100110011101001111100100100001011011111 0.8795999884605408
1000111001101111101000011001011101100000111011110110100011110101000 0.5212000012397766
0100010011111100110001100110010111010100011001010100000101000010100 0.11729999631643295
[0.9387000203132629]
[0, 0, 0, 1, 0, 0, 1, 1, 1, 0, 0, 0, 0, 1, 1, 0, 0, 1, 1, 1, 0, 1, 0, 1, 0, 1, 1, 0, 1, 1, 1, 1, 1, 1, 1, 0, 1, 0, 0, 0, 1, 0, 1, 0, 0, 1, 1, 1, 0, 1, 0, 1, 0, 1, 1, 0, 0, 0, 1, 0, 0, 1, 0, 0, 1, 0, 1] 0.9387000203132629 0.9054943053089842
Generation 2
0001001110000110011101010110111111101000101001110101011000100100101 0.9387000203132629
0001001110000110011101010110111111101000101001110101011000100100101 0.9387000203132629
0110010100000100100100111101010111001100110001000011011001001011110 0.8691999912261963
1101010101000001110100000011110000100111000101011011010100010001101 0.9017999768257141
1101001000001110001010000100010100100011110011010011010111000000111 0.9363999962806702
1000111001010110001001100100110100000000010101111001110111001100100 0.9380999803543091
0001010111000010110101100011001000001010110011010111011111100010111 0.929099977016449
1100111001101110100100110111101100010111010100110100010000001011101 0.9291999936103821
0001111000001111101000001111100011011101001111100101110111000010110 0.8855999708175659
1100001001101011101101000101010110110000101101010101011100000000111 0.8949000239372253
0101101010000110000001000100001101000001111011111011110101010010110 0.8432000279426575
0101000001001000111000011111001010001110110000010001001011001100101 0.8043000102043152
0101110001000101100001010001000001111110000010011110101001000101110 0.8251000046730042
1100001101101100101101101100001001100010111100101100000011100010101 0.8597000241279602
0100010011101001010100000111010101110000110111001000001011001100101 0.8801000118255615
0100011000010100100000001011100110011101001111100100100001011011111 0.8795999884605408
0100001100000010111000010110101001010100100011111110010001000111011 0.8791999816894531
1100001000001110001101000101010100100011110011010011010100000010110 0.8500000238418579
1001001110000110101001011111000010111001011001100010111010101001110 0.7771000266075134
0100000101010001101110011011000001111001011001100010111010001011110 0.7883999943733215
1100110000100110111000101011011001101011111101101110001100101111001 0.7908999919891357
0110010000000100011000111001110011110110011110100110011110100001110 0.7110000252723694
0101101001001011101101000101010110110000001101011011110101000010110 0.7224000096321106
0100110001100110111110110000000001000011101110011011100111110100011 0.810699999332428
0000101110010000000000001111011111111001010010110111100010100111001 0.7662000060081482
1000101011000110100101011100010000011001100001000011011001001011110 0.722599983215332
0100101001100111010010001101101100001011010111011010001100010100011 0.7770000100135803
1000001100100010110101100101001110101101001010010011101111001101010 0.7466999888420105
1100011001101011010000100101010110110000101101010101101001100010110 0.6883999705314636
1000111001010110000001000100001101001001111011111001110101010110110 0.7044000029563904
1100001010000110000001000000001101000001111011110101101100010010110 0.6754000186920166
0000101110010000000000001111011111110100000111011110010111110101000 0.6766999959945679
0101010111000010111000011111001000001000110011010001011111100010101 0.5992000102996826
1000111010110101000110001110000101000000000011111011101011010111011 0.6460999846458435
0100110001100110111110110000000101000011101110100010001111111010011 0.6373000144958496
0000101110010000000000001111011111111001010010110111100010111101000 0.5421000123023987
1000111001101111101000011001011101100000111011110110100011110101000 0.5212000012397766
0100101001101111011010000000000000111001011001100011111101100001110 0.46970000863075256
1100001001101011101101000101010110110000101101010101101100000010110 0.46369999647140503
0100101010101010000000011000000011100101111000001000010000011101111 0.41999998688697815
0101010111000010111000011111000000001000110011010001011111100001101 0.4108000099658966
0001111000001111101000001101101100011101001111101010001100010110110 0.39649999141693115
1001001110000110101001011111000010111100010100001011111111101000111 0.3555999994277954
1100111001101110100100110111101100010101010100110100100000101011001 0.3587000072002411
1100101101101100101101101100011001100010110100101100000011110010010 0.34389999508857727
0100110001100110111110110000000001000011101110100010001111110110011 0.3425000011920929
1101001000000100011000111001110011110110010110101110010111001110100 0.29330000281333923
1101110101000001110100000011110000100101000110100011100011110010011 0.2847999930381775
0100101010101010000011001110110111010100101110101000010001010100010 0.3061000108718872
0100001110110100100111110011100100111111000011000010001011000110111 0.302700012922287
0101101010000110001001100100110000000000010101111011110111001000100 0.25099998712539673
Generation 3
0001001110000110011101010110111111101000101001110101011000100100101 0.9387000203132629
1101001100000010111000010111110000100111000101111110010101000111011 0.9325000047683716
0001001110000110011101010110111111101000101001110101011000100100101 0.9387000203132629
0001001110000110001101010101000111101000101101010101101100000100111 0.9352999925613403
0001001110000111110101010110111111101010111001110101011000100100101 0.9369000196456909
0110010100000100100100111101010111001100110001000011011001001011110 0.8691999912261963
1101010101000001110100000011110000100111000101011011010100010001101 0.9017999768257141
1000111001010110001001100100110100000000010101111001110111001100100 0.9380999803543091
1100111001101110100100110111101100010111010100110100010000001011101 0.9291999936103821
0000101110010010100101001100010000011001100000110111100001001101100 0.8925999999046326
1100111010110101100110001110110000100111000011011011010100010111101 0.9473000168800354
0101010111000010111000011111000000001000110011010001010111101100100 0.9240999817848206
0101101010000110000001000100001101100001111011111011110111000100110 0.946399986743927
1101001000001110001010000100010100100011110011010011010111000000111 0.9363999962806702
0001010111000010011101100011001000001000100011010111011111100010111 0.9402999877929688
0001010111000010110101100011001000001010110011010111011111100010111 0.929099977016449
1100001000000101011000111001110011110110101101010100011110100000110 0.8894000053405762
0000001100010010111000010110100011011101001111111101110111000111011 0.9210000038146973
1000001110110100100111100100110100111111000011111001110111001100110 0.9172000288963318
1100001001101011101101000101010110110000101101010101011100000000111 0.8949000239372253
0100001000000110000001001000001101000001111011111011110101011010111 0.9125000238418579
0100010011101001010100000111010101110000110111001000001011001100101 0.8801000118255615
0100011000010100100000001011100110011101001111100100100001011011111 0.8795999884605408
1100001101101100101101101100001001100010111100101100000011100010101 0.8597000241279602
0101111000001111101000001111100011011101001111100001011111000010111 0.8986999988555908
0100001100000010111000010110101001010100100011111110010001000111011 0.8791999816894531
0001111000001111101000001111100011011101001111100101110111000010110 0.8855999708175659
0101000001001000111000011111001010001110110000010001001011001100101 0.8043000102043152
0100010101000001110100000010101001010100100011111011010100010001101 0.8503999710083008
1100001000001110001101000101010100100011110011010011010100000010110 0.8500000238418579
0000111001010110001001100110110100000000010101111001111111000001101 0.8209999799728394
0101110001000101100001010001000001111110000010011110101001000101110 0.8251000046730042
0101101010000110000001000100001101000001111011111011110101010010110 0.8432000279426575
0101110001000101100001010111001010000110100010011110101011001101101 0.8090999722480774
0100000101010001101110011011000001111001011001100010111010001011110 0.7883999943733215
1100110000100110111000101011011001101011111101101110001100101111001 0.7908999919891357
0101011100001111101000001111101001010100100011100110110001000010110 0.8349999785423279
1001001110000110101001011111000010111001011001100010111010101001110 0.7771000266075134
0101101010010100100000000111101110011101000111100100100001010011110 0.8102999925613403
0100110001100110111110110000000001000011101110011011100111110100011 0.810699999332428
0110010000000100011000111001110011110110011110100110011110100001110 0.7110000252723694
1100001001101011101101000101010110110000101101010001011110100010111 0.784500002861023
0000101110010000000000001111011111111001010010110111100010100111001 0.7662000060081482
0100101001100111010010001101101100001011010111011010001100010100011 0.7770000100135803
0101101001001011101101000101010110110000001101011011110101000010110 0.7224000096321106
0001010111000010110101100111101100010111010011010111011000000010101 0.7670000195503235
1000001100100010110101100101001110101101001010010011101111001101010 0.7466999888420105
1000101011000110100101011100010000011001100001000011011001001011110 0.722599983215332
1100011001101011010000100101010110110000101101010101101001100010110 0.6883999705314636
0101010111000010111000011111001000001000111111100001000001000011111 0.696399986743927
1000111001010110000001000100001101001001111011111001110101010110110 0.7044000029563904
Generation 4
1100111010110101100110001110110000100111000011011011010100010111101 0.9473000168800354
0110010100000100100100111101010101110000110111001000001011001001111 0.9081000089645386
0110010100000100100100111101010111001100110001100011011001000011111 0.9244999885559082
1101001000001110001001010101000111101000101101010011010110000000111 0.9524999856948853
1000111001010110001111100101110100000000010101111001110111001100100 0.9401999711990356
1101001100000010111000010111110000100111000101111110010101000111011 0.9325000047683716
1100111001101110100100110111101100010111010100110100010000001011101 0.9291999936103821
1100111010110101100110001110110000100111000011011011010100010111101 0.9473000168800354
0110010100000100100100111101010111001100110001000011011001001011110 0.8691999912261963
1101010101000001110100000011110000100111000101011011010100010001101 0.9017999768257141
1100001101101100101101101100001001100010111100101100000000100010111 0.9144999980926514
0101010111000010111000011111000000001000110011010001010111101100100 0.9240999817848206
0001001110000111100000000111101110011101001001010100011000100101101 0.9240999817848206
0001001110000110001101010101000111101000101101010101101100000100111 0.9352999925613403
0001010111000010011101100011001000001000100011010111011111100010111 0.9402999877929688
0001001110000111110101010110111111101010111001110101011000100100101 0.9369000196456909
0000101110010010100101001100010000011001100000110111100001001101100 0.8925999999046326
0001001110000110011101010110111111101000101001110101011000100100101 0.9387000203132629
1101001000001110001010000100010100100011110011010011010111000000111 0.9363999962806702
0001010111000010110101100011001000001010110011010111011111100010111 0.929099977016449
0101101010000110000001000100001101100001111011111011110111000100110 0.946399986743927
1100110000100110111000111011011001101011000011111001110111001101100 0.9466000199317932
1100001001101011101101000101010110110000101101010101011100000000111 0.8949000239372253
0001001110000110001101010111101110011100101101000100100001010001111 0.8985999822616577
1100010000000101011000111001110011110110101101010110011110100001110 0.8896999955177307
0000101011000110100101011100010000011000101001110101011000100100100 0.8881000280380249
1100001000000101011000111001110011110110101101010100011110100000110 0.8894000053405762
0100001000000110000001001000001111101000101101010101101100011010111 0.88919997215271
0000101100010010111000010110100011011101001111111101110111001111010 0.9176999926567078
0000001100010010111000010110100011011101001111111101110111000111011 0.9210000038146973
0100010011101001010100000111010101110000110111001000001011001100101 0.8801000118255615
1000001110110100101001100100110100111111000011111001110111001100110 0.9248999953269958
0101111000001111101000001111100011011101001111100001011111000010111 0.8986999988555908
0100001000000110000001001000001101000001111011111011110101011010111 0.9125000238418579
0100011000010100100000001011100110011101001111100100100001011011111 0.8795999884605408
1000001110110100100111100100110100111111000011111001110111001101110 0.9139000177383423
0100001100000010111000010110101001010100100011111110010001000111011 0.8791999816894531
0001111000001111101000001111100011011101001111100101110111000010110 0.8855999708175659
0100010101000001110100000010101001010100100011111011010100010001101 0.8503999710083008
1100001000001110001101000101010100100011110011010011010100000010110 0.8500000238418579
0101000001001000111000011111001010001110110000010001001011001100101 0.8043000102043152
0000111001010110001001100110110100000000010101111001111111000001101 0.8209999799728394
0101101010000110000001000100001101000001111011111011110101010010110 0.8432000279426575
0101110001000101100001010001000001111110000010011110101001000101110 0.8251000046730042
0100000101010001101110011011000001111001011001100010111010001011110 0.7883999943733215
1001001110000100011101010110111111101001100001000011011001001011111 0.8172000050544739
0101011100001111101000001111101001010100100011100110110001000010110 0.8349999785423279
0100011000010100100000001011100110011101000010100110101011011101101 0.8122000098228455
0101110001000101100001010111001010000110001111011100100001001011111 0.8224999904632568
0100110001100110111110110000000001000011101110011011100111110100011 0.810699999332428
0101110001000101100001010111001010000110100010011110101011001101101 0.8090999722480774
Generation 5
1101001000001110001001010101000111101000101101010011010110000000111 0.9524999856948853
0110010100000100100100111101010101110000110111001000001011001001111 0.9081000089645386
0110010100000100100100111101010101110000101101010110011110100001111 0.9375
1110010100000100100100100100010100100000110111010011010111000001111 0.9067999720573425
0110010000000100100100111101010111001100110001100011101100000001111 0.9235000014305115
1000111001010110001111100101110100000000010101111001110111001100100 0.9401999711990356
0110010100000100100100111101010111001100110001100011011001000011111 0.9244999885559082
1100111010110101100110001110110000100111000011011011010100010111101 0.9473000168800354
1100111010110101100110001110110100100111000011111011011100010101101 0.949400007724762
0100001100000010111000010101110100000000010101111111110011001100110 0.9412999749183655
0001101010000110000001000100001101100001111011111001110111001101100 0.9706000089645386
1100111001101110100100110111101100010111010100110100010000001011101 0.9291999936103821
1101001000001110001001010101000111101000101101010011010110000000111 0.9524999856948853
0001010111000010110101100011001000001010110001010101101100100000111 0.9509999752044678
1100001101101100101101101100001001100010111100101100000000100010111 0.9144999980926514
0000111001010110001001100110110100000000010101010101111111000101101 0.9266999959945679
0001010111000010011101100011001001101000101101010011001110000000111 0.9422000050544739
0100010101000001110100000110101001100111000101111110010100010001111 0.9222000241279602
0101101010000110111000111011001101100001001011111011110111000100100 0.9526000022888184
1101001100000010111000010111110000100111000101111110010101000111011 0.9325000047683716
0001001110000111100101000111101110011101001001010100011001100111101 0.9559000134468079
1100110000100110111000111011011001101011000011111001110111001101100 0.9466000199317932
0000101110010010100101001100010000011001100000110111100001001101100 0.8925999999046326
0100110000100110111000111001011001101011000011111101110111001100110 0.9376000165939331
0000001100000010111000010111110000100111000101111110010111001111011 0.9086999893188477
0101101010000110000001000100001101100001111011111011110111000100110 0.946399986743927
0001010111000010011101100011001000001000100011010111011111100010111 0.9402999877929688
0000001100010010111000010110100011011101001111111101110111000111011 0.9210000038146973
1101001000001110001010000100010100100011110011010011010110000000111 0.9355999827384949
0001001110000110001101010101000111101000101101010101101100000100111 0.9352999925613403
1101001100000010111000010111110000010100100011111011010101000111001 0.929099977016449
0001001110000110011101010110111111101000101001110101011000100100101 0.9387000203132629
0101110001000101100001011101010101110000110111001000001011001101101 0.9010000228881836
0001001110000111110101010110111111101010111001110101011000100100101 0.9369000196456909
0101010111000010111000011111000000001000110011010001010111101100100 0.9240999817848206
1101010101000001110100000011110000100111000101011011010100010001101 0.9017999768257141
0001010111000010110101100011001000001010110011010111011111100010111 0.929099977016449
0000101100010010111000010110100011011101001111111101110111001111010 0.9176999926567078
1101001000001110001010000100010100100011110011010011010111000000111 0.9363999962806702
0110010100000100100100111101010111001100110001000011011001001011110 0.8691999912261963
1000001110110100101001100100110100111111000011111001110111001100110 0.9248999953269958
1100010000000101011000111001110011110110101101010110011110100001110 0.8896999955177307
1100001001101011101101000101010110110000101101010101011100000000111 0.8949000239372253
0100001000000110000001001000001101000001111011111011110101011010111 0.9125000238418579
0001001110000111100000000111101110011101001001010100011000100101101 0.9240999817848206
0001010000000100011000111001110011110101001001010100011110100001111 0.9077000021934509
0001010111000010011101100011001000001000100011010111000000100010111 0.9021000266075134
1100010010000101011000111001110011110111110111001000001011001001110 0.8919000029563904
0100010011101001010100000111010101110000110111001000001011001100101 0.8801000118255615
0001001110010010100101001100010010101000101001110111101000101101100 0.8921999931335449
0100011000010100100000001011100110011101001111100100100001011011111 0.8795999884605408
Generation 6
0001101010000110000001000100001101100001111011111001110111001101100 0.9706000089645386
0110010100000100100100111110110100100111000011110011011001000101101 0.95169997215271
0110010100000100100100111101010101110000110111001000001011001001111 0.9081000089645386
0110010100000100100100111101010101110000101101010110011110100001111 0.9375
0000101110100110111001001100010000011001000011111011100001001101100 0.9538000226020813
1110010100000100100100100100010100100000110111010011010111000001111 0.9067999720573425
0001001110010010100100001100010010000000001001110111101011001101100 0.954800009727478
1000111001010110001111100101110110011101001111100101111011001100101 0.9467999935150146
0110010000000100100100111101010111001100110101111111101100000001111 0.9348999857902527
1100111010110101100110001110110000100111000011011011010100010111101 0.9473000168800354
0110010000000100100100111111010111001100110001111011011100010101101 0.9279000163078308
1100111010110101100110001110110100100111000011111011011100010101101 0.949400007724762
0001101010000110000001000100001101100001111011111001110111001101100 0.9706000089645386
1101010001000001110100100011001000001010010011000111010100000000111 0.9510999917984009
0001010111000010110101100011001000001010110001010101101100100000111 0.9509999752044678
1100001101101100101101101100001000001010111100101100000000100010111 0.928600013256073
0101110001000101100001011111101110011101001001010100011001100101101 0.9476000070571899
0100001100000010111000010101110100000000010001100001110011001100110 0.9451000094413757
0110010100000100100100111101010111001100110001100011011001000011111 0.9244999885559082
1101001000001110001001010101000111101000101101010011010110000000111 0.9524999856948853
0110010000000100100100111101010111001100110001100011101100000001111 0.9235000014305115
0001010111000010011101100011001000101000101101010011001110000001111 0.9503999948501587
1100110000100110111000111011011001101011000011111001110111001101100 0.9466000199317932
0001001110000111100101000111101110011101001001010100011001100111101 0.9559000134468079
0001001110000111100101000101010101110000110111001000001011101111101 0.9266999959945679
1101001100000010111000010111110000100111000101111110010101000111011 0.9325000047683716
1100111010110101100110001110110100000000000011011011110111010111100 0.9470000267028809
0100110000100110111000111001011001101011000011111101110111001100110 0.9376000165939331
0100001100000010111000010101110100000000010101111111110011001100110 0.9412999749183655
1101001000001110001010000100010100100011110101010011010110000101101 0.9412999749183655
0100010101000001110100000110101001100111000101111110010100010001111 0.9222000241279602
1100111010110100001010000100010100100111110011010011010110000111101 0.9379000067710876
1100111001101110100100110111101100010111010100110100010000001011101 0.9291999936103821
1100111110110101101101100011001001101000101101010011001100011100101 0.948199987411499
1000111001010110001111100101110000100111010101111001011100001100101 0.9567000269889832
0101101010000110111000111011001101100001001011111011110111000100100 0.9526000022888184
0001010111000010011101100011001001101000101101010011001110000000111 0.9422000050544739
0000001100010010111000010110100011011101001111111101110111000111011 0.9210000038146973
0001001110000111110101010110111111101010111001110101011000100100101 0.9369000196456909
0001010111000010011101100011001000001000100011010111011111100010111 0.9402999877929688
1101001000001110001010000100010100100011110011010011010110000000111 0.9355999827384949
0001110111000010011101100011001001100001111011111001110111001100101 0.9469000101089478
0001001110000110001101010101000111101000101101010101101100000100111 0.9352999925613403
0001010111000010010110001110110100100111000011111011011110000001111 0.9440000057220459
1000111001010110001111100101110100000000010101111001110111001100100 0.9401999711990356
0101101010000110000001000100001101100001111011111011110111000100110 0.946399986743927
0000111001010110001001100110110100000000010101010101111111000101101 0.9266999959945679
1100111010110101100110001101010111001100110001100011011100010011111 0.9203000068664551
1100110100001100100100111101010111001100110001000011011001011111100 0.90829998254776
0101010111000010111000011111000000001000110011010001010111101100100 0.9240999817848206
1101001100000010111000010111110000010100100011111011010101000111001 0.929099977016449
Generation 7
0001101010000110000001000100001101100001111011111001110111001101100 0.9706000089645386
0110010100000100100100111110110100100111000011110011011001000101101 0.95169997215271
0110010000000100100100111101010111001110110111010101011101110011111 0.9290000200271606
0000101110100110111001001100010000011001000001010111100001001101100 0.9610000252723694
0001001110010010100100001100010010000000001001110111101011001101100 0.954800009727478
0001101010000110000001000100001101100001111011111001110111001101100 0.9706000089645386
0101110001000101100001011111101110011101001001010100010101000101101 0.9509999752044678
1101010001000001110100100011001000001010010011000111010100000000111 0.9510999917984009
0001010111000010110101100011001000001010110001010101101100100000111 0.9509999752044678
0110010100000100100100111101010101110000110111001000001011001001111 0.9081000089645386
0101101010000110111000111011001101100001001011111011110111000100100 0.9526000022888184
1101001000001110001001010101000111101000101101010011010110000000111 0.9524999856948853
0000101110100110111001001100010000011001000011111011100001001101100 0.9538000226020813
1000111001010110001111100101110110011101001111100101011100001100101 0.9589999914169312
0110010100000100100100111101010101110000101101010110011110100001111 0.9375
1100001101101100101101101100001000001010111100101100000000100010111 0.928600013256073
0001001110000111100101000111101110011101001001010100011001100111101 0.9559000134468079
1110010100000100100100100100010100100000110111010011010111000001111 0.9067999720573425
0001010111000010011101100011001000101000101101010011001110000001111 0.9503999948501587
0001001110000111110101010110111101101010111011010011011011100001111 0.9524000287055969
1100001100000010111010010101110100000000010001100000110111001101101 0.9438999891281128
1100111010110101100110001101010111011100110001100011011100010011111 0.947700023651123
1000111001010110001111100101110000100111010101111001011100001100101 0.9567000269889832
0001110111000010011101100011001001100001111011111001110111001100101 0.9469000101089478
1100111001101110100100110111101100010111010100110100010000001011101 0.9291999936103821
0000101110100110111001001100010000011001000011001000001011001111100 0.9424999952316284
1000111001010110001111100101110000100111010101111001111011001100101 0.9532999992370605
0110010000000100100100111101010111001100110101111111101100000001111 0.9348999857902527
1101001100000010111000010111110000100111000101111110010101000111011 0.9325000047683716
0101110001000101100001011111101110011101001011111000011001100101101 0.9459999799728394
1110010100000100100100100100010100100000110101110101010100000100101 0.9121999740600586
1100111010110101100110001110110000100111000011011011010100010111101 0.9473000168800354
1100111010110101100110001110110100100111000011111011011100010101101 0.949400007724762
1101001000001110001010000100010100100011110101010011010110000101101 0.9412999749183655
0100001100000010111000010101110100000000010001100001110011001100110 0.9451000094413757
0001001110000111110101010110111111101010111001110101011000100100101 0.9369000196456909
1100111110110101101101100011001001101000101101010011001100011100101 0.948199987411499
0110010000000100100100111111010111001100110001111011011100010101101 0.9279000163078308
1100111011011110001011100101110110011101001111010101111011001100100 0.9501000046730042
0001010111000010011101001110111000101001001011011011010100010101101 0.9441999793052673
0110010100000100100100111101010111001100110001101000001011010011111 0.9258999824523926
0001010111000010011101100011001000001000100011010111011111100010111 0.9402999877929688
1101001000001110001010000100010100100011110011010011010110000000111 0.9355999827384949
1100110000100110111000111011011001101011000011111001110111001101100 0.9466000199317932
0001001110000111100101000101010101110000110111001000001011101111101 0.9266999959945679
0100001100000010111000010101110100000000010101111111110011001100110 0.9412999749183655
0100010101000001110100000110101001100111000101111110010100010001111 0.9222000241279602
0001010111000010011101100011001001101000101101010011001110000000111 0.9422000050544739
1100111010110101100110001110110100000000000011011011110111010111100 0.9470000267028809
0110010000000100100100111101010111001100110001100011101100000001111 0.9235000014305115
1000111001010110001111100101110110111101001111010011010111000100101 0.9513000249862671
Generation 8
0001101010000110000001000100001101100001111011111001110111001101100 0.9706000089645386
0110010100000100100100111110110100100111000011110011011001000101101 0.95169997215271
0000101110100110111001001110111000011001000001010111100001000101100 0.9613999724388123
1110010000000100100100111101010111001110110111010011011101110111101 0.942799985408783
0001001110010010100100001100010010000000001001110111101011001101100 0.954800009727478
0000101110100110111001001100010000011001000011111011100001001101100 0.9538000226020813
0001010111000010110101100011001000001010110001010101101100100000111 0.9509999752044678
1000111001010110001111100101110110011101001111100101011100001100101 0.9589999914169312
0001101010000110000001000100001101100001111011111001110111001101100 0.9706000089645386
0110010000000100100100111101010111001110110111010101011101110011111 0.9290000200271606
1100111011011110001011100101110110011101001111010101111011001100100 0.9501000046730042
1101010001000001110100100011001000001010010011000111010100000000111 0.9510999917984009
0001010111000010011101100011001000101000101101010011001110000001111 0.9503999948501587
0000101110100110111001001100010000011001000011001000001011001111100 0.9424999952316284
1000111001010110001111100101110000100111010101111001111000001100101 0.9628000259399414
1101001000001110001001010101000111101000101101010011010110000000111 0.9524999856948853
1100110000100110111000111011011001101011000011111001110111001101100 0.9466000199317932
0101110001000101100001011111101110011101001001010100010101000101101 0.9509999752044678
1100111010110101100110001110110000100111000011011011010100010111101 0.9473000168800354
1100001100000010111010010101110100000000010001100000110111001101101 0.9438999891281128
0110010100000100100100111101010101110000101101010110011110100001111 0.9375
1100111010110101100110001110110100100111000011111011011100010101101 0.949400007724762
1100001101101100101101101100001000001010111100101100000000100010111 0.928600013256073
0001001110000111110101010110111101101010111011010011011011100001111 0.9524000287055969
1000111001010110001111100101110110111101001111010011010111000100101 0.9513000249862671
0101101010000110111000111011001101100001001011111011110111000100100 0.9526000022888184
1100111010110101100110001101010111011100110001100011011100010011111 0.947700023651123
0001101010000110000001010101101110011101001001010100010101001101101 0.9495999813079834
1000111001010110001111100101110000100111010101111001011100001100101 0.9567000269889832
0100001100000010111000010101110100000000010001100001110011001100110 0.9451000094413757
0001001110000110111001001100010000011001000011001000001011101111100 0.9336000084877014
0101110001000101100001011110001101100001111011111001110111000101100 0.9520999789237976
0001001110000111100101000111101110011101001001010100011001100111101 0.9559000134468079
0110010000000100100100111101010111001000110101111111100000001101100 0.9368000030517578
0100111010010101100110001110110000000111000011011101010100010011111 0.9379000067710876
1101001100000010111000010111110000100111000101111110010101000111011 0.9325000047683716
0110010000000100100100111101010111001100110101111111101100000001111 0.9348999857902527
1100111001101110100100110111101100010111010100110100010000001011101 0.9291999936103821
1101001000001110001010000100010100100011110101010011010110000101101 0.9412999749183655
1110010100000100100100100100010100100000110101110101010100000100101 0.9121999740600586
0001110111000010011101100011001001100001111011111001110111001100101 0.9469000101089478
1100111110110101101101100011001001101000101101010011001100011100101 0.948199987411499
0001001110000100100100100100010100111010111101110101010100000000111 0.9404000043869019
0000111011000010110101100011001000001010110001010101101100100010111 0.9377999901771545
0001010111000010011101100011001000001000100011010111011111100010111 0.9402999877929688
0110010100000100100100111101010101110000110111001000001011001001111 0.9081000089645386
0001010111000010011101001110111000101001001011011011010100010101101 0.9441999793052673
0110010100000100100100111101010111001100110001101000001011010011111 0.9258999824523926
0110010000000100100100111111010111001100110001111011011100010101101 0.9279000163078308
0100010101000001110100000110101001100111000101111110010100010001111 0.9222000241279602
1110010100000100100100100100010100100000110111010011010111000001111 0.9067999720573425
Generation 9
0001101010000110000001000100001101100001111011111001110111001101100 0.9706000089645386
0110010100000100100100111110110100100111000011110011011001000101101 0.95169997215271
0000101110100110111001001110111000011001000001010111100001000101100 0.9613999724388123
0001001110010010100100001100010010000000001001110111101011001101100 0.954800009727478
1110010000000100100100111101010111001110110111010011011101110111101 0.942799985408783
0000101110100110111001001110111000010001111111111001110011000101100 0.9672999978065491
1000111001010110001111100101110110011101001111100101011100001100101 0.9589999914169312
0001101010000110000001000100001101100001111011111001110111001101100 0.9706000089645386
0110010000000100100100111101010111001110110111010101011101110011111 0.9290000200271606
0000101110100110111001001100010000011001000011111011100001001101100 0.9538000226020813
1100111011011110001011100101110110100101001111010101111000001100110 0.9574000239372253
0001010111000010110101100011001000001010110001010101101100100000111 0.9509999752044678
1110010100000101100100100100010100100000110101110101010100001101100 0.925599992275238
1100111010110101100110001110110000100111000011011011010100010111101 0.9473000168800354
0001101010000110000001000100010000100111010101111001011100001101101 0.9509999752044678
0110010100000100100100111101010111000110110101010110011101100001111 0.9480999708175659
1101001000001110001001010101000100001000100011010111010110100010111 0.9470000267028809
1100111010110101100110001110110100100111000011111011011100010101101 0.949400007724762
1101010001000001110100100011001000001010010011000111010100000000111 0.9510999917984009
1000111001010110001111100101110000100111010101111001111000001100101 0.9628000259399414
0000101110100110111001001100010000011001000011001000001011001111100 0.9424999952316284
1101010001000101110100100011001000001010011101010111010110001000111 0.9584000110626221
1101001000001110001001010101000111101000101101010011010110000000111 0.9524999856948853
0101110001000101100001011111101110011101001001010100010101000101101 0.9509999752044678
0001010111000010011101100011001000101000101101010011001110000001111 0.9503999948501587
0001001110000111110101010110111101101010111011010011011011100001111 0.9524000287055969
0001001110000111100101000111101110011101001001010100011001100111101 0.9559000134468079
1100001100000010111010010101110100000000010001100000110111001101101 0.9438999891281128
1100001101101100101101101100001000001010111100101100000000100010111 0.928600013256073
1100111011011110001011100101110110011101001111010101111011001100100 0.9501000046730042
1000111001010110001111100101110110111101001111010011010111000100101 0.9513000249862671
1101001100000010111000010111110000100111000101111110010101000111011 0.9325000047683716
0110010100000100100100111101010101110000101101010110011110100001111 0.9375
0101101010000110111000111011001101100001001011111011110111000100100 0.9526000022888184
0001110111000010011101100011001001100001111011111001110111001100101 0.9469000101089478
1100111010110101100110001101010111011100110001100011011100010011111 0.947700023651123
0001101010000110000001000100001101100001111011111001110111001100101 0.9569000005722046
1000111001010110001111100101110000100111010101111001011100001100101 0.9567000269889832
0100001100000010111000010101110100000000010001100001110011001100110 0.9451000094413757
0001001110000110111001001100010000011001000011001000001011101111100 0.9336000084877014
0110010000000100100100111101010111001000110101111111100000001101100 0.9368000030517578
1100111001101110100100110111101100010111010100110100010000001011101 0.9291999936103821
0110010000000100100100111101010111001100110101111111101100000001111 0.9348999857902527
0001010111000010011101001110111000101001001011011011010100010101101 0.9441999793052673
1100111110110101101101100011001001101000101101010011001100011100101 0.948199987411499
1101010001000001110100100011001000001010010011000111010100100010111 0.9380000233650208
0110010000000100100100111111010111001100110001111011011100010101101 0.9279000163078308
0000111011000010110101100011001000001010110001010101101100100010111 0.9377999901771545
0110010100000100100100111101010101110000110111001000001011001001111 0.9081000089645386
1101001000001110001010000100010100100011110101010011010110000101101 0.9412999749183655
0100010101000001110100000110101001100111000101111110010100010001111 0.9222000241279602
Generation 10
0001101010000110000001000100001101100001111011111001110111001101100 0.9706000089645386
0110010100000100100100111110110100100111000011110011011001000101101 0.95169997215271
0000101110100110111001001110111000011001000001010111100001000101100 0.9613999724388123
0001001110010010100100001100010010000000001001110111101011001101100 0.954800009727478
1110010000000100100100111101010111001110110111010011011101110111101 0.942799985408783
0001101010000110000001000100010000100111010101111001010100001101100 0.9610000252723694
1101010001000001110100100011001000001010010011000111010100000000111 0.9510999917984009
0001101010000110000001000100001101100001111011111001110111001101100 0.9706000089645386
1000111001010110001111100101110000100111010101111001111000001100101 0.9628000259399414
1100001101101100101101101100001000001010111100101100000000100010111 0.928600013256073
1101001001001110001001010110111101101001101101110011011011100000111 0.9574000239372253
1100111001101110100100110111101000010111010101110011011000000111101 0.9498999714851379
0110010100000100100100111101010111000110110101010110011101100001111 0.9480999708175659
1100111010110101100110001101010111011100110001100011011100010011111 0.947700023651123
0000101001010110001111100101110000100111010101111101111011001100101 0.9542999863624573
0001101010000110000001000100001101100001111011111001110011000101100 0.9656000137329102
0101110001000101100001011111101110011101001001110100010101001101100 0.9524000287055969
0110010000000100100100111101010111001110110111010101011101110011111 0.9290000200271606
1101001000001110001001010101000100001000100011010111010110100010111 0.9470000267028809
1101001000001110001001010101000111101000101101010011010110000000111 0.9524999856948853
1110010100000101100100100100010100100000110101110101010100001101100 0.925599992275238
1100001100000010111010010101110100000000010001100000110111001101101 0.9438999891281128
0110010000000100100100111101010111001000110101111111100000001101100 0.9368000030517578
0001001110000111100101000111101110011101001001010100011001100111101 0.9559000134468079
0001011111000010110101100011001000101010110001010101010100010101101 0.957099974155426
0001010111000010110101100011001000001010110001010101101100100000111 0.9509999752044678
0000101110100110111001001110111000011001000001001000001011001001111 0.9387999773025513
0000111011000010110101100011001000001010110001010101101100100010111 0.9377999901771545
1000111001010110001111100101110110011101001111100101011100001100101 0.9589999914169312
0100001100000010111000010101110100000000010001100001110011001100110 0.9451000094413757
0001110111000010011101100011001001100001111011111001110111001100101 0.9469000101089478
1100111010110101100110001110110000100111000011011011010100010111101 0.9473000168800354
1101010001000101110100100011001000001010011101010111010110001000111 0.9584000110626221
0110010100000100100100111101010101110000101101010110011110100001111 0.9375
0110010000000100100100111101010111001100110101111111101100000001111 0.9348999857902527
0001010111000010011101100011001000101000101101010011001110000001111 0.9503999948501587
0000101110100110111001001110111000010001111111111001110011000101100 0.9672999978065491
0110010100000100100100111101010101110000110111010111100001000101100 0.9218000173568726
1100111011011110001011100101110110100101001111010101111000001100110 0.9574000239372253
0000101110100110111001001110111000010001111111111001110111001101100 0.9710000157356262
0001010100000100100100111101010111000110110111111001111101101001111 0.9433000087738037
0001001110000111110111010110111101101011111011010011011101100001111 0.9466999769210815
0110010100000100100001000100010000100111010101111001011101100001111 0.9132000207901001
1101001000001110100100011110110100100111000011110011010101000000111 0.941100001335144
0001010111000010011101001110111000101001001011011011010100010101101 0.9441999793052673
0001001110000110111001001100010000011001000011001000001011101111100 0.9336000084877014
1100111010110101100110001110110100100111000011111011011100010101101 0.949400007724762
0000101110100110111001001100010000011001000011111011100001001101100 0.9538000226020813
0000101110100110111001001100010000011001000011001000001011001111100 0.9424999952316284
1000111001010110000100111110110100100111000011010011010111000100101 0.9542999863624573
0110010100000100100100111101010101110000110111001000001011001001111 0.9081000089645386
[0.9387000203132629, 0.9387000203132629, 0.9473000168800354, 0.9524999856948853, 0.9706000089645386, 0.9706000089645386, 0.9706000089645386, 0.9706000089645386, 0.9706000089645386, 0.9710000157356262]
[0, 0, 0, 0, 1, 0, 1, 1, 1, 0, 1, 0, 0, 1, 1, 0, 1, 1, 1, 0, 0, 1, 0, 0, 1, 1, 1, 0, 1, 1, 1, 0, 0, 0, 0, 1, 0, 0, 0, 1, 1, 1, 1, 1, 1, 1, 1, 1, 1, 0, 0, 1, 1, 1, 0, 1, 1, 1, 0, 0, 1, 1, 0, 1, 1, 0, 0] 0.9710000157356262 0.8818265449027626