Generation 1
0000010010101011100011011001100110110010110110000100110011101101101 0.6424000263214111
1101101101000100001011100111101110111001111100011010000011110011010 0.09459999948740005
0000010100010110000110001110100001111110010011101101100011000010110 0.09799999743700027
0000101001111101011000100010101100011000000100010111000100101101011 0.7868000268936157
1101110101000101011101001101010010010010011100101101001001010100000 0.6800000071525574
1000110000110000111010001000001100011101010000101000100011110001101 0.2125999927520752
0001001000000000101001110011011010010101001101101010111100100111000 0.19419999420642853
1000101101110110111111111111011010111011001000100101001001111101100 0.9351999759674072
0100000101101100100011101111101010011010010101110100011011000011011 0.23999999463558197
0001101000010110100011100100001010111101100101101011000111101011101 0.29100000858306885
0100100001100000101011001011011010001001010100001011000101110111010 0.1834000051021576
1000110001100011011101011101000010111010011110011010110010111101101 0.30070000886917114
0000100100000111101001111001010111110001001001001110110010111111111 0.6732000112533569
0100101001110110101010100010001111000000001110001111100110010000011 0.09910000115633011
0001111101010010100101010000010101101110101110000011101100111011111 0.6876000165939331
1000110010101110000001110011011011101011101100010001101001100010011 0.11949999630451202
0000000011110110000110111000100101111000010000010110010000001111011 0.6516000032424927
1000101111111000001001100110111101111101111111111101001000000000110 0.2062000036239624
1000011000011100100000111000011011111101000001011011001011110010110 0.29670000076293945
0100100110100011010000110111010101101101100010111110001111010100101 0.3416000008583069
1000010101110100111000110101001011010001110000000100001111100000111 0.7368999719619751
1000001010111100010100100111100110110110011000100110111110101101110 0.8224999904632568
0000101001011001010001011101101101001010101111011101100010011001010 0.0649000033736229
1100011100010100111100111000001001110000000010101001000011110100010 0.5559999942779541
0100110111010111101111111011010000001101110010010010000100011110011 0.08449999988079071
1100011010001110001001001101001110111100111110101011010111010101111 0.09799999743700027
1100101000010100000001001001010101111110010101011101001011111110001 0.11060000211000443
0101000001110110100000000111101000101110100100011000010101010110011 0.10520000010728836
0100110101010110111110010110000010011110001001111110010101111110101 0.7534000277519226
1100110000010100001110101001111001110110100011010101000110110011010 0.15000000596046448
0000100010101010000100000100010010001101101000010111001110001100110 0.9350000023841858
0000000011011000001001011001110110011101101101110110010100111001110 0.8343999981880188
0100101000000011110001101110100101111001100111111100011110101000000 0.09610000252723694
1101101100000000101100100010101000101010001110110010100001011101010 0.3228999972343445
0000001100010000000010110010111110110000000101111110111100110111100 0.9290000200271606
1100010011010110011001011011000010000100010110000101000011101100011 0.2011999934911728
1000101010001100110011111101001110100000101101001001100111101000111 0.8356000185012817
1100101101100010110011100101111000110010100110001010010001010000000 0.10559999942779541
0100100101111101101101111100111110001011010000001111111110111011001 0.13410000503063202
1101001010000010100111001000110100100000111100110011010011010001100 0.1988999992609024
0000010100001001100110011111011011011101001011111100011001100110110 0.8112999796867371
1100110000001011010110101011100010000100010001010000010100111100000 0.5418999791145325
1101011110010010100001011101010110111101100010100011010000001110011 0.09570000320672989
0001100111111001100000001110010101010111101110101001010011011001110 0.4092000126838684
1000100001011110011111111111110011001101000100101011111101101000000 0.13300000131130219
1000011111000110100101110000100010010100100000110011010000010110101 0.14749999344348907
0101111000010100000001000001000110010100110011100000111111100011100 0.12359999865293503
1100100101001010001101110011001101101010101101100110101010111101100 0.9581999778747559
0100111101101011111100001000010010001110110101001111110001011010110 0.7361000180244446
1100010001111001011011010001111000110111000001100111101000100101110 0.8877000212669373
[0.9581999778747559]
[1, 1, 0, 0, 1, 0, 0, 1, 0, 1, 0, 0, 1, 0, 1, 0, 0, 0, 1, 1, 0, 1, 1, 1, 0, 0, 1, 1, 0, 0, 1, 1, 0, 1, 1, 0, 1, 0, 1, 0, 1, 0, 1, 1, 0, 1, 1, 0, 0, 1, 1, 0, 1, 0, 1, 0, 1, 0, 1, 1, 1, 1, 0, 1, 1, 0, 0] 0.9581999778747559 0.792870482619928
Generation 2
1100100101001010001101110011001101101010101101100110101010111101100 0.9581999778747559
1100100101001010001101110011001101101010101101100110101010111101100 0.9581999778747559
0000101101110110111110111111011010111011001000100101000001011101100 0.9531999826431274
0000101101101010000100000100010010000100101000010111001111000100110 0.9506999850273132
0000001100010000000010110010100100100000000101111110111111010101100 0.9386000037193298
0000100010101010000100000100010010001101101000010111001110001100110 0.9350000023841858
0000001100010000000010110010111110110000000101111110111100110111100 0.9290000200271606
0000010100001001100110011111011011011001001011111100011001110100110 0.9286999702453613
0100111101101011111100110100010010001110110101001111111111100000111 0.911300003528595
0000100111111001100000001110010101011001010100001011000001110101110 0.890999972820282
1000001010111100101001110011011010010101001101101010111110100111110 0.8903999924659729
1100010001111001011011010001111000110111000001100111101000100101110 0.8877000212669373
1100011010001110001001001101001110100000101101001001100111011000111 0.8740000128746033
1100110000001111010110101011100110000100011001010000010011111100010 0.8555999994277954
0000101001111101011000100010101111011101001011111100011000100100011 0.8525999784469604
0000101001011001010001011101001010111101100101101101101010001011101 0.8485000133514404
1000101010001100110011111101001110100000101101001001100111101000111 0.8356000185012817
0000000011011000001001011001110110011101101101110110010100111001110 0.8343999981880188
1000001010111100010100100111100110110110011000100110111110101101110 0.8224999904632568
0000010100001001100110011111011011011101001011111100011001100110110 0.8112999796867371
1000011111000110101101110000100010010100100011110100010001010110111 0.7936000227928162
0000101001111101011000100010101100011000000100010111000100101101011 0.7868000268936157
0100110101010110111110010110000010011110001001111110010101111110101 0.7534000277519226
1000010101110100111000110101001011010001110000000100001111100000111 0.7368999719619751
0100111101101011111100001000010010001110110101001111110001011010110 0.7361000180244446
0001111101010010100101010000010101101110101110000011101100111011111 0.6876000165939331
1101110101000101011101001101010010010010011100101101001001010100000 0.6800000071525574
0000100100000111101001111001010111110001001001001110110010111111111 0.6732000112533569
0000000011110110000110111000100101111000010000010110010000001111011 0.6516000032424927
0000010010101011100011011001100110110010110110000100110011101101101 0.6424000263214111
1000110001100011011101011101000010011101011110011010101110001101100 0.6299999952316284
1100011100010100111100111000001001110000000010101001000011110100010 0.5559999942779541
1100110000001011010110101011100010000100010001010000010100111100000 0.5418999791145325
1000101010001100110011111101001110100000101101001001100111100010110 0.5317000150680542
1000101101110110111111111111011010011011001000100101001001101011100 0.501800000667572
1000101001011001010001011101101101101010101111011101100010011101111 0.4749999940395355
0000010100001001100110011111011000011000000100010111000101101111110 0.45500001311302185
1101001010000010110111101000110100100000111101110110010111011001100 0.41040000319480896
0001100111111001100000001110010101010111101110101001010011011001110 0.4092000126838684
0000000011011000001001011001110110011001101100110011010000110001110 0.3702000081539154
0100100110100011010000110111010101101101100010111110001111010100101 0.3416000008583069
1100010001111001011011010001111000010110101110000011101100111111110 0.3391999900341034
1101001010000010100111001000111110110000111100110010010000110011100 0.3240000009536743
1101101100000000101100100010101000101010001110110010100001011101010 0.3228999972343445
0001100111111001100000001110010101010111101110101001011011111001110 0.31619998812675476
1000110001100011011101011101000010111010011110011010110010111101101 0.30070000886917114
1000011000011100100000111000011011111101000001011011001011110010110 0.29670000076293945
0001101000010110100011100100001010111101100101101011000111101011101 0.29100000858306885
1100010011001100110011111011000010000100011101001001100111101000011 0.28700000047683716
0100000101101100100011101111101010011010010101110100011011000011011 0.23999999463558197
1000110000110000111010001000001100011101010000101000100011110001101 0.2125999927520752
Generation 3
1100100101001010001101110011001101101010101101100110101010111101100 0.9581999778747559
0000101101110110111110111111010010111011101101110110010100111101100 0.963100016117096
1100100101001010001101110011001101101010101101100110101010111101100 0.9581999778747559
0000101101101010000100000100010010000100101000010111001111000100110 0.9567999839782715
0000101101110110111110111111011010111011001000100101000001011101100 0.9531999826431274
1000101010001100110011111101001110100000101101101001101111100100101 0.9462000131607056
0000001100010000000010110010100100100000000101101110111111110100110 0.945900022983551
0000001100010000000111101000110100100000111101110110111111011101100 0.9391000270843506
0000001100010000000010110010100100100000000101111110111111010101100 0.9386000037193298
0000100010101010000100000100010010001101101000010111001110001100110 0.9350000023841858
1000110001100011010101011101000010011111000001100111101000000101100 0.9350000023841858
0000010100001001100110011011000010000110011101001000000111101100111 0.9327999949455261
0000001100010000000010110010111110110000000101111110111100110111100 0.9290000200271606
0000010100001001100110011111011011011001001011111100011001110100110 0.9286999702453613
0100111101101011111100110100010010011110110101011010111111101000111 0.9132999777793884
0100110101010100111110010110000010011110001001110011100001011101010 0.9132000207901001
0100111101101011111100110100010010001110110101001111111111100000111 0.911300003528595
1101001010000010110100011101001010111101100101101101101010011011101 0.9039999842643738
0000101101101010000100000100010010000101001000010110111111001111110 0.9031000137329102
0000100111111001100000001110010101011001010100001011000001110101110 0.890999972820282
1000001010111100101001110011011010010101001101101010111110100111110 0.8903999924659729
1100111101011000001001011001110110011101101101110110010100111001110 0.8894000053405762
1100010001111001011011010001111000110111000001100111101000100101110 0.8877000212669373
0000010100001001100110011111011011011101001010111100011001100110110 0.8870000243186951
0100100110100011010000110111001110100000101101001000100111010100101 0.8805999755859375
1100011010001110001001001101001110100000101101001001100111011000111 0.8740000128746033
1000011010001100110011111101001010010100100001110100010001010010111 0.8672999739646912
1000110001100011011101011101000010011101011110001111101110000101100 0.8615000247955322
1100110000001111010110101011100110000100011001010000010011111100010 0.8555999994277954
1000001010111100101001110011011010010101101101101011001110100100110 0.8526999950408936
0000101001111101011000100010101111011101001011111100011000100100011 0.8525999784469604
0000000011011000001001011001110110011101001000100101000001011001110 0.8521000146865845
0000101001011001010001011101001010111101100101101101101010001011101 0.8485000133514404
1000101010001100110011111101001110100000101101001001100111101000111 0.8356000185012817
0000000011011000001001011001110110011101101101110110010100111001110 0.8343999981880188
1000001010111100010100100111100110110110011000100110111110101101110 0.8224999904632568
0000101001111101011000100010101111011101010000100100001111100100011 0.8220000267028809
0000010100001001100110011111011011011101001011111100011001100110110 0.8112999796867371
1000011111000110101101110000100010010100100011110100010001010110111 0.7936000227928162
0000101001111101011000100010101100011000000100010111000100101101011 0.7868000268936157
1000010100110100111000110101001011010001101011011100011000100000111 0.7685999870300293
0100110101010110111110010110000010011110001001111110010101111110101 0.7534000277519226
0000010101000111101001111001010111110001001001001100011010111111111 0.7394000291824341
1000010101110100111000110101001011010001110000000100001111100000111 0.7368999719619751
0100111101101011111100001000010010001110110101001111110001011010110 0.7361000180244446
0000100100001001100110011111010011011101001011111110110001100110110 0.695900022983551
0001111101010010100101010000010101101110101110000011101100111011111 0.6876000165939331
1101110101000101011101001101010010010010011100101101001001010100000 0.6800000071525574
1000101001011001010001011101101101101010101101110101100110011001110 0.679099977016449
1000110001100011011101011111011010111011001110011011000001010111100 0.6775000095367432
0000101001011001010001011101101101101010101111011100100000111101110 0.6771000027656555
Generation 4
0000101101110110111110111111010010111011101101110110010100111101100 0.963100016117096
0000101101101010000100000100010010000100101001101001001111000100101 0.9645000100135803
0000101101110110111110111111010010111011101101110110010100111101100 0.963100016117096
1100100101001010001101110011001101101010101101100110101010111101100 0.9581999778747559
0000101101101010000100000100010010000100101000010111001111000100110 0.9567999839782715
0000101101110110111110111111011010111011001000100101000001011101100 0.9531999826431274
0000101101110101011000100010101111011101001011111100011000101100110 0.9473000168800354
1000101010001100110011111101001110100000101101101001101111100100101 0.9462000131607056
0000001100010000000010110010100100100000000101101110111111110100110 0.945900022983551
0000001100010000000111101000110100100000111101110110111111011101100 0.9391000270843506
0001111101010010100101010000010101101110101110100110101010111111101 0.9387000203132629
0000001100010000000010110010100100100000000101111110111111010101100 0.9386000037193298
0000100010101010000100000100010010001101101000010111001110001100110 0.9350000023841858
1000110001100011010101011101000010011111000001100111101000000101100 0.9350000023841858
0000010100001001100110011011000010000110011101001000000111101100111 0.9327999949455261
0000001100010000000010110010111110110000000101111110111100110111100 0.9290000200271606
0000010100001001100110011111011011011001001011111100011001110100110 0.9286999702453613
1000011101110100111000110001001011010001110010000100001001100000111 0.9271000027656555
0000101010001100110011111101001110100000101101000110100111011100110 0.9175000190734863
0100111101101011111100110100010010011110110101011010111111101000111 0.9132999777793884
0100110101010100111110010110000010011110001001110011100001011101010 0.9132000207901001
1000011110000010110100011101001010010100100101101101010001011010111 0.9115999937057495
0100111101101011111100110100010010001110110101001111111111100000111 0.911300003528595
1100010001111001011011010001111000110111001001100111101000100100110 0.9071999788284302
1101001010000010110100011101001010111101100101101101101010011011101 0.9039999842643738
0000101101101010000100000100010010000101001000010110111111001111110 0.9031000137329102
0100110101010100111110010110000010011110001001110011100001011111110 0.9017999768257141
0100111101000010110100011101001010011101100101101101101111011011101 0.8995000123977661
1100110000001111001001011001110110000100011001010000010011111101010 0.8952000141143799
0000110001100011011101011101000010011101011110001111101110000100100 0.8924000263214111
0000101101110110111110111111010110110110011000100110111110101101110 0.8910999894142151
0000100111111001100000001110010101011001010100001011000001110101110 0.890999972820282
1000001010111100101001110011011010010101001101101010111110100111110 0.8903999924659729
1100111101011000001001011001110110011101101101110110010100111001110 0.8894000053405762
1100010001111001011011010001111000110111000001100111101000100101110 0.8877000212669373
0000010100001001100110011111011011011101001010111100011001100110110 0.8870000243186951
1100111111000110101101110000100010010100101101110100010001011000111 0.8806999921798706
0100100110100011010000110111001110100000101101001000100111010100101 0.8805999755859375
0000100111111001100000001110010101011001010101101101101011011011101 0.878000020980835
0100010100110100111000110101001011010001100011011100011000100000111 0.8773000240325928
1100011010001110001001001101001110100000101101001001100111011000111 0.8740000128746033
1000011010001100110011111101001010010100100001110100010001010010111 0.8672999739646912
1000110001100011011101011101000010011101011110001111101110000101100 0.8615000247955322
1100110000001111010110101011100110000100011001010000010011111100010 0.8555999994277954
1101110101000101011101001101010010010010011100101100010101011001100 0.8543999791145325
1000001010111100101001110011011010010101101101101011001110100100110 0.8526999950408936
0000101001111101011000100010101111011101001011111100011000100100011 0.8525999784469604
0000000011011000001001011001110110011101001000100101000001011001110 0.8521000146865845
0000101001011001010001011101001010111101100101101101101010001011101 0.8485000133514404
1000010100110000111000110101001011010001101001011100011110100000111 0.8418999910354614
1000101010001100110011111101001110100000101101001001100111101000111 0.8356000185012817
Generation 5
0000101101101010000100000100010010000100101001101001001111000100101 0.9645000100135803
0000101101101010000100000100010010000100101001101001001111000100101 0.9645000100135803
0000101101110110111110111111010010111011101101110110010100111101100 0.963100016117096
0000101101110110111101011101000010011101101101110111101100000101100 0.963100016117096
0000101101101010000100000100011011000000101011011100011000000100110 0.9621000289916992
0000101100110101011000100010101111111101001011111100011011010100100 0.9613999724388123
0000101101101010000100000100010010000100101001101001101000100100101 0.9602000117301941
1100100101001010001101110011001101101010101101100110101010111101100 0.9581999778747559
0000101101101010000100000100010010000100101000010111001111000100110 0.9567999839782715
0000101101110110111110111111011010111011001000100101000001011101100 0.9531999826431274
1000011110000010110011111101001110100000101101101101101111100100101 0.9527999758720398
0000101101110101011000100010101111011101001011111100011000101100110 0.9473000168800354
1000101010001100110011111101001110100000101101101001101111100100101 0.9462000131607056
0000001100010000000010110010100100100000000101101110111111110100110 0.945900022983551
1100100101001010001101110011001101101010101101100110101010111100100 0.942300021648407
0000110010101010100100000100010010001101101000010111101110000100110 0.9399999976158142
0000001100010000000111101000110100100000111101110110111111011101100 0.9391000270843506
0001111101010010100101010000010101101110101110100110101010111111101 0.9387000203132629
0000001100010000000010110010100100100000000101111110111111010101100 0.9386000037193298
0000010100001001100110011011000010000000001101001000111111101100110 0.9359999895095825
1101110101000101011101001101100100100000000101101110111111010101100 0.9358000159263611
0000101101101010000100000100010010000000101000010110001110100100111 0.9351000189781189
0000100010101010000100000100010010001101101000010111001110001100110 0.9350000023841858
1000110001100011010101011101000010011111000001100111101000000101100 0.9350000023841858
0000010100001001100110011011000010000110011101001000000111101100111 0.9327999949455261
0001101101101010000100000100010010000100101000010110001000101100100 0.9293000102043152
0000001100010000000010110010111110110000000101111110111100110111100 0.9290000200271606
0100010100110100111000110101000010010101100010010111001111100000111 0.9287999868392944
0000010100001001100110011111011011011001001011111100011001110100110 0.9286999702453613
1000011101110100111000110001001011010001110010000100001001100000111 0.9271000027656555
1101110101000101011101001101010010010010011000101101101011011011101 0.9212999939918518
0000101010001100110011111101001110100000101101000110100111011100110 0.9175000190734863
1100010001111001011001010001111000111111000001100111001111000101110 0.9164999723434448
0100111101101011111111111101001010010100100101011010111101110010111 0.9146999716758728
0000101001111101011000100010101111011101001011111100011000101101011 0.9146000146865845
0100111101101011111100110100010010011110110101011010111111101000111 0.9132999777793884
0100110101010100111110010110000010011110001001110011100001011101010 0.9132000207901001
0000100010101010000101000100010010001101101000010111001110101101110 0.9120000004768372
1000011110000010110100011101001010010100100101101101010001011010111 0.9115999937057495
0100111101101011111100110100010010001110110101001111111111100000111 0.911300003528595
1100111101011000001001000010110110011101101101110110011000100100111 0.9075000286102295
1100010001111001011011010001111000110111001001100111101000100100110 0.9071999788284302
1101001010000010110100011101001010111101100101101101101010011011101 0.9039999842643738
0000101101101010000100000100010010000101001000010110111111001111110 0.9031000137329102
0100110101010100111110010110000010011110001001110011100001011111110 0.9017999768257141
0100111101000010110100011101001010011101100101101101101111011011101 0.8995000123977661
1100110000001111001001011001110110000100011001010000010011111101010 0.8952000141143799
0000110001100011011101011101000010011101011110001111101110000100100 0.8924000263214111
0000101101110110111110111111010110110110011000100110111110101101110 0.8910999894142151
0000100111111001100000001110010101011001010100001011000001110101110 0.890999972820282
1000001010111100101001110011011010010101001101101010111110100111110 0.8903999924659729
Generation 6
0000101101101010000100000100010010000100101001101001001111000100101 0.9645000100135803
0000101101101010000100000100010010000100101001101001001111000100101 0.9645000100135803
0000101101110101011000100010101111011101001011111100011010101100110 0.9634000062942505
0000101101110110111110111111010010111011101101110110010100111101100 0.963100016117096
0000101101110110111101011101000010011101101101110111101100000101100 0.963100016117096
0000101101101010000100000100011011000000101011011100011000000100110 0.9621000289916992
0000101100110101011000100010101111111101001011111100011011010100100 0.9613999724388123
0000101101101010000100000100010010000100101001101001101000100100101 0.9602000117301941
1100100101001010001101110011001101101010101101100110101010111101100 0.9581999778747559
0000101101101010000100000100010010000100101000010111001111000100110 0.9567999839782715
0100111101101011111100110100010010001111110101100110101010110101101 0.9559000134468079
0000101101110110111100110100010010011110110101001100000001111101110 0.9538999795913696
0000101101110110111110111111011010111011001000100101000001011101100 0.9531999826431274
1000011110000010110011111101001110100000101101101101101111100100101 0.9527999758720398
0000110100001001100110011011000010001110011101001000000111110100110 0.9484000205993652
0000010100001001100110011111011011011001001011011100100111111100110 0.9480999708175659
0000101101110101011000100010101111011101001011111100011000101100110 0.9473000168800354
1000101010001100110011111101001110100000101101101001101111100100101 0.9462000131607056
0000001100010000000010110010100100100000000101101110111111110100110 0.945900022983551
1001110100001011001001011001110110000100011001010000010011110101110 0.9434999823570251
1100100101001010001101110011001101101010101101100110101010111100100 0.942300021648407
0000110010101010100100000100010010001101101000010111101110000100110 0.9399999976158142
0000001100010000000111101000110100100000111101110110111111011101100 0.9391000270843506
0001111101010010100101010000010101101110101110100110101010111111101 0.9387000203132629
0000001100010000000010110010100100100000000101111110111111010101100 0.9386000037193298
1101001010000010110100001000000101101101100101101101101110011011101 0.9383999705314636
0000010100001001100110011011000010000000001101001000111111101100110 0.9359999895095825
0000101101101101001000100010101111011101001000010100011000100100110 0.9359999895095825
0000001100010000000010110111011011011001001011111100011001010101100 0.9358999729156494
1101110101000101011101001101100100100000000101101110111111010101100 0.9358000159263611
0000101101101010000100000100010010000000101000010110001110100100111 0.9351000189781189
0000100010101010000100000100010010001101101000010111001110001100110 0.9350000023841858
1000110001100011010101011101000010011111000001100111101000000101100 0.9350000023841858
0000101101101010000100000100010010000100011000101101101011011011101 0.9348000288009644
0000010100001001100110011011000010000110011101001000000111101100111 0.9327999949455261
0010010100001010000100000100010010001101101000010111011001101100110 0.9314000010490417
0000101101101010010001100100011011001000101101000110100111010100110 0.9312000274658203
0000001100110101011000100010101111111101001011111100011011001100101 0.9297000169754028
0001101101101010000100000100010010000100101000010110001000101100100 0.9293000102043152
0000001100010000000010110010111110110000000101111110111100110111100 0.9290000200271606
0100010100110100111000110101000010010101100010010111001111100000111 0.9287999868392944
0000010100001001100110011111011011011001001011111100011001110100110 0.9286999702453613
1000011101110100111000110001001011010001110010000100001001100000111 0.9271000027656555
0000010100001001100110011010100100100000000101111110111111110100110 0.9251000285148621
1101110101000101011101001101010010010010011001101101001011011010111 0.9240000247955322
0001111101010010100101010000010101101110011110000110101010111101101 0.9222999811172485
1101110101000101011101001101010010010010011000101101101011011011101 0.9212999939918518
0000100111111001100000001110010111000000101011011101001010000100110 0.9192000031471252
0000101010001100110011111101001110100000101101000110100111011100110 0.9175000190734863
1100010001111001011001010001111000111111000001100111001111000101110 0.9164999723434448
0100111101101011111111111101001010010100100101011010111101110010111 0.9146999716758728
Generation 7
0000101101101010000100000100010010000100101001101001001111000100101 0.9645000100135803
0000101101101101001000100010101111011101001001010100011100100100110 0.9689000248908997
0000101101101010000100000100010010000100101001101001001111000100101 0.9645000100135803
0000101100101010100100000100010010001101101101001111001110111101110 0.9642999768257141
0000101101110110111110111111101111111101001011111100011011111100100 0.9635999798774719
0000101101110101011000100010101111011101001011111100011010101100110 0.9634000062942505
0000101101110110111110111111010010111011101101110110010100111101100 0.963100016117096
0000101101110110111101011101000010011101101101110111101100000101100 0.963100016117096
0000101101101010000100000100011011000000101011011100011000000100110 0.9621000289916992
0000101100110101011000100010101111111101001011111100011011010100100 0.9613999724388123
0000101101101010000100000100011011000000101011011100010111011100110 0.9606999754905701
0000101101101010000100000100010010000100101001101001101000100100101 0.9602000117301941
0000101101101101100110011010101111011101001000011110011000110100110 0.958899974822998
1100100101001010001101110011001101101010101101100110101010111101100 0.9581999778747559
0000101101101010000100000100010010000100101000010111001111000100110 0.9567999839782715
0100111101101011111100110100010010001111110101100110101010110101101 0.9559000134468079
0000101101110110111000100010101111011101001011111100011000101100100 0.9546999931335449
0000101101110110111100110100010010011110110101001100000001111101110 0.9538999795913696
0000101101001010000100000100011011000110011101001000011000100100110 0.9537000060081482
0000101101110101011101001110010010010010011011111100111000101100110 0.9537000060081482
0000101101110110111110111111011010111011001000100101000001011101100 0.9531999826431274
0000110011110110111100110100010010011110110000010100000001000100110 0.9531000256538391
1000011110000010110011111101001110100000101101101101101111100100101 0.9527999758720398
0000100010101010000100000100010010001101001011111100011000001100110 0.9523000121116638
0000101101110101011000100011101111011101101000010111001110101100110 0.9505000114440918
0000110100001001100110011011000010001110011101001000000111110100110 0.9484000205993652
0000010100001001100110011111011011011001001011011100100111111100110 0.9480999708175659
0001101101101010000100000100010010000100101000010111101110000100110 0.9478999972343445
1000101010001100110011111101001110100000101101101001101111100100101 0.9462000131607056
0000001100010000000010110010100100100000000101101110111111110100110 0.945900022983551
1101110101000101011000100001101111011001001001101101001011011010111 0.9453999996185303
1001110100001011001001011001110110000100011001010000010011110101110 0.9434999823570251
0000101100110101011000100010010010111011101101110110010100010101100 0.9430999755859375
1100100101001010001101110011001101101010101101100110101010111100100 0.942300021648407
0000101101101010000100000101111000111111000001100111000111000100110 0.9415000081062317
1000110001100011010101011101110011011001000001100111101001111101110 0.9401999711990356
0000110010101010100100000100010010001101101000010111101110000100110 0.9399999976158142
0000001100010000000111101000110100100000111101110110111111011101100 0.9391000270843506
0001111101010010100101010000010101101110101110100110101010111111101 0.9387000203132629
0000001100010000000010110010100100100000000101111110111111010101100 0.9386000037193298
1101001010000010110100001000000101101101100101101101101110011011101 0.9383999705314636
0000010100001001100110011011000010000000001101001000111111101100110 0.9359999895095825
0000101101101101001000100010101111011101001000010100011000100100110 0.9359999895095825
0000001100010000000010110111011011011001001011111100011001010101100 0.9358999729156494
1101110101000101011101001101100100100000000101101110111111010101100 0.9358000159263611
0000101101101010000100000100010010000000101000010110001110100100111 0.9351000189781189
0000100010101010000100000100010010001101101000010111001110001100110 0.9350000023841858
0000101101101010000100000100010010000100011000101101101011011011101 0.9348000288009644
0000010100001001100110011011000010000110011101001000000111101100111 0.9327999949455261
0010010100001010000100000100010010001101101000010111011001101100110 0.9314000010490417
0000101101101010010001100100011011001000101101000110100111010100110 0.9312000274658203
Generation 8
0000101101101101001000100010101111011101001001010100011100100100110 0.9689000248908997
0000101101101101001000100010101111011101001001010100011100100100110 0.9689000248908997
0000101101101010000100000100010010000100101001101001001111000100101 0.9645000100135803
0000101100101010100100000100010010001101101101001111001110111101110 0.9642999768257141
0000101101110110111110111111101111111101001011111100011011111100100 0.9635999798774719
0000101101110101011000100010101111011101001011111100011010101100110 0.9634000062942505
0000101101110110111110111111010010111011101101110110010100111101100 0.963100016117096
0000101101110110111101011101000010011101101101110111101100000101100 0.963100016117096
0000101101110110110100000100011011000000101011011100011000000100110 0.9628999829292297
0000101101110110111110111111101111111101001011111100011110000100100 0.9621999859809875
0000101101101010000100000100011011000000101011011100011000000100110 0.9621000289916992
0000101100110101011000100010101111111101001011111100011011010100100 0.9613999724388123
0000101101101010000100000100011011000000101011011100010111011100110 0.9606999754905701
0000101101101010000100000100010010000100101001101001101000100100101 0.9602000117301941
0000010100001001100110011011000010000110011101001111000111100101110 0.9598000049591064
0000101101101101100110011010101111011101001000011110011000110100110 0.958899974822998
1100100101001010001101110011001101101010101101100110101010111101100 0.9581999778747559
0000101101101010000100000100010010000100101000010111001111000100110 0.9567999839782715
0100111101101011111100110100010010001111110101100110101010110101101 0.9559000134468079
0000101100110101011000100010101111111101101000010101101010000100110 0.9553999900817871
0000101101110110111000100010101111011101001011111100011000101100100 0.9546999931335449
1100100101001010001101110011001101101010101101100100010011110101100 0.9544000029563904
0000101101110110111100110100010010011110110101001100000001111101110 0.9538999795913696
0000101101001010000100000100011011000110011101001000011000100100110 0.9537000060081482
0000101101110101011101001110010010010010011011111100111000101100110 0.9537000060081482
0000101101110110111110111111011010111011001000100101000001011101100 0.9531999826431274
0000110011110110111100110100010010011110110000010100000001000100110 0.9531000256538391
1000011110000010110011111101001110100000101101101101101111100100101 0.9527999758720398
0000100010101010000100000100010010001101001011111100011000001100110 0.9523000121116638
0000101101101010000100000100010010001101001011111100011000001100100 0.9506999850273132
0000101101110101011000100011101111011101101000010111001110101100110 0.9505000114440918
0000001100010000000010000100010010000000000101101111011001101100110 0.9491999745368958
0000110100001001100110011011000010001110011101001000000111110100110 0.9484000205993652
0000010100001001100110011111011011011001001011011100100111111100110 0.9480999708175659
0001101101101010000100000100010010000100101000010111101110000100110 0.9478999972343445
0000101101101010000100000100011011000001101011011110010100010101101 0.9476000070571899
1000101010001100110011111101001110100000101101101001101111100100101 0.9462000131607056
0000001100010000000010110010100100100000000101101110111111110100110 0.945900022983551
1101110101000101011000100001101111011001001001101101001011011010111 0.9453999996185303
0001111101010010100101010000010101101110101110100110101010011101100 0.9449999928474426
1001110100001011001001011001110110000100011001010000010011110101110 0.9434999823570251
0000101100110101011000100010010010111011101101110110010100010101100 0.9430999755859375
1100100101001010001101110011001101101010101101100110101010111100100 0.942300021648407
0001101111101010000100000100010010000100001011111100011111010100101 0.9420999884605408
0000101101101010000100000101111000111111000001100111000111000100110 0.9415000081062317
1000110001100011010101011101110011011001000001100111101001111101110 0.9401999711990356
0000110010101010100100000100010010001101101000010111101110000100110 0.9399999976158142
0000001100010000000111101000110100100000111101110110111111011101100 0.9391000270843506
0001111101010010100101010000010101101110101110100110101010111111101 0.9387000203132629
0000001100010000000010110010100100100000000101111110111111010101100 0.9386000037193298
1101110110101010100100000100010010001101101000010111111111000100100 0.9384999871253967
Generation 9
0000101101101101001000100010101111011101001001010100011100100100110 0.9689000248908997
0000101101101101001000100010101111011101001001010100011100100100110 0.9689000248908997
0000101101101011001001011011111010000100011001011000010100010101101 0.9668999910354614
0000101101101010000100000100010100100000000101011110111101010100110 0.9661999940872192
0000101101101010000100000100010010000100101001101001001111000100101 0.9645000100135803
0000101100101010100100000100010010001101101101001111001110111101110 0.9642999768257141
0000101101110110111110111111101111111101001011111100011011111100100 0.9635999798774719
0000101101110101011000100010101111011101001011111100011010101100110 0.9634000062942505
0000101101110110111110111111010010111011101101110110010100111101100 0.963100016117096
0000101101110110111101011101000010011101101101110111101100000101100 0.963100016117096
0000101101110110110100000100011011000000101011011100011000000100110 0.9628999829292297
0000101101110110111110111111101111111101001011111100011110000100100 0.9621999859809875
0000101101110101011000000100010010000100001011111100011111001100101 0.9621999859809875
0000101101101010000100000100011011000000101011011100011000000100110 0.9621000289916992
1101110110101010100100000100010010001101101000010111111110000100110 0.961899995803833
0000101100110101011000100010101111111101001011111100011011010100100 0.9613999724388123
0000101101101010000100000100011011000000101011011100010111011100110 0.9606999754905701
0000101101101010000100000100010010000100101001101001101000100100101 0.9602000117301941
0000010100001001100110011011000010000110011101001111000111100101110 0.9598000049591064
0000101101101101100110011010101111011101001000011110011000110100110 0.958899974822998
1100100101001010001101110011001101101010101101100110101010111101100 0.9581999778747559
0000101101101010000100000100010010000100101000010111001111000100110 0.9567999839782715
0100111101101011111100110100010010001111110101100110101010110101101 0.9559000134468079
0000101100110101011000100010101111111101101000010101101010000100110 0.9553999900817871
0000101100110101011000100010111111111101001011111110011011010100100 0.955299973487854
0000101101110110111100110100010010011110110101001100011000010100110 0.954800009727478
0000101101110110111000100010101111011101001011111100011000101100100 0.9546999931335449
0000101101101010000100010100011011000001101011001110010101110100101 0.9545999765396118
1100100101001010001101110011001101101010101101100100010011110101100 0.9544000029563904
0000101101110110111100110100010010011110110101001100000001111101110 0.9538999795913696
0000101101001010000100000100011011000110011101001000011000100100110 0.9537000060081482
0000101101110101011101001110010010010010011011111100111000101100110 0.9537000060081482
0000101101110110111110111111011010111011001000100101000001011101100 0.9531999826431274
0000110011110110111100110100010010011110110000010100000001000100110 0.9531000256538391
0000101101110110111000100010101111011101001000011110011000110100110 0.953000009059906
1000011110000010110011111101001110100000101101101101101111100100101 0.9527999758720398
0000100010101010000100000100010010001101001011111100011000001100110 0.9523000121116638
1000110001100011010101011101110010000000000001100111101001111101110 0.9519000053405762
0000101101101010000100000100010010001101001011111100011000001100100 0.9506999850273132
0000101101110101011000100011101111011101101000010111001110101100110 0.9505000114440918
0000101101101101100110011010101111011101001011111100011000101100100 0.9496999979019165
0000001100010000000010000100010010000000000101101111011001101100110 0.9491999745368958
0001101101101010000100000100010011011101001000010111101100110100110 0.9488000273704529
0000110100001001100110011011000010001110011101001000000111110100110 0.9484000205993652
1000011110000010110011111101001110000100011001010000000011110100101 0.948199987411499
0000010100001001100110011111011011011001001011011100100111111100110 0.9480999708175659
0000101101101010000100000100011011000001101011011110010100010101101 0.9476000070571899
1001110100001011001001011001110110000100011001010100000011000100110 0.9473999738693237
1000101010001100110011111101001110100000101101101001101111100100101 0.9462000131607056
0000001100010000000010110010100100100000000101101110111111110100110 0.945900022983551
0000101101110110111110111011000010001110011101000101000111111100110 0.9456999897956848
Generation 10
0000101101101101001000100010101111011101001001010100011100100100110 0.9689000248908997
0000101101101101001000100010101111011101001001010100011100100100110 0.9689000248908997
0000101101101011001001011011111010000100011001011000010100010101101 0.9668999910354614
0000101101101010000100000100010100100000000101011110111101010100110 0.9661999940872192
0000101101110110111100110000010010011110110101001100111000010100110 0.9648000001907349
0100101101110110111100110100010010011110101101001110011000010100110 0.9646999835968018
0000101101101010000100000100010010000100101001101001001111000100101 0.9645000100135803
0000101100101010100100000100010010001101101101001111001110111101110 0.9642999768257141
0000101101110110111110111111101111111101001011111100011011111100100 0.9635999798774719
0000101101110101011000100010101111011101001011111100011010101100110 0.9634000062942505
0000101101110110111110111111010010111011101101110110010100111101100 0.963100016117096
0000101101110110111101011101000010011101101101110111101100000101100 0.963100016117096
0000101101110110110100000100011011000000101011011100011000000100110 0.9628999829292297
0000101101100101011001111101001110100000101101101101011010101100100 0.9623000025749207
0000101101110110111110111111101111111101001011111100011110000100100 0.9621999859809875
0000101101110101011000000100010010000100001011111100011111001100101 0.9621999859809875
0000101101110110111111111111101111111101001011111100011011110100100 0.9621999859809875
0000101101101010000100000100011011000000101011011100011000000100110 0.9621000289916992
1101110110101010100100000100010010001101101000010111111110000100110 0.961899995803833
0000101100110101011000100010101111111101001011111100011011010100100 0.9613999724388123
0000101101101010000100000100011011000000101011011100010111011100110 0.9606999754905701
1100100101001010001101110011001101101010101111000100010011110100101 0.9603999853134155
0000101101101010000100000100010010000100101001101001101000100100101 0.9602000117301941
0000010100001001100110011011000010000110011101001111000111100101110 0.9598000049591064
0000101101101101100110011010101111011101001000011110011000110100110 0.958899974822998
0000101100110101011001011101110010001001000001111110011011110101100 0.9584000110626221
1100100101001010001101110011001101101010101101100110101010111101100 0.9581999778747559
0100101101110101011101001110010010010010011011111100011000101100110 0.9574000239372253
1100100101110101011000000100010101101010101101111010111010111100101 0.9573000073432922
0000101101101010000100000100010010000100101000010111001111000100110 0.9567999839782715
0000101100110101011000100010101111011101001000010100011010101100110 0.9567999839782715
0100111101101011111100110100010010001111110101100110101010110101101 0.9559000134468079
0000101100110101011000100010101111111101101000010101101010000100110 0.9553999900817871
0000101100110101011000100010111111111101001011111110011011010100100 0.955299973487854
0000101101110110111100110100010010011110110101001100011000010100110 0.954800009727478
0000101101101010000100010100011011000001101011001110010101110100101 0.9545999765396118
1100100101001010001101110011001101101010101101100100010011110101100 0.9544000029563904
0000101101110110111100110100010010011110110101001100000001111101110 0.9538999795913696
0000101101001010000100000100011011000110011101001000011000100100110 0.9537000060081482
0000101101110101011101001110010010010010011011111100111000101100110 0.9537000060081482
0000101101110110111110111111011010111011001000100101000001011101100 0.9531999826431274
0000110011110110111100110100010010011110110000010100000001000100110 0.9531000256538391
0000101101110110111000100010101111011101001000011110011000110100110 0.953000009059906
1000011110000010110011111101001110100000101101101101101111100100101 0.9527999758720398
0000100010101010000100000100010010001101001011111100011000001100110 0.9523000121116638
1000110001100011010101011101110010000000000001100111101001111101110 0.9519000053405762
0000101101101010000100000100010010001101001011111100011000001100100 0.9506999850273132
0000101101110101011000100011101111011101101000010111001110101100110 0.9505000114440918
0000101101101101100110011010101111011101001011111100011000101100100 0.9496999979019165
0000001100010000000010000100010010000000000101101111011001101100110 0.9491999745368958
0001101101101010000100000100010011011101001000010111101100110100110 0.9488000273704529
[0.9581999778747559, 0.9581999778747559, 0.963100016117096, 0.9645000100135803, 0.9645000100135803, 0.9645000100135803, 0.9689000248908997, 0.9689000248908997, 0.9689000248908997, 0.9689000248908997]
[0, 0, 0, 0, 1, 0, 1, 1, 0, 1, 1, 0, 1, 1, 0, 1, 0, 0, 1, 0, 0, 0, 1, 0, 0, 0, 1, 0, 1, 0, 1, 1, 1, 1, 0, 1, 1, 1, 0, 1, 0, 0, 1, 0, 0, 1, 0, 1, 0, 1, 0, 0, 0, 1, 1, 1, 0, 0, 1, 0, 0, 1, 0, 0, 1, 1, 0] 0.9689000248908997 0.6201679194570693