Generation 1
0100000001011111000110000110001010000011011100000100010111001000100 0.15080000460147858
0100100011011110111110010001000011010010000000110000101111011110001 0.06480000168085098
1001101011000110010110000110010110111011000100110010110110001010110 0.4296000003814697
1001010111000000010000001011111010010101011110001100001101001100000 0.2492000013589859
0100101110011011110000011011001001111100010011100011110111010011101 0.8597999811172485
0101011100000001111101111101011111011101111111000101000011001001001 0.09640000015497208
1100110100010001010011001110001100111110001010011100000101001010011 0.8040000200271606
0000110001100101010001000111110111110110101000000110110000110001010 0.15279999375343323
1001011000110101100100010110000010100001110100000001001100101011000 0.07819999754428864
1000011111010011110000101100101110111001110101010100011100100011010 0.07360000163316727
1100110000011000001010010101011101101100000011101000001001100011000 0.17970000207424164
1100010001110011111110111011000111111100101100000100101110100100011 0.26109999418258667
1100001101000100011110100011011011011010011111000011011111110111010 0.8217999935150146
1100101110100111000100100000100000111110011010010010001110101101010 0.9308000206947327
1100110111111000011101011101000110010000010000010100011010100001110 0.8349999785423279
1101100101000100100111011110101011100000100111000000000110011110111 0.16590000689029694
1000100000111111101011000100001010101110100011000001111110110101001 0.23849999904632568
0100011110011011010011110111100011100110111000010001000111001010001 0.02710000053048134
0101110111000001110111001010110010111011101110010110001001110001000 0.10419999808073044
1000000101110100000101011100011010011001111111110001110000110101010 0.2840999960899353
0001100100010000101001011101111011010010011001000011010010001001011 0.09459999948740005
1100100100010101001000001111100001010010111011000010101000010100101 0.7178000211715698
0101011000011000000010001110100111100001101110001100011011110100100 0.17720000445842743
1000011000001110001000011111100110101111000110010010011011010101110 0.35580000281333923
1100101011100011110011010001001011001001110011011111101001110111100 0.9441999793052673
1100000010010111110000000011011110111110010111011110010111011010000 0.09049999713897705
1110101000000000111000010010011000101011001111011110111001100100101 0.9221000075340271
1001110111100010100100001010100010110110111101101010101101110101101 0.9613000154495239
1110001101011000100000000100100000110010000101001100101010011001101 0.2590000033378601
1100011001101001010100011101010000111000100101110010111000011100001 0.5735999941825867
1100000011101101111100110010010001000011110111001101000100101010111 0.649399995803833
1100010100100110100110100110001010000011110111011001001000000011001 0.09279999881982803
1100100110001111011100110010001101111001111010110110111010101101000 0.8158000111579895
0101110001001011001110101000111000000101010111001100111000110011111 0.8181999921798706
0000011011100011010110010011010100011000100101100000000111111000011 0.24130000174045563
0000111111110011001101010110111110001011110000101101011011011110001 0.09629999846220016
1100101010110010110101111101010100100011000100000000111111010110000 0.11349999904632568
1000110110100000000001111111000001101011001001100111100111011110110 0.41290000081062317
1100101011110101110000101010001111100010011001111001000011100010001 0.11069999635219574
1000111010001101101101101110001111000000000100010010111010111110001 0.0917000025510788
1000001000011000010010110000110010010000011010010001000011100010000 0.07649999856948853
1100111101000100101010011101001101100111001010010011010100010000010 0.10970000177621841
0100100101111011100100010100111000011100011001010000101011111100111 0.8313999772071838
1000100010000100000111010101000111110011101110110101010010110111000 0.5291000008583069
0100011010000000000100100100001110101111001111001101011010000001110 0.7512000203132629
0000000010011001110101110111110000110111110010100111000110011000000 0.08630000054836273
0100101001100100011010000110101100011110111001011010001011000010010 0.0885000005364418
1000111010000110000100001111101101101010111000001100111111100111000 0.11599999666213989
0101110001000101101101101111111101000010101011000000000000000110111 0.2483000010251999
1100110011100111110001101101111001100111111001110000011011101100000 0.64410001039505
[0.9613000154495239]
[1, 0, 0, 1, 1, 1, 0, 1, 1, 1, 1, 0, 0, 0, 1, 0, 1, 0, 0, 1, 0, 0, 0, 0, 1, 0, 1, 0, 1, 0, 0, 0, 1, 0, 1, 1, 0, 1, 1, 0, 1, 1, 1, 1, 0, 1, 1, 0, 1, 0, 1, 0, 1, 0, 1, 1, 0, 1, 1, 1, 0, 1, 0, 1, 1, 0, 1] 0.9613000154495239 0.9442974301422534
Generation 2
1001110111100010100100001010100010110110111101101010101101110101101 0.9613000154495239
1001110111100010100100001010100010110110111101101010101101110101101 0.9613000154495239
1100101011100011110010011101010000101001110011011111101001111111100 0.9470999836921692
1100101011100011110011010001001011001001110011011111101001110111100 0.9441999793052673
1100101110100111000100100000100000111110011010010010001110101101010 0.9308000206947327
1110101000000000111000010010011000101011001111011110111001100100101 0.9221000075340271
0100101110011011110000011011001001111100010011100011110111010011101 0.8597999811172485
0001100100010000101001011101111011010010011001011111100001110111110 0.8569999933242798
1100001100000000011110100011011011011010011111000011011111111101010 0.838100016117096
1100110111111000011101011101000110010000010000010100011010100001110 0.8349999785423279
1100010001110011111111010001001011001001110011011111101011110101100 0.8325999975204468
0100100101111011100100010100111000011100011001010000101011111100111 0.8313999772071838
1100001101000100011110100011011011011010011111000011011111110111010 0.8217999935150146
0101110001001011001110101000111000000101010111001100111000110011111 0.8181999921798706
1100100110001111011100110010001101111001111010110110111010101101000 0.8158000111579895
1100011001101001111100110010011001111000110111001101000100101010111 0.8087999820709229
1100110100010001010011001110001100111110001010011100000101001010011 0.8040000200271606
1000111010000110000100001110011000101011001111011110111011101101101 0.788100004196167
1110001101011000100000000100100000110010000101001010101010010101101 0.7821999788284302
1100100110001111011100110010001101111001111010110110111000101001010 0.7721999883651733
1100010001110011111110111011000111111110011010010010001110100101010 0.765999972820282
0100011010000000000100100100001110101111001111001101011010000001110 0.7512000203132629
1101001011001101010100011100010000000011100101110010111000011100001 0.739799976348877
1100110000011000001010010101011110110110111101101010101101110001101 0.7361999750137329
1100100100010101001000001111100001010010111011000010101000010100101 0.7178000211715698
1100101110100111010100100010100000111100101100000100101110101100011 0.7052000164985657
1000011111010011110000101100101110111001111101010100011010101111010 0.6976000070571899
1001010111000001010100011101011010011000100101110010111000011100001 0.6884999871253967
1101100101000100100100010110101011100000100111000000000110001011101 0.6832000017166138
1100000011101101111100110010010001000011110111001101000100101010111 0.649399995803833
1100110011100111110001101101111001100111111001110000011011101100000 0.64410001039505
1100101110100111000100100000101001111100011011100010011110101101000 0.5932999849319458
0100101110011011110001011011000000111110010010010011110111000011101 0.5756000280380249
1100011001101001010100011101010000111000100101110010111000011100001 0.5735999941825867
0000110001100101010001000111110101010111110100000110000100101010111 0.5394999980926514
1000100010000100000111010101000111110011101110110101010010110111000 0.5291000008583069
0101110001000101101101101111111101000010101011100000000000001100011 0.5084999799728394
1100100110001111011100100010001101111001110010110110011100100001000 0.5062999725341797
0100100110100111000100010100111000111100011001010010001110101101010 0.46950000524520874
1100011001101000010000001011110000110101011110001101001101001100000 0.4406000077724457
1001101011000110010110000110010110111011000100110010110110001010110 0.4296000003814697
1000110110100000000001111111000001101011001001100111100111011110110 0.41290000081062317
1000011000001110001000011111100110101111000110010010011011010101110 0.35580000281333923
1100111110001000100000000100100000111110011010010010101010011001101 0.2973000109195709
1000000101110100000101011100011010011001111111110001110000110101010 0.2840999960899353
1100010001110011111110111011000111111100101100000100101110100100011 0.26109999418258667
1110001101011000100000000100100000110010000101001100101010011001101 0.2590000033378601
1001010111000000010000001011111010010101011110001100001101001100000 0.2492000013589859
0101110001000101101101101111111101000010101011000000000000000110111 0.2483000010251999
0000011011100011010110010011010100011000100101100000000111111000011 0.24130000174045563
1000100000111111101011000100001010101110100011000001111110110101001 0.23849999904632568
Generation 3
1001110111100010100100001010100010110110111101101010101101110101101 0.9613000154495239
1001110111100010100100001010100010110110111101101010101101110101101 0.9613000154495239
1100101011100011110011010001010000000011110001110010111000010100101 0.960099995136261
1100110111111000011101011101000110010000010000000100011010100101110 0.954200029373169
1110101000000100111000010100100000110010100111011110111011100100101 0.9495999813079834
1100101011100011110010011101010000101001110011011111101001111111100 0.9470999836921692
1100101011100011110011010001001011001001110011011111101001110111100 0.9441999793052673
1100101011100011110010011101010000101001110111011111101001111100100 0.9372000098228455
1100110000011000001010010101011110110110111101101010101101110101101 0.9350000023841858
1100101110100111000100100000101001111100011011100110011110101100011 0.9333000183105469
1100101110100111000100100000100000111110011010010010001110101101010 0.9308000206947327
1110101000000000111000010010011000101011001111011110111001100100101 0.9221000075340271
1001010111000001010100011101010000101001110011011110111001111111100 0.9193999767303467
1100110011100111110001101101111001110010011001011110100001110111110 0.9128999710083008
1000100010000100000111010101000111110011100101110011010010011101001 0.8978000283241272
1100101011100011110010011100101111111000111011011111101010101111100 0.8935999870300293
1100110011100001100001101101101001100111111001110000011010101001110 0.8841000199317932
0001100100100111000001011101100000111110011001011111100110101111110 0.8780999779701233
1110101000000000111000010010011000101011001111011110111001100111101 0.8730000257492065
1100001101000100011110100011011011011010011111010100011111111111010 0.8716999888420105
0001100100010000101001011101110011010010001000011011100001110111101 0.8641999959945679
0100101110011011110000011011001001111100010011100011110111010011101 0.8597999811172485
0100100110011011110001011001001000111111010011010011110111000011110 0.8579000234603882
0001100100010000101001011101111011010010011001011111100001110111110 0.8569999933242798
1100100110001111011110100001011011011010011010110110111010111101010 0.8528000116348267
1100001100000000011100110010001101111001111111000011011111101101010 0.8450000286102295
1100001100000000011110100011011011011010011111000011011111111101010 0.838100016117096
1100110111111000011101011101000110010000010000010100011010100001110 0.8349999785423279
1100010001110011111111010001001011001001110011011111101011110101100 0.8325999975204468
0100100101111011100100010100111000011100011001010000101011111100111 0.8313999772071838
1100001101000100011110100011011011011010011111000011011111110111010 0.8217999935150146
0101110001001011001110101000111000000101010111001100111000110011111 0.8181999921798706
1100100110001111011100110010001101111001111010110110111010101101000 0.8158000111579895
1100011001101001111100110010011001111000110111001101000100101010111 0.8087999820709229
1100110100010001010011001110001100111110001010011100000101001010011 0.8040000200271606
1101110101000100100100010110101011101000100111011000000110111111101 0.7968999743461609
1100110000011000001100110010001101110001111101101010111001110001110 0.7930999994277954
0001010111000001010100011101010000111000100101110010111000011100001 0.7915999889373779
1000111010000110000100001110011000101011001111011110111011101101101 0.788100004196167
1110001101011000100000000100100000110010000101001010101010010101101 0.7821999788284302
1100100110001111011100110010001101111001111010110110111000101001010 0.7721999883651733
1110001101011000100000010100010000101001110011011110101001111111101 0.7688999772071838
1100010001110011111110111011000111111110011010010010001110100101010 0.765999972820282
1100101110010000101100100000111011010010011010010010001001110101000 0.7590000033378601
0100011010000000000100100100001110101111001111001101011010000001110 0.7512000203132629
0101110001001011001110101000111000000111010111001100011011010001111 0.7486000061035156
1101001011001101010100011100010000000011100101110010111000011100001 0.739799976348877
0001100100010000101001011101110000010101011010001101000001111100110 0.7342000007629395
1100101011100011110010011101011010011000100101110011101000011100001 0.7199000120162964
1100100100010101001000001111100001010010111011000010101000010100101 0.7178000211715698
1100101110100111010100100010100000111100101100000100101110101100011 0.7052000164985657
Generation 4
1001110111100010100100001010100010110110111101101010101101110101101 0.9613000154495239
1110101100000010101001010100100001010010001111011110111011100100101 0.9659000039100647
1100110111100010100100001010100010100110111101101010101111110100101 0.9621999859809875
1001110111100010100100001010100010110110111101101010101101110101101 0.9613000154495239
1100101011100011110011010001010000000011110001110010111000010100101 0.960099995136261
1100101110001011001110100001101001111100011011001100111000110011111 0.9573000073432922
1100101011100011110011010001001011001001110011011111111000110100101 0.957099974155426
1100101011100011110010011101010000101011111101101000101101110101101 0.9550999999046326
1100110111111000011101011101000110010000010000000100011010100101110 0.954200029373169
1110101000000100111000010100100000110010100111011110111011100100101 0.9495999813079834
1100101011100011110011010001010000000011110001110010111000000000111 0.9492999911308289
1100101011100011110010011101010000101001110011011111101001111111100 0.9470999836921692
1100010011100001100001101101101001110111111001111011101001101101100 0.9447000026702881
1110101000000100111000010100100000110010100111011110111011111100100 0.9445000290870667
1100101011100011110011010001001011001001110011011111101001110111100 0.9441999793052673
1001110111100010100100001010100010110110110011011111101001111111100 0.939300000667572
1100101011100011110010011101010000101001110111011111101001111100100 0.9372000098228455
1100101011100011110010011101010000101001110011011111101001010111100 0.9372000098228455
1100110000011000001010010101011110110110111101101010101101110101101 0.9350000023841858
1100101110100111000100100000101001111100011011100110011110101100011 0.9333000183105469
1100101110011011110000011011001001111100010011100011110111111011101 0.9311000108718872
1100101110100111000100100000100000111110011010010010001110101101010 0.9308000206947327
1110101000000000111000010010011000101011001111011110111100100100101 0.9297999739646912
1000100010000100000111010101000111110011100101110011110010001101101 0.9296000003814697
1110101000000000111000010010011000101011001111011110111001100100101 0.9221000075340271
1101110001000100100110010110101000111110010001011111100110101111100 0.9212999939918518
1001010111000001010100011101010000101001110011011110111001111111100 0.9193999767303467
0100110011100001100001101101101001100111111001110000011011100101110 0.9171000123023987
1100110011100111110001101101111001110010011001011110100001110111110 0.9128999710083008
1100101011100010100000010100010000101001110011011110111000011100100 0.911300003528595
0100100101111011101100010100111000101011001111011110111001101100101 0.9101999998092651
1000100010000100000111010101000111110011100101110011010010011101001 0.8978000283241272
1100101011100011110010011100101111111000111011011111101010101111100 0.8935999870300293
1100111000000000111000010010011000101011001111011110111011101001111 0.8884999752044678
1100110011100001100001101101101001100111111001110000011010101001110 0.8841000199317932
0001100100100111000001011101100000111101110001011111101001110111100 0.8840000033378601
1100101011100011110011010001001011001010011011011111100110101111110 0.8774999976158142
1110101000000000111000010010011000101011001111011110111001100111101 0.8730000257492065
1100001101000100011110100011011011011010011111010100011111111111010 0.8716999888420105
1000111010000110000100001110011000101011001111011110011010111101001 0.8644999861717224
0001100100010000101001011101110011010010001000011011100001110111101 0.8641999959945679
0100101110011011110000011011001001111100010011100011110111010011101 0.8597999811172485
0100100110011011110001011001001000111111010011010011110111000011110 0.8579000234603882
0001100100010000101001011101111011010010011001011111100001110111110 0.8569999933242798
1100100110001111011110100001011011011010011010110110111010111101010 0.8528000116348267
0100100110011011110001011001001000111111010001010011111001110011110 0.8485999703407288
1100001100000000011100110010001101111001111111000011011111101101010 0.8450000286102295
1100001100000000011110100011011011011010011111000011011111111101010 0.838100016117096
1100110110000100000111010101000110010011100101110011010010100101110 0.8360999822616577
1100110111111000011101011101000110010000010000010100011010100001110 0.8349999785423279
1100010001110011111111010001001011001001110011011111101011110101100 0.8325999975204468
Generation 5
1110101100000010101001010100100001010010001111011110111011100100101 0.9659000039100647
1101110001000011110010011101010000101001110011011111101001111111100 0.9681000113487244
1110101100000010101001010100100001010010001111011110111011100100101 0.9659000039100647
1100101110011011110000001011001001111100010011011011110111100111101 0.9625999927520752
1100110111100010100100001010100010100110111101101010101111110100101 0.9621999859809875
1001110111100010100100001010100010110110111101101010101101110101101 0.9613000154495239
1100101011100011110011010001010000000011110001110010111000010100101 0.960099995136261
1100100111100010100100001010100010110110111101101000101101111101101 0.9577000141143799
1100101110001011001110100001101001111100011011001100111000110011111 0.9573000073432922
1100101011100011110011010001001011001001110011011111111000110100101 0.957099974155426
1100101011100010111100010011010000001011001001110110111001110100101 0.9567000269889832
1100101011100011110010011101010000101011111101101000101101110101101 0.9550999999046326
1100110111111000011101011101000110010000010000000100011010100101110 0.954200029373169
1100101011100011110011010001010000000011110001111111101000010100100 0.9531999826431274
1110101000000100111000010100100000110010100111011110111011100100101 0.9495999813079834
1100101011100011110011010001010000000011110001110010111000000000111 0.9492999911308289
1100101011100011110011010001011011010010011001011111100001111111110 0.9491999745368958
1100010011100001100001100110101001110111111001111111100110101111100 0.9480999708175659
1100110111100010100100001010100010100110111111101010101001110101101 0.9473000168800354
1100101011100011110010011101010000101001110011011111101001111111100 0.9470999836921692
1100110111100110100100001010100010000110010001101010101110101111100 0.9449999928474426
1100010011100001100001101101101001110111111001111011101001101101100 0.9447000026702881
1110101000000100111000010100100000111010100111011110111011011101100 0.944599986076355
1110101000000100111000010100100000110010100111011110111011111100100 0.9445000290870667
1100101011100011110011010001001011001001110011011111101001110111100 0.9441999793052673
1001110111100010100100001010100010110110110011011111101001111111100 0.939300000667572
1000100010000100000111010101000111110001100101110011011010110101101 0.9383000135421753
1100101011100011110010011101010000101001110111011111101001111100100 0.9372000098228455
1100101011100011110010011101010000101001110011011111101001010111100 0.9372000098228455
1100110000011000001010010101011110110110111101101010101101110101101 0.9350000023841858
1100101110100111000100100000101001111100011011100110011110101100011 0.9333000183105469
1100101110011011110000011011001001111100010011100011110111111011101 0.9311000108718872
1100101110100111000100100000100000111110011010010010001110101101010 0.9308000206947327
1110101000000000111000010010011000101011001111011110111100100100101 0.9297999739646912
1000100010000100000111010101000111110011100101110011110010001101101 0.9296000003814697
1110101000000000111000010010011000101011001111011110111001100100101 0.9221000075340271
1101110001000100100110010110101000111110010001011111100110101111100 0.9212999939918518
1100101011100011110100011101000110011001110011011111101001111101010 0.9204000234603882
1001010111000001010100011101010000101001110011011110111001111111100 0.9193999767303467
0100110011100001100001101101101001100111111001110000011011100101110 0.9171000123023987
1101110001000100100010011101101000011110010001011111101001101101100 0.9136000275611877
1100110011100111110001101101111001110010011001011110100001110111110 0.9128999710083008
0100100110011011110001011001000000111101110001010011101001110111100 0.9124000072479248
1100101011100010100000010100010000101001110011011110111000011100100 0.911300003528595
1101110001000100100110010110101000111110111101011111100111110100101 0.9108999967575073
0100100101111011101100010100111000101011001111011110111001101100101 0.9101999998092651
1001111111100010100100000011011011011010011111010100011101111111110 0.9074000120162964
1110101000000100111000010100100000010010100111100110111011111000101 0.8998000025749207
1100101011100100100110010110001000111111010001011111100110101111101 0.8960999846458435
1100101011100011110010011100101111111000111011011111101010101111100 0.8935999870300293
1100101000000100111000010100100001101100011011100110011110100100101 0.8932999968528748
Generation 6
1101110001000011110010011101010000101001110011011111101001111111100 0.9681000113487244
1100110111100010100100011010100010100110111101101010101101110100101 0.9696999788284302
1100101110011011110000011011001001111110111101101000101101111101101 0.9696000218391418
1101110001000011110010011101010000101001110011011111101001111111100 0.9681000113487244
1001110111100010100100001010100010110110111101101010110101110101101 0.967199981212616
1110101100000010101001010100100001010010001111011110111011100100101 0.9659000039100647
1100100110011100100010011001000000111101010001011111101001111111100 0.9632999897003174
1100101110011011110000001011001001111100010011011011110111100111101 0.9625999927520752
1100101011100011110011010001010000000011110001110010111000010100101 0.960099995136261
1001110111100010100100001010100010110110111101101010101001110100101 0.9598000049591064
1100100111100010100100001010100010110110111101101000101101111101101 0.9577000141143799
1100110111100010100100001010100000000011110001111111101000010100101 0.9575999975204468
1100101110001011001110100001101001111100011011001100111000110011111 0.9573000073432922
1100101011100011110011010001001011001001110011011111111000110100101 0.957099974155426
1100101011100010111100010011010000001011001001110110111001110100101 0.9567000269889832
1101110001000110100100001010100010100110111111101111100111110100100 0.9559000134468079
1100101011100011110010011101010000101011111101101000101101110101101 0.9550999999046326
1100110111111000011101011101000110010000010000000100011010100101110 0.954200029373169
1100110111100110100100001010100010000110010001101010101110001111100 0.9539999961853027
1100101011100011110011010001010000000011110001111111101000010100100 0.9531999826431274
0101110001010011110001011101101000011110110001010011101001100101100 0.9520999789237976
1101110001000010100100000011011011011110010101011111101001111111100 0.9520000219345093
1110101000000100111000010100100000110010100111011110111011100100101 0.9495999813079834
1100101011100011110011010001010000000011110001110010111000000000111 0.9492999911308289
1100101011100011110011010001011011010010011001011111100001111111110 0.9491999745368958
1100010011100001100001100110101001110111111001111111100110101111100 0.9480999708175659
1100101011100010111100010011001000001011001011011111101001100100101 0.9477999806404114
1100110111100010100100001010100010100110111111101010101001110101101 0.9473000168800354
1001110111100010100100001010100010110110110011011111101001111101101 0.9472000002861023
1100101011100011110010011101010000101001110011011111101001111111100 0.9470999836921692
1100111111100010100100000010100010100110111101101010101111110101110 0.9466999769210815
1100101011100011110011010001011110110111110011011010111000110100101 0.945900022983551
1100101110011011110000001011010001101100010001110110110111110111101 0.9452000260353088
1100010011100001100001101101101001110111111001111011101001101101100 0.9447000026702881
1110101000000100111000010100100000111010100111011110111011011101100 0.944599986076355
1110101000000100111000010100100000110010100111011110111011111100100 0.9445000290870667
1100101011100011110011010001001011001001110011011111101001110111100 0.9441999793052673
1001110111100010100100001010100010110110110011011111101001111111100 0.939300000667572
1000100010000100000111010101000111110001100101110011011010110101101 0.9383000135421753
1100101011100011110010011101010000101001110111011111101001111100100 0.9372000098228455
1100101011100011110010011101010000101001110011011111101001010111100 0.9372000098228455
1100101011100011110011010000001011001001110011011111111100110101101 0.9355000257492065
1100110000011000001010010101011110110110111101101010101101110101101 0.9350000023841858
1100101110100111000100100000101001111100011011100110011110101100011 0.9333000183105469
1100110000011000001010000101001011001001111101101111101101100101101 0.9316999912261963
1100101110011011110000011011001001111100010011100011110111111011101 0.9311000108718872
1100101110100111000100100000100000111110011010010010001110101101010 0.9308000206947327
1100101011100011110001010001001011101101110111011110111011011101101 0.9301000237464905
1110101000000000111000010010011000101011001111011110111100100100101 0.9297999739646912
1000100010000100000111010101000111110011100101110011110010001101101 0.9296000003814697
1100101011100010110011010001010010110110111111101010101001110101100 0.929099977016449
Generation 7
1100110111100010100100011010100010100110111101101010101101110100101 0.9696999788284302
1100110111100010100100011010100010100110111101101010101101110100101 0.9696999788284302
1100101110011011110000011011001001111110111101101000101101111101101 0.9696000218391418
1100111110011011110000001011001001111100010011011110111011100101100 0.9692999720573425
1000110111100010100100001010100010100110111101110011011010110101101 0.968999981880188
1100101110001011001110100001101001111110110001011101101001100101100 0.9688000082969666
1100100111100010100100001010100000000011110001111111101000010100101 0.968500018119812
1101110001000011110010011101010000101001110011011111101001111111100 0.9681000113487244
1001110111100010100100001010100010110110111101101010110101110101101 0.967199981212616
1110101100000010101001010100100001010010001111011110111011100100101 0.9659000039100647
1101110001000010100100000011000000110010100101011111111001111111100 0.9642000198364258
1100100110011100100010011001000000111101010001011111101001111111100 0.9632999897003174
1100101110011011110000001011001001111100010011011011110111100111101 0.9625999927520752
1101110001000110100100001010100111110011100101101111100111110100100 0.9625999927520752
1100101011100011110011010001100000111001010001011111111101111101101 0.9613000154495239
1100101011100011110011010001010000000011110001110010111000010100101 0.960099995136261
1100110111100010100100010011010010100110111111101010101001110100101 0.9599000215530396
1001110111100010100100001010100010110110111101101010101001110100101 0.9598000049591064
1100101011101011110011010000100010101001110011101111100111110100100 0.9578999876976013
1100100111100010100100001010100010110110111101101000101101111101101 0.9577000141143799
1100110111100010100100001010100000000011110001111111101000010100101 0.9575999975204468
1100101110001011001110100001101001111100011011001100111000110011111 0.9573000073432922
1100101011100011110011010001001011001001110011011111111000110100101 0.957099974155426
1101110001000110100100001011001011000110111111011111111000110100101 0.9567999839782715
1100101011100010111100010011010000001011001001110110111001110100101 0.9567000269889832
1101110001000110100100001010100010100110111111101111100111110100100 0.9559000134468079
1100101011100011110010011101010000101011111101101000101101110101101 0.9550999999046326
1100110111111000011101011101000110010000010000000100011010100101110 0.954200029373169
1100110111100110100100001010100010000110010001101010101110001111100 0.9539999961853027
1100101011100011110011010001010000000011110001111111101000010100100 0.9531999826431274
0101110001010011110001011101101000011110110001010011101001100101100 0.9520999789237976
1110101000000100111000010100100000110010100111011110111011100100101 0.9495999813079834
1100101110001011001110100001101001110110111111001100111000110111101 0.9495000243186951
1100101011100011110011010001010000000011110001110010111000000000111 0.9492999911308289
1100101011100011110011010001011011010010011001011111100001111111110 0.9491999745368958
1001110111100010100100001010100010111101010011100011110011111101101 0.9484999775886536
1100010011100001100001100110101001110111111001111111100110101111100 0.9480999708175659
1100101011100010111100010011001000001011001011011111101001100100101 0.9477999806404114
1110101100000010101001010100100001010111111001011111111011101101100 0.9477999806404114
1100110111100010100100001010100010100110111111101010101001110101101 0.9473000168800354
1001110111100010100100001010100010110110110011011111101001111101101 0.9472000002861023
1100101011100011110010011101010000101001110011011111101001111111100 0.9470999836921692
1100111111100010100100000010100010100110111101101010101111110101110 0.9466999769210815
1101110001000110100101001010101001111100010011011011100111100100100 0.946399986743927
1100101011100011110011010001011110110111110011011010111000110100101 0.945900022983551
1100101110011011110000001011010001101100010001110110110111110111101 0.9452000260353088
1100010011100001100001101101101001110111111001111011101001101101100 0.9447000026702881
1110101000000100111000010100100000111010100111011110111011011101100 0.944599986076355
1110101000000100111000010100100000110010100111011110111011111100100 0.9445000290870667
1100101011100011110011010001001011001001110011011111101001110111100 0.9441999793052673
1100101110100111000100100000101001111101010011111111101001111111100 0.9438999891281128
Generation 8
1100110111100010100100011010100010100110111101101010101101110100101 0.9696999788284302
1100101110011011010000011011000000110010100101101111111001111111100 0.9735999703407288
1100110111100010100100001010100010100110111111011110111011110100101 0.9717000126838684
1100101110011011110000011011001001111110111111011110111011100100101 0.9700000286102295
1100110111100010100100011010100010100110111101101010101101110100101 0.9696999788284302
1100110111100110100100001010100010000110010001101011101110011111100 0.9696999788284302
1100101110011011110000011011001001111110111101101000101101111101101 0.9696000218391418
1100111110011011110000001011001001111100010011011110111011100101100 0.9692999720573425
1000110111100010100100001010100010100110111101110011011010110101101 0.968999981880188
1100101110001011001110100001101001111110110001011101101001100101100 0.9688000082969666
1100100111100010100100001010100000000011110001111111101000010100101 0.968500018119812
1101110001000011110010011101010000101001110011011111101001111111100 0.9681000113487244
1100100111100011101001010100100001010011110001111111101000010101100 0.9678000211715698
1110110001000110100000001010100010010010001111101110100111110100100 0.9672999978065491
1001110111100010100100001010100010110110111101101010110101110101101 0.967199981212616
1110101100000010101001010100100001010010001111011110111011100100101 0.9659000039100647
1101101100000010101001010100100001100110111111001110111011100100101 0.9649999737739563
1110101110000011101001010100100001010111111001011111101011100100101 0.9646999835968018
1101110001000010100100000011000000110010100101011111111001111111100 0.9642000198364258
1110101100000010101001010100100001010011111001011111111011101100101 0.9642000198364258
1100100110011100100010011001000000111101010001011111101001111111100 0.9632999897003174
0101110001010011110001011101101000011110001111011110111011100100101 0.9632999897003174
1101110001000010100100001010010010110101100101101111100111010101100 0.9628999829292297
1100101110011011110000001011001001111100010011011011110111100111101 0.9625999927520752
1101110001000110100100001010100111110011100101101111100111110100100 0.9625999927520752
1100101110011010111000010100100000111010100111011110110111110101100 0.9624000191688538
1100101011100011110011010001100000111001010001011111111101111101101 0.9613000154495239
1100101011100010111100010011001100001011001011011111111001100100101 0.9611999988555908
1100101011100011110011010001010000000011110001110010111000010100101 0.960099995136261
1100110111100010100100010011010010100110111111101010101001110100101 0.9599000215530396
1001110111100010100100001010100010110110111101101010101001110100101 0.9598000049591064
1100101101100011110001010100100000000011110001110010111000010101101 0.9592999815940857
1100110101100010100100010011010110100110111111101010100111110100100 0.958899974822998
1110101100000010100100001010100000000111111001011111111011101100101 0.9585000276565552
1100101011101011110011010000100010101001110011101111100111110100100 0.9578999876976013
1100100111100010100100001010100010110110111101101000101101111101101 0.9577000141143799
1100110111100010100100001010100000000011110001111111101000010100101 0.9575999975204468
1100101110001011001110100001101001111100011011001100111000110011111 0.9573000073432922
1100101011100011110011010001001011001001110011011111111000110100101 0.957099974155426
1101110001000110100100001011001011000110111111011111111000110100101 0.9567999839782715
1100101011100010111100010011010000001011001001110110111001110100101 0.9567000269889832
1100101110011011110000001011000000111100010001110110110111111100101 0.9563000202178955
1101110001000110100100001010100010100110111111101111100111110100100 0.9559000134468079
1100101011101011110011011000110010101001110011101110111011110100101 0.9556999802589417
1110101100000010101001000100100001010010110001010011101001100101100 0.955299973487854
1100101011100011110010011101010000101011111101101000101101110101101 0.9550999999046326
1100110111111000011101011101000110010000010000000100011010100101110 0.954200029373169
1100110111100110100100001010100010000110010001101010101110001111100 0.9539999961853027
1101110011000110100000001000100111110011100101101111101001110100101 0.9538000226020813
1100101011100011110011010001010000000011110001111111101000010100100 0.9531999826431274
0101110001010011110001011101101000011110110001010011101001100101100 0.9520999789237976
Generation 9
1100101110011011010000011011000000110010100101101111111001111111100 0.9735999703407288
1100101110011011010000011011000000110010100101101111111001111111100 0.9735999703407288
1100110111100010100100001010100010100110111111011110111011110100101 0.9717000126838684
1101110001000011110010011101010000101001110011011111100111110100100 0.9703999757766724
1100101110011011110000011011001001111110111111011110111011100100101 0.9700000286102295
1100110111100010100100011010100010100110111101101010101101110100101 0.9696999788284302
1100110111100110100100001010100010000110010001101011101110011111100 0.9696999788284302
1100101110011011110000011011001001111110111101101000101101111101101 0.9696000218391418
1100111110011011110000001011001001111100010011011110111011111111100 0.9695000052452087
1100111110011011110000001011001001111100010011011110111011100101100 0.9692999720573425
1000110111100010100100001010100010100110111101110011011010110101101 0.968999981880188
1100101110001011001110100001101001111110110001011101101001100101100 0.9688000082969666
1100100111100010100100001010100000000011110001111111101000010100101 0.968500018119812
1101101100000010101001010100100001010010001111011110111011000100101 0.9682999849319458
1101110001000011110010011101010000101001110011011111101001111111100 0.9681000113487244
1100110111100010000110001010100000000011110001110111101000001100101 0.9681000113487244
1100100111100011101001010100100001010011110001111111101000010101100 0.9678000211715698
0101110001010011110001001011001001111100001111011110101011100101100 0.9675999879837036
1110110001000110100000001010100010010010001111101110100111110100100 0.9672999978065491
1001110111100010100100001010100010110110111101101010110101110101101 0.967199981212616
1100101110001011101001010100100001010111111001011111101011100101101 0.9667999744415283
1110101100000010101001010100100001010010001111011110111011100100101 0.9659000039100647
1101101100000010101001010100100001100110111111001110111011100100101 0.9649999737739563
1110101100000010101001011100100000010010001111011110111011000100101 0.964900016784668
1110101110000011101001010100100001010111111001011111101011100100101 0.9646999835968018
1101110001000010100100000011000000110010100101011111111001111111100 0.9642000198364258
1110101100000010101001010100100001010011111001011111111011101100101 0.9642000198364258
1101110001000110100100001010100111110011100101101111101001111111100 0.9635000228881836
1100100110011100100010011001000000111101010001011111101001111111100 0.9632999897003174
0101110001010011110001011101101000011110001111011110111011100100101 0.9632999897003174
1110101100000010101001010100100001100110111111001110111011100100101 0.963100016117096
1101110001000010100100001010010010110101100101101111100111010101100 0.9628999829292297
1100101110011011110000001011001001111100010011011011110111100111101 0.9625999927520752
1101110001000110100100001010100111110011100101101111100111110100100 0.9625999927520752
1100101011100011110011010001001011010110111101101010101001110100101 0.9624999761581421
1100101110011010111000010100100000111010100111011110110111110101100 0.9624000191688538
1110110001000110100000001010100010010010001111101110110111010100101 0.9624000191688538
0101110000010011110001011101101000011110000101111110111011000100101 0.9620000123977661
1100110111100110100100001010101010000110010001101010100111000101100 0.961899995803833
1100101011100011110011010001100000111001010001011111111101111101101 0.9613000154495239
1100101011100010111100010011001100001011001011011111111001100100101 0.9611999988555908
1100101011100011110011010001010000000011110001110010111000010100101 0.960099995136261
1100110111100010100100010011010010100110111111101010101001110100101 0.9599000215530396
1001110111100010100100001010100010110110111101101010101001110100101 0.9598000049591064
1100101101100011110001010100100000000011110001110010111000010101101 0.9592999815940857
1100110101100010100100010011010110100110111111101010100111110100100 0.958899974822998
1110101100000010100100001010100000000111111001011111111011101100101 0.9585000276565552
1100101110011011110000001011000000110100011001110110110111110100100 0.9581999778747559
1100101110011010111000010100100101010010001111011110110111100101101 0.9581999778747559
1100101011101011110011010000100010101001110011101111100111110100100 0.9578999876976013
1100100111100010100100001010100010110110111101101000101101111101101 0.9577000141143799
Generation 10
1100101110011011010000011011000000110010100101101111111001111111100 0.9735999703407288
1110101100000010101001011100100000010110111111011110111011000100101 0.9743000268936157
1100101110011011010000011011000000110010100101101111111001111111100 0.9735999703407288
1101110001000011110010000101001100001001110011011111100111110100100 0.9724000096321106
1100110111100010100100001010100010100110111111011110111011110100101 0.9717000126838684
1101110001000011110010011101010000101001110011011111100111110100100 0.9703999757766724
1100101110011011110000011011001001111110111111011110111011100100101 0.9700000286102295
1100110111100010100100011010100010100110111101101010101101110100101 0.9696999788284302
1100110111100110100100001010100010000110010001101011101110011111100 0.9696999788284302
1110101110000011001001010100010010111101100101101111101011100100101 0.9696999788284302
1100101110011011110000011011001001111110111101101000101101111101101 0.9696000218391418
1100111110011011110000001011001001111100010011011110111011111111100 0.9695000052452087
1100101011101011110011010000100010101001110001111111101000000101100 0.9695000052452087
1100111110011011110000001011001001111100010011011110111011100101100 0.9692999720573425
1000110111100010100100001010100010100110111101110011011010110101101 0.968999981880188
1100101110001011001110100001101001111110110001011101101001100101100 0.9688000082969666
1100100111100010100100001010100000000011110001111111101000010100101 0.968500018119812
1101101100000010101001010100100001010010001111011110111011000100101 0.9682999849319458
1101110001000011110010011101010000101001110011011111101001111111100 0.9681000113487244
1100110111100010000110001010100000000011110001110111101000001100101 0.9681000113487244
1100100111100011101001010100100001010011110001111111101000010101100 0.9678000211715698
0101110001010011110001001011001001111100001111011110101011100101100 0.9675999879837036
1110110001000110100000001010100010010010001111101110100111110100100 0.9672999978065491
1001110111100010100100001010100010110110111101101010110101110101101 0.967199981212616
1100101110001011101001010100100001010111111001011111101011100101101 0.9667999744415283
1100101110011011110000011011100001100110111111001110111011100100101 0.9660999774932861
1110101100000010101001010100100001010010001111011110111011100100101 0.9659000039100647
1101111110000011101001010100110001001001110011011011100111110100100 0.9659000039100647
1000110111100010100100001010100010010010001111110011011010110101101 0.9656000137329102
1101101100000010101001010100100001100110111111001110111011100100101 0.9649999737739563
1110101110000011101001010100100001010111111001011111101011100100101 0.9646999835968018
1100111110010011110000101011100000000111111001011110111011100101101 0.9646000266075134
1101110001100011101100000011000000110010100101011111111001110111101 0.9645000100135803
1100100111000010100001010100100001010011110001111111101000011101100 0.9643999934196472
1101110001000010100100000011000000110010100101011111111001111111100 0.9642000198364258
1110101100000010101001010100100001010011111001011111111011101100101 0.9642000198364258
1100110101100010100100010011010110100110111111111110100101111101100 0.9642000198364258
0101110001010011110001011101101000010110001111011110111011100100101 0.9639000296592712
1100101011101011110011010000100010100100010001101011101110110101100 0.9638000130653381
1101110001000110100100001010100111110011100101101111101001111111100 0.9635000228881836
1100100110011100100010011001000000111101010001011111101001111111100 0.9632999897003174
1110101100000010101001010100100001100110111111001110111011100100101 0.963100016117096
1101110001000010100100001010010010110101100101101111100111010101100 0.9628999829292297
1100101110011011110000001011001001111100010011011011110111100111101 0.9625999927520752
1101110001000110100100001010100111110011100101101111100111110100100 0.9625999927520752
1100101011100011110011010001001011010110111101101010101001110100101 0.9624999761581421
1100101110011010111000010100100000111010100111011110110111110101100 0.9624000191688538
1110110001000110100000001010100010010010001111101110110111010100101 0.9624000191688538
0101110000010011110001011101101000011110000101111110111011000100101 0.9620000123977661
1100110111100110100100001010101010000110010001101010100111000101100 0.961899995803833
1101101100000010100100001110100001100110111111001110011010110100101 0.9617000222206116
[0.9613000154495239, 0.9613000154495239, 0.9613000154495239, 0.9659000039100647, 0.9681000113487244, 0.9696999788284302, 0.9696999788284302, 0.9735999703407288, 0.9735999703407288, 0.9743000268936157]
[1, 1, 1, 0, 1, 0, 1, 1, 0, 0, 0, 0, 0, 0, 1, 0, 1, 0, 1, 0, 0, 1, 0, 1, 1, 1, 0, 0, 1, 0, 0, 0, 0, 0, 0, 1, 0, 1, 1, 0, 1, 1, 1, 1, 1, 1, 0, 1, 1, 1, 1, 0, 1, 1, 1, 0, 1, 1, 0, 0, 0, 1, 0, 0, 1, 0, 1] 0.9743000268936157 0.9196199233434638