Generation 1
0000111101110011110011110110000111110010101001011101000111101010101 0.8176000118255615
0000111110101101100101000111011101000001100101110100110101110110000 0.12200000137090683
1000000011000010111101001000000100001100010100111101101010000111111 0.09799999743700027
1100110010011010110101110000101100111011100110010111101011011011001 0.35530000925064087
1000110011011100111011110011000011111011000101111110000101001111101 0.8554999828338623
0100001111101000100111000110101111010000101010010001100001110100110 0.8698999881744385
0101011011000110101000101100101110001001100111100010100010100000000 0.1103999987244606
0101011000001111100011101111000101011111100101110111010100110100001 0.32989999651908875
0101100011111000000000111100010011001101001100100010101101000000000 0.10100000351667404
0000110000101101101001000001001100010001010100001010001010111010001 0.1264999955892563
0100100011001011000000001110010111000010010010111100011100001010100 0.8759999871253967
0001100101000101110011011000111001101101101100011011011101001011001 0.09000000357627869
1000101010001000011101010111001011011010110111001100110000001100000 0.14300000667572021
1100001010011100010111011100101011011101010010011000101101110010100 0.817300021648407
1100011101001001000101000110010000010010010101101011001100110110110 0.7608000040054321
0010001011001110000100111000010000000001100111001110101101000100011 0.83160001039505
1101010011010100000000110001111110001101011101001011011000000101101 0.8659999966621399
1000000011100011100010110101101100100100100110010010100110010011110 0.17720000445842743
1010101101000111011001010010110000011000100011101100100111101111111 0.09799999743700027
1001000100001001110001100100001100101001110011000101000100001001001 0.08309999853372574
1100000100110110011110111101001000100111110000000011110111111101111 0.30959999561309814
1000011101001010000100011111000110111011101001111101001101111110101 0.5048999786376953
1101010110000110011000010101110001011110001101101100001100101000110 0.8938999772071838
1100010001100001100110000110101011111011000101111110100000110100100 0.8780999779701233
0001000000100001101000101111101111010001111001011001000110010111100 0.6464999914169312
1100111010101111010100110110111111110001011000100111100101111110011 0.11299999803304672
0000111100111110110010100000110110111110110110000110000101111001001 0.05270000174641609
1101000100110101100100010010000111111110100010001011101110101101001 0.18410000205039978
0100010001010011000001110001100101010101101100011011010101001101101 0.63919997215271
1100010110000011100111000110101000111000110110101011000000111000010 0.09390000253915787
1000111000010111011100001101001011010000100100110110001010110100101 0.271699994802475
1100110101111010000110010000000110001111111101000101001011101110110 0.3693999946117401
0001110000001101110010101000111100101011100111001001001011011111000 0.1873999983072281
1000001011001100001101000010110101000101111100110100010111001011100 0.8227999806404114
0001100110000101110111100101110010101111110110011110001000110000010 0.11829999834299088
1001100100000001100111011011010111110011100111101101110001111110000 0.1088000014424324
0100011010010011111011110111100001101110000010010111111100010110001 0.10050000250339508
0110011100000110101100111010000010010111100111011101001100100000010 0.20499999821186066
0100000111001110011100000111110010000110001110000100001110111011110 0.5167999863624573
1000100011100000010111110100111001000011110000011101100011100101010 0.34700000286102295
1101111000011010000100100011111110110000111100100101101111111001010 0.08829999715089798
0100100100111101010100110110001111101001101000001000110000100110010 0.10329999774694443
1100111101100010000110100110101110001001000111000000111010000111110 0.7160999774932861
1000000100111110010101100110001110100000110101101111001010011101111 0.7192000150680542
0100111011010101101011010100100111010011010110001110110110110100101 0.6965000033378601
0100001110111001111100111110110011110111110010011110000111000110000 0.09769999980926514
0001101011001110110010000110101010101001101111001001001110110110011 0.125
1000111101110111111001101010010110100110000110110111110010101101010 0.7549999952316284
0000011101000011110010011111100001111001001011010011010110000010000 0.09019999951124191
1101000100000010110111110000100010010010110001110101001100000011000 0.09929999709129333
[0.8938999772071838]
[1, 1, 0, 1, 0, 1, 0, 1, 1, 0, 0, 0, 0, 1, 1, 0, 0, 1, 1, 0, 0, 0, 0, 1, 0, 1, 0, 1, 1, 1, 0, 0, 0, 1, 0, 1, 1, 1, 1, 0, 0, 0, 1, 1, 0, 1, 1, 0, 1, 1, 0, 0, 0, 0, 1, 1, 0, 0, 1, 0, 1, 0, 0, 0, 1, 1, 0] 0.8938999772071838 0.8561980734066087
Generation 2
1101010110000110011000010101110001011110001101101100001100101000110 0.8938999772071838
0101100011011011000000001110000101011111100101110111010100010100110 0.9623000025749207
1100111101100010000110100110001110001001000111011101101010010111011 0.9465000033378601
1000110011011100111111110011000001011110001101101100000101001011111 0.9412999749183655
1100110111001110011110010000000110001111111101000101001011111010111 0.9199000000953674
1101010110000110011000010101110001011110001101101001001010011101100 0.9146000146865845
1101010110001110011000010101110011111011000101111110001100101100100 0.9083999991416931
1101010110000110011000010101110001011110001101101100001100101000110 0.8938999772071838
1100001010011100000111011100101011011101010010010010101101111001101 0.8834999799728394
1100010001100001100110000110101011111011000101111110100000110100100 0.8780999779701233
0100100011001011000000001110010111000010010010111100011100001010100 0.8759999871253967
0100010001010011000001110001100101010101101110111101010101001000101 0.8741000294685364
0100001111101000100111000110101111010000101010010001100001110100110 0.8698999881744385
1101010011010100000000110001111110001101011101001011011000000101101 0.8659999966621399
1000110011011100111011110011000011111011000101111110000101001111101 0.8554999828338623
0100001110111001111100111110110011110111110001101110000111010100110 0.8395000100135803
0010001011001110000100111000010000000001100111001110101101000100011 0.83160001039505
1100001010011100010111011100100011011100110101101111001101110000101 0.8306000232696533
1000001011001100001101000010110101000101111100110100010111001011100 0.8227999806404114
0000111101110011110011110110000111110010101001011101000111101010101 0.8176000118255615
1100001010011100010111011100101011011101010010011000101101110010100 0.817300021648407
0010001011001110000100111000010001000101111100110110110111000110110 0.7906000018119812
1100011101001001000101000110010000010010010101101011001100110110110 0.7608000040054321
1000111101101111110010101000111100101011100110110101110010101101010 0.7574999928474426
1000111101110111111001101010010110100110000110110111110010101101010 0.7549999952316284
1100000100110110011110111101001000100111110000001001110111110111110 0.7285000085830688
1000000100111110010101100110001110100000110101101111001010011101111 0.7192000150680542
1100111101100010000110100110101110001001000111000000111010000111110 0.7160999774932861
0100111011010101101011010100100111010011010110001110110110110100101 0.6965000033378601
1000111101110111111001101010010110100110000110110111110010111101010 0.6955000162124634
1100111101100010101000101111101111010001110111000000100110000111100 0.6739000082015991
0100011100001111100011101111010111000010010010111100011100101010001 0.6646000146865845
0001000000100001101000101111101111010001111001011001000110010111100 0.6464999914169312
0100010001010011000001110001100101010101101100011011010101001101101 0.63919997215271
1100110010000110011000010101110001011111001101101100101111011001010 0.6171000003814697
1000000101111110010101100110001110100011010010011000101010011111110 0.6025000214576721
1000000100111110010101100110001110100000110101111111001010001101111 0.5633000135421753
0100000101111010000100000111110010000110001110100100001110101111110 0.5430999994277954
0100000111001110011100000111110010000110001110000100001110111011110 0.5167999863624573
1000011101001010000100011111000110111011101001111101001101111110101 0.5048999786376953
1000111101110011111111110000100010010010110001110101110010001101000 0.47690001130104065
0000111100110110011110111101001000101110110110000011110111111101011 0.4666999876499176
1101000100000010110001101011010110100110000010110111001100100010010 0.4481000006198883
0100100011001011000001001110010111000010010000011010011100001111100 0.38600000739097595
1100110101111010000110010000000110001111111101000101001011101110110 0.3693999946117401
1100110010011010110101110000101100111011100110010111101011011011001 0.35530000925064087
1000100011100000010111110100111001000011110000011101100011100101010 0.34700000286102295
0101011000001111100011101111000101011111100101110111010100110100001 0.32989999651908875
1100000100110110011110111101001000100111110000000011110111111101111 0.30959999561309814
0000110100000001100111011011010111110011101111101101110001111010001 0.28139999508857727
1000000100111110010101100110001110100000110110011111001010001111001 0.2728999853134155
Generation 3
0101100011011011000000001110000101011111100101110111010100010100110 0.9623000025749207
0101100011011011000000001110000101011111100101110111010100010100110 0.9623000025749207
0001100011011011000000110011000011111011000101111110010100001101100 0.9542999863624573
1100111101100010000110100110001110001001000111011101101010010111011 0.9465000033378601
1000110011011100111111110011000001011110001101101100000101001011111 0.9412999749183655
0100100011001011000000001111101111010001111001011000000110001111100 0.9386000037193298
1100110111001110011110010000000110001111111101000101001011111010111 0.9199000000953674
1101010110000110011000010101110001011110001101101001001010011101100 0.9146000146865845
1101010110001110011000010101110011111011000101111110001100101100100 0.9083999991416931
1100010001100001100100000111110010000110001101111110101100111101100 0.9000999927520752
1101010110000110011000010101110001011110001101101100001100101000110 0.8938999772071838
0100001111101000100111000110101011011111001110010100101101110001110 0.8934000134468079
1100001010011100000111011100101011011101010010010010101101111001101 0.8834999799728394
1100110010000110011000010101110001010000101001101101100011011100010 0.8830000162124634
1100010001100001100110000110101011111011000101111110100000110100100 0.8780999779701233
0100100011001011000000001110010111000010010010111100011100001010100 0.8759999871253967
0100010001010011000001110001100101010101101110111101010101001000101 0.8741000294685364
1000110111001110011110111110110011110111111001101110000111010110111 0.8723999857902527
0100001111101000100111000110101111010000101010010001100001110100110 0.8698999881744385
1101010011010100000000110001111110001101011101001011011000000101101 0.8659999966621399
1100001010011100010111011100100011011100110101101111010111110101111 0.8650000095367432
1100001010011100010111011100100011010001110101000111001101110111100 0.8647000193595886
1100001010011100010111011100000001011110001101101101001101110010110 0.8646000027656555
1100110111001110011110010000010000000001100111001110101101111010111 0.858299970626831
1000110011011100111011110011000011111011000101111110000101001111101 0.8554999828338623
1100110011011100111111111100100001001110001101110010100101001001101 0.8460000157356262
0100001110111001111100111110110011110111110001101110000111010100110 0.8395000100135803
1100001010011100000000110001110011011100110101101111011000000001101 0.8345000147819519
1000110010011100111111110011000001011110001101101100000101001011110 0.8335000276565552
0010001011001110000100111000010000000001100111001110101101000100011 0.83160001039505
1100001010011100010111011100100011011100110101101111001101110000101 0.8306000232696533
1000001011001100001101000010110101000101111100110100010111001011100 0.8227999806404114
0000111101110011110011110110000111110010101001011101000111101010101 0.8176000118255615
1100001010011100010111011100101011011101010010011000101101110010100 0.817300021648407
1000001011001100000000001110011111000010010010111100010110001010100 0.8125
1100111101100010000110100110100101010101000110100000011010000111110 0.79339998960495
0010001011001110000100111000010001000101111100110110110111000110110 0.7906000018119812
0000001011001110000100111000010000000001100111001111001101000101001 0.7681999802589417
1100011101001001000101000110010000010010010101101011001100110110110 0.7608000040054321
1000111101101111110010101000111100101011100110110101110010101101010 0.7574999928474426
1000111101110111111001101010010110100110000110110111110010101101010 0.7549999952316284
1100000100110110011110111101001000100111110000001001110111110111110 0.7285000085830688
1000000100111110010101100110001110100000110101101111001010011101111 0.7192000150680542
1100111101100010000110100110101110001001000111000000111010000111110 0.7160999774932861
0100111011010101101011010100100111010011010110001110110110110100101 0.6965000033378601
1000111101110111111001101010010110100110000110110111110010111101010 0.6955000162124634
0100000101101010000100000111110010001011000100100100001100101101110 0.6837000250816345
1100111101100010101000101111101111010001110111000000100110000111100 0.6739000082015991
0100100011001011001101000010110101000101111100110100011101001011100 0.6735000014305115
0001000000100001001000111111100111010001111001011001001010010111110 0.6718999743461609
1000111010011100111111110011101011011101010010011000100101001011101 0.66839998960495
Generation 4
0101100011011011000000001110000101011111100101110111010100010100110 0.9623000025749207
1100111101100010000110111110100101011110001011101001001000000111100 0.9629999995231628
0101100011011011000000001110000101011111100101110111010100010100110 0.9623000025749207
0001100011011011000000110011000011111011000101111110010100001101100 0.9542999863624573
1101100011011011000000001110000101011111100101110000111010000100110 0.9537000060081482
1101010011010110000000110001111110000101011101001000011000000101101 0.948199987411499
1100111101100010000110100110101110001001000111000111010100010111110 0.9469000101089478
1100111101100010000110100110001110001001000111011101101010010111011 0.9465000033378601
1000110011011100111111110011000001011110001101101100000101001011111 0.9412999749183655
1101010110000110011001010101110001011110001101101100001100100011110 0.9404000043869019
0100100011001011000000001111101111010001111001011000000110001111100 0.9386000037193298
1000110011011100111111000110101001011111000101111110100000110100111 0.9352999925613403
1100110010000110010000010100110001011110001101101001001010011100100 0.9280999898910522
1100111101100010000110100110101110001001000111010000111010001100110 0.9280999898910522
1100010011010100000000110001111110101101011101011110100000000101100 0.9235000014305115
1100110111001110011110010000000110001111111101000101001011111010111 0.9199000000953674
1100110010000110011000010101110001010010010101101011001111110100110 0.914900004863739
1101010110000110011000010101110001011110001101101001001010011101100 0.9146000146865845
0010001011001110000000111010010001000101111100110110110111101010110 0.910099983215332
1101010110001110011000010101110011111011000101111110001100101100100 0.9083999991416931
0100001011011011000000001110000101011111100101110111010100010100110 0.907800018787384
0100111011010101100000110011000111010011010011110110010100001101100 0.9052000045776367
0100001111101000100111000110101011001110001101110010101101110001111 0.9025999903678894
1100010001100001100100000111110010000110001101111110101100111101100 0.9000999927520752
1100110010000110111000010101110001110000101001101101100011011100010 0.8996999859809875
0010001011001110000100111000010000000001100111001100010101001011110 0.8945000171661377
1101010110000110011000010101110001011110001101101100001100101000110 0.8938999772071838
0100001111101000100111000110101011011111001110010100101101110001110 0.8934000134468079
1101010110000110011000010101110001110000101001101101100011011101010 0.8858000040054321
1100001010011100000111011100101011011101010010010010101101111001101 0.8834999799728394
1000110011011100111011110010010001000101111100110110000101000110111 0.8826000094413757
1100010001100001100110000110101011111011000101111110100000110100100 0.8780999779701233
1101010110000110011000010101110001011110001101101100001100000100110 0.8766000270843506
0100100011001011000000001110010111000010010010111100011100001010100 0.8759999871253967
0100010001010011000001110001100101010101101110111101010101001000101 0.8741000294685364
1000110111001110011110111110110011110111111001101110000111010110111 0.8723999857902527
0100001111101000100111000110101111010000101010010001100001110100110 0.8698999881744385
1101010011010100000000110001111110001101011101001011011000000101101 0.8659999966621399
1100001010011100010111011100100011011100110101101111010111110101111 0.8650000095367432
1100001010011100010111011100100011010001110101000111001101110111100 0.8647000193595886
1100001010011100010111011100000001011110001101101101001101110010110 0.8646000027656555
1100110111001110011110010000010000000001100111001110101101111010111 0.858299970626831
0100100011001011001101000011110101001101111100110111011101001011100 0.857699990272522
1000110011011100111011110011000011111011000101111110000101001111101 0.8554999828338623
1000001011001100001101000010110101000101111100110110101111000100011 0.8503999710083008
1101010110001110011000010101110101011011000101110100010110001011100 0.8501999974250793
1100110011011100111111111100100001001110001101110010100101001001101 0.8460000157356262
0100001110111001111100111110110011110111110001101110000111010100110 0.8395000100135803
1100001010011100000000110001110011011100110101101111011000000001101 0.8345000147819519
1000110010011100111111110011000001011110001101101100000101001011110 0.8335000276565552
0010001011001110000100111000010000000001100111001110101101000100011 0.83160001039505
Generation 5
1100111101100010000110111110100101011110001011101001001000000111100 0.9629999995231628
1100111101100010000110111110100101011110001011101001001000000111100 0.9629999995231628
0101100011011011000000001110000101011111100101110111010100010100110 0.9623000025749207
0010001011001110000100111100110000001001100111001110010101001011111 0.960099995136261
0101101011011011000000110011000011111011000101111110100101111101101 0.9588000178337097
1101010011010110000000110001100001011110001101101001001010001100101 0.9545000195503235
0001100011011011000000110011000011111011000101111110010100001101100 0.9542999863624573
1101100011011011000000001110000101011111100101110000111010000100110 0.9537000060081482
1100111101110110000110100110111110000101011101000111011000000101100 0.9532999992370605
1100111101100010000110100110101110000001111111000111010100010111100 0.9492999911308289
1101010011010110000000110001111110000101011101001000011000000101101 0.948199987411499
1000001011001011000000001110000101010111100101110110101111000100110 0.9473000168800354
1100111101100010000110100110001110001001000111011101101010010111011 0.9465000033378601
0100100011011011000000001111101111011001000001011000000110001111110 0.9455000162124634
1000110001011100111011110011000011111011000101111110000100101101101 0.9435999989509583
1000110011011100111111110011000001011110001101101100000101001011111 0.9412999749183655
1101010110000110011001010101110001011110001101101100001100100011110 0.9404000043869019
0100100011001011000000001111101111010001111001011000000110001111100 0.9386000037193298
1000110011011100111111000110101001011111000101111110100000110100111 0.9352999925613403
1101010011010110000000110011111110000101011001100110001010010100111 0.9329000115394592
1101010110000110011000010101110001011110001101101001001101110010110 0.9294999837875366
1100001010011100010111011100000001011110001101100101001010011101100 0.929099977016449
1100110010000110010000010100110001011110001101101001001010011100100 0.9280999898910522
1100111101100010000110100110101110001001000111010000111010001100110 0.9280999898910522
1100010011010100000000110001111110101101011101011110100000000101100 0.9235000014305115
1100110111001110011110010000000110001111111101000101001011111010111 0.9199000000953674
1100110010000110011000010101110001010010010101101011001111110100110 0.914900004863739
1101010110000110011000010101110001011110001101101001001010011101100 0.9146000146865845
1101010110001110010000010101110101011011000101110101001000001111100 0.9133999943733215
1100010011011100000000110001111110101101011110010100101101110001100 0.9104999899864197
0010001011001110000000111010010001000101111100110110110111101010110 0.910099983215332
1101010110001110011000010101110011111011000101111110001100101100100 0.9083999991416931
0100001011011011000000001110000101011111100101110111010100010100110 0.907800018787384
0100111011010101100000110011000111010011010011110110010100001101100 0.9052000045776367
0100001111101000100111000110101011001110001101110010101101110001111 0.9025999903678894
1101100011011011000000001110000101011111100101110000111010001110111 0.9007999897003174
0100001111101000100111000010101011011111001101011110100000000101110 0.9003999829292297
1100010001100001100100000111110010000110001101111110101100111101100 0.9000999927520752
1100110010000110111000010101110001110000101001101101100011011100010 0.8996999859809875
0100001111101000100111000110101011011111001110010100101101110011110 0.896399974822998
0010001011001110000100111000010000000001100111001100010101001011110 0.8945000171661377
1101010110000110011000010101110001011110001101101100001100101000110 0.8938999772071838
0100001111101000100111000110101011011111001110010100101101110001110 0.8934000134468079
1101010110000110011001010101110001011110011101101101100010101101110 0.8934000134468079
1000110011011100111111110011000001011110001101101100000101001001111 0.8888999819755554
1110110010000110010000010100111110000101011101001000011000010101100 0.8888999819755554
1101010110000110000100111000010000000001100111001100010101001001110 0.8866999745368958
1101010110000110011000010101110001110000101001101101100011011101010 0.8858000040054321
1100001010011100000111011100101011011101010010010010101101111001101 0.8834999799728394
1101010010010100000100110001111110001101010101101011010000010111110 0.883400022983551
1000110011011100111011110010010001000101111100110110000101000110111 0.8826000094413757
Generation 6
1100111101100010000110111110100101011110001011101001001000000111100 0.9629999995231628
1100111101100010000110111110100101011110001011101001001000000111100 0.9629999995231628
0101100011011011000000001110000101011111100101110111010100010100110 0.9623000025749207
1101010011010110000000110011111110000111011101101001001010010100101 0.9610000252723694
0010001011001110000100111100110000001001100111001110010101001011111 0.960099995136261
0101100011011011000000001110000101011111100101110100101100010100110 0.958899974822998
0101101011011011000000110011000011111011000101111110100101111101101 0.9588000178337097
1101010011010110000000110001100001011111100101110111011010001100101 0.9552000164985657
0001100011011011000000110011000011111011000101111110010100001101100 0.9542999863624573
1101100011011011000000001110000101011111100101110000111010000100110 0.9537000060081482
0001100011011011000000110011000011010001010010011110010101111101100 0.9537000060081482
0100001011001011000000001110000101011110001101101001000100010100110 0.953499972820282
1100111101110110000110100110111110000101011101000111011000000101100 0.9532999992370605
1101010110000110011001010101110001011001100111101100001100100011111 0.9495999813079834
1100111101100010000110100110101110000001111111000111010100010111100 0.9492999911308289
1100111101100010000110100000010000001001000111010000010100001100110 0.9484000205993652
1101010011010110000000110001111110000101011101001000011000000101101 0.948199987411499
1101010100000110011000111101110001001101011101101001000010011101100 0.948199987411499
1000001011001011000000001110000101010111100101110110101111000100110 0.9473000168800354
1100111101100010000110100110001110001001000111011101101010010111011 0.9465000033378601
0100100011011011000000001111101111011001000001011000000110001111110 0.9455000162124634
1000110001011011100000001110000101011111100101110111010100010101100 0.9442999958992004
1000110001011100111011110011000011111011000101111110000100101101101 0.9435999989509583
1000110011011100111111110011000001011110001101101100000101001011111 0.9412999749183655
1100010011010110000000110001100001001101011101101001001010001100111 0.9409999847412109
1101010110000110011001010101110001011110001101101100001100100011110 0.9404000043869019
1000011011001011000100111000010101000001110101001100010111001100110 0.9388999938964844
0100100011001011000000001111101111010001111001011000000110001111100 0.9386000037193298
1101010011010110000000110011111111011001000001100110000010010100110 0.9354000091552734
1000110011011100111111000110101001011111000101111110100000110100111 0.9352999925613403
1101010110000110011000010101110001011110001101101001001101110010110 0.9294999837875366
1100001010011100010111011100000001011110001101100101001010011101100 0.929099977016449
1100010011010110000000110001111110111110001101011110100000000101100 0.9290000200271606
1100110010000110010000010100110001011110001101101001001010011100100 0.9280999898910522
1100111101100010000110100110101110001001000111010000111010001100110 0.9280999898910522
0010001011001110000100101100110000001110001101001110010101001011110 0.9279999732971191
1101010110000110000100111000010000000001100111001100010100000100110 0.9228000044822693
0100111011010101100000110011000111010011010011110100010101001101110 0.9228000044822693
1100110111001110011110010000000110001111111101000101001011111010111 0.9199000000953674
1100001010001110000100111100110000001001010111001110010101001011111 0.9175000190734863
1100110010000110011000010101110001010010010101101011001111110100110 0.914900004863739
1101010110000110011000010101110001011110001101101001001010011101100 0.9146000146865845
1101010110001110010000010101110101011011000101110101001000001111100 0.9133999943733215
1100010011011100000000110001111110101101011110010100101101110001100 0.9104999899864197
0010001011001110000000111010010001000101111100110110110111101010110 0.910099983215332
1101010110001110011000010101110011111011000101111110001100101100100 0.9083999991416931
0100001011011011000000001110000101011111100101110111010100010100110 0.907800018787384
0100001011001110000100111110111000001001110101011110010101001001111 0.9071000218391418
1101010110000110000100111000010000000001110111101100010101011100110 0.9065999984741211
0100111011010101100000110011000111010011010011110110010100001101100 0.9052000045776367
0100001111101000100111000110101011001110001101110010101101110001111 0.9025999903678894
Generation 7
1100111101100010000110111110100101011110001011101001001000000111100 0.9629999995231628
1101100011011010000000001110000101011111100101110000111010000100110 0.9726999998092651
1100111101100010000110111110100101011110001011101001001000000111100 0.9629999995231628
0101100011011011000000001110000101011111100101110111010100010100110 0.9623000025749207
1101010011010110000000110011111110000111011101101001001010010100101 0.9610000252723694
0010001011001110000100111100110000001001100111001110010101001011111 0.960099995136261
0101100011011011000000001110000101011111100101110100101100010100110 0.958899974822998
0101101011011011000000110011000011111011000101111110100101111101101 0.9588000178337097
0101100011001011000000001111101111010001111001001000011110001111101 0.9585000276565552
1101010011010110000000110001100001011111100101110111011010001100101 0.9552000164985657
0001100011011011000000110011000011111011000101111110010100001101100 0.9542999863624573
1101100011011011000000001110000101011111100101110000111010000100110 0.9537000060081482
0001100011011011000000110011000011010001010010011110010101111101100 0.9537000060081482
1000110001011011100000001110000001011110001101010111010100010101110 0.9535999894142151
0100001011001011000000001110000101011110001101101001000100010100110 0.953499972820282
1100111101110110000110100110111110000101011101000111011000000101100 0.9532999992370605
1101010110000110011001010101110001011001100111101100001100100011111 0.9495999813079834
1100111101100010000110100110101110001011000111010100111010001100110 0.9495999813079834
0010001010001110000000111010010001001001010111001110010101011011111 0.949400007724762
1100111101100010000110100110101110000001111111000111010100010111100 0.9492999911308289
1101010011010110000000110001111110000101011101001000011000000111101 0.9488999843597412
1100111101100010000110100000010000001001000111010000010100001100110 0.9484000205993652
1101010011010110000000110001111110000101011101001000011000000101101 0.948199987411499
1101010100000110011000111101110001001101011101101001000010011101100 0.948199987411499
0010001010001110000100101100110000001110001111001110001100100011111 0.9480000138282776
1000001011001011000000001110000101010111100101110110101111000100110 0.9473000168800354
1100111101100011000110000110101010000001111111000111010100011111100 0.9472000002861023
1100111101100010000110100110001110001001000111011101101010010111011 0.9465000033378601
0101100011011011000000000000000101011111100101110100010100001100110 0.9456999897956848
0100100011011011000000001111101111011001000001011000000110001111110 0.9455000162124634
1000110001011011100000001110000101011111100101110111010100010101100 0.9442999958992004
1000110001011100111011110011000011111011000101111110000100101101101 0.9435999989509583
1000110001011011100000001100000101011111100101110111010100010100110 0.9434000253677368
1101010011010110000000110001111110000101011101011000000000000101100 0.9419999718666077
1000110011011100111111110011000001011110001101101100000101001011111 0.9412999749183655
1100010011010110000000110001100001001101011101101001001010001100111 0.9409999847412109
1101010110000110011001010101110001011110001101101100001100100011110 0.9404000043869019
1000011011001011000100111000010101000001110101001100010111001100110 0.9388999938964844
0100100011001011000000001111101111010001111001011000000110001111100 0.9386000037193298
1101010011010110000000110011111111011001000001100110000010010100110 0.9354000091552734
1000110011011100111111000110101001011111000101111110100000110100111 0.9352999925613403
1100111101100010100110100000000001011111000111010001011010011100100 0.9351999759674072
1100001010011100011111011100000001011110001101100101001100001101100 0.9330000281333923
1100111111010110000110100110001110000000001101011110100000000101100 0.9322999715805054
1101010110000110011000010101110001011110001101101001001101110010110 0.9294999837875366
1100010011010110000000110001111110111110001101011110100000000101100 0.9290000200271606
1100110010000110010000010100110001011110001101101001001010011100100 0.9280999898910522
1100111101100010000110100110101110001001000111010000111010001100110 0.9280999898910522
0010001011001110000100101100110000001110001101001110010101001011110 0.9279999732971191
1101010110000110011000010101110101011110001101101001001010011101100 0.923799991607666
1100111101100010000110100110101110001001000101010000111010001100100 0.92330002784729
Generation 8
1101100011011010000000001110000101011111100101110000111010000100110 0.9726999998092651
1101100011011010000000001110000101011111100101110000111010000100110 0.9726999998092651
1100111101100010100110100000000101011111100101110111011010010100100 0.9668999910354614
0101100011011011000000001110000101011110001101011111010100000101100 0.9664999842643738
1100010011010110000000100101100001001101011101101001001010011100110 0.9641000032424927
0010001010001111100100001110000101010001010111001110010101010100110 0.9639000296592712
1100111101100010000110100100110001011110011111000111010110011101100 0.963699996471405
1100111101100010000110111110100101011110001011101001001000000111100 0.9629999995231628
0101100011011011000000001110000101011111100101110111010100010100110 0.9623000025749207
1100111101100010000110100000010100001011000111010100010100001101100 0.9623000025749207
1101100011011011000000001110000101011111100101101001010100011100110 0.9610999822616577
1101010011010110000000110011111110000111011101101001001010010100101 0.9610000252723694
0010001011001110000100111100110000001001100111001110010101001011111 0.960099995136261
0101100011011011000000001110000101011111100101110100101100010100110 0.958899974822998
0101101011011011000000110011000011111011000101111110100101111101101 0.9588000178337097
1101010011010110000000110001111110000101011101011000000000010100110 0.9587000012397766
0101100011001011000000001111101111010001111001001000011110001111101 0.9585000276565552
0001100011011011000000100110111110000101000101111111011100001101100 0.9562000036239624
1100101011011011000000110000111110000101000101111111011001000101101 0.9560999870300293
1101010011010110000000110001100001011111100101110111011010001100101 0.9552000164985657
0001100011011011000000110011000011111011000101111110010100001101100 0.9542999863624573
1101100011011011000000001110000101011111100101110000111010000100110 0.9537000060081482
0001100011011011000000110011000011010001010010011110010101111101100 0.9537000060081482
1000110001011011100000001110000001011110001101010111010100010101110 0.9535999894142151
0100001011001011000000001110000101011110001101101001000100010100110 0.953499972820282
1100111101110110000110100110111110000101011101000111011000000101100 0.9532999992370605
1101010110000110011001010101110001011001100111101100001100100011111 0.9495999813079834
1100111101100010000110100110101110001011000111010100111010001100110 0.9495999813079834
0010001010001110000000111010010001001001010111001110010101011011111 0.949400007724762
1100111101100010000110100110101110000001111111000111010100010111100 0.9492999911308289
1101010011010110000000110001111110000101011101001000011000000111101 0.9488999843597412
0101100011001011000000110011000011110001010010011110010101101100101 0.9488000273704529
1100111101100010000110100000010000001001000111010000010100001100110 0.9484000205993652
1101010011010110000000110001111110000101011101001000011000000101101 0.948199987411499
1101010100000110011000111101110001001101011101101001000010011101100 0.948199987411499
0010001010001110000100101100110000001110001111001110001100100011111 0.9480000138282776
1000001011001011000000001110000101010111100101110110101111000100110 0.9473000168800354
1100111101100011000110000110101010000001111111000111010100011111100 0.9472000002861023
1100111101100010000110100110001110001001000111011101101010010111011 0.9465000033378601
0101100011011011000000000000000101011111100101110100010100001100110 0.9456999897956848
0100100011011011000000001111101111011001000001011000000110001111110 0.9455000162124634
1100111101100110011000010101110101001011000111010100111010001100110 0.9452999830245972
1000110001011011100000001110000101011111100101110111010100010101100 0.9442999958992004
1000110001011100111011110011000011111011000101111110000100101101101 0.9435999989509583
1000110001011011100000001100000101011111100101110111010100010100110 0.9434000253677368
1101010011010110000000110001111110000101011101011000000000000101100 0.9419999718666077
1000110011011100111111110011000001011110001101101100000101001011111 0.9412999749183655
1101010110000110011001010101110001011110001101101100001100100011110 0.9404000043869019
1000011011001011000100111000010101000001110101001100010111001100110 0.9388999938964844
1100111111100010000110111110100101011110001010011101010101100111100 0.9387999773025513
0100100011001011000000001111101111010001111001011000000110001111100 0.9386000037193298
Generation 9
1101100011011010000000001110000101011111100101110000111010000100110 0.9726999998092651
1101100011011010000000001110000101011111100101110000111010000100110 0.9726999998092651
1100111101100010000110100110101110000000001101010111010100010111100 0.9700999855995178
1100111101100010100110100000000101011111100101110111011010010100100 0.9668999910354614
0101100011011011000000001110000101011110001101011111010100000101100 0.9664999842643738
1000011011001011000100111101110001001101011101101001010111011101110 0.9660999774932861
1100010011010110000000100101100001001101011101101001001010011100110 0.9641000032424927
0010001010001111100100001110000101010001010111001110010101010100110 0.9639000296592712
1100111101100010000110100100110001011110011111000111010110011101100 0.963699996471405
0100100011011011000000001111101111011001000001011000010100001101110 0.9632999897003174
1100111101100010000110111110100101011110001011101001001000000111100 0.9629999995231628
0010001010001111100100001010000101010001010111011110010100010101100 0.9628999829292297
0101100011011011000000001110000101011111100101110111010100010100110 0.9623000025749207
1100111101100010000110100000010100001011000111010100010100001101100 0.9623000025749207
1101100011011010000000001110000101011111100101101010010101011100110 0.9620000123977661
1100111101100010000110100100110101011110011111000111010100011101100 0.9613000154495239
1101100011011011000000001110000101011111100101101001010100011100110 0.9610999822616577
1101010011010110000000110011111110000111011101101001001010010100101 0.9610000252723694
0010001011001110000100111100110000001001100111001110010101001011111 0.960099995136261
0010001010001111100100001110000101000001010111001101010100010100110 0.9596999883651733
0101100011011011000000001110000101011111100101110100101100010100110 0.958899974822998
0101101011011011000000110011000011111011000101111110100101111101101 0.9588000178337097
1101010011010110000000110001111110000101011101011000000000010100110 0.9587000012397766
0101100011001011000000001111101111010001111001001000011110001111101 0.9585000276565552
0001100011011011000000100110111110000101000101111111011100001101100 0.9562000036239624
1100111101110110000110100110111110000101011111000111010100000111100 0.9562000036239624
1100101011011011000000110000111110000101000101111111011001000101101 0.9560999870300293
1101010011010110000000110001100001011111100101110111011010001100101 0.9552000164985657
1101100011011011000000001110000101011111101101110000100010000100110 0.9549000263214111
0001100011011011000000110011000011111011000101111110010100001101100 0.9542999863624573
0001100011011011000000110011000011010001010010011110010101111101100 0.9537000060081482
1000110001011011100000001110000001011110001101010111010100010101110 0.9535999894142151
0100001011001011000000001110000101011110001101101001000100010100110 0.953499972820282
1100111101110110000110100110111110000101011101000111011000000101100 0.9532999992370605
1100111101100010000110100110101110000000111101000111011000010101110 0.9528999924659729
1100111111010110000110111110100101011110011101101001001010011100110 0.951200008392334
1101010110000110011001010101110001011001100111101100001100100011111 0.9495999813079834
1100111101100010000110100110101110001011000111010100111010001100110 0.9495999813079834
0010001010001110000000111010010001001001010111001110010101011011111 0.949400007724762
1100111101100010000110100110101110000001111111000111010100010111100 0.9492999911308289
1101010011010110000000110001111110000101011101001000011000000111101 0.9488999843597412
0101100011001011000000110011000011110001010010011110010101101100101 0.9488000273704529
1100111101100010000110100000010000001001000111010000010100001100110 0.9484000205993652
1101010011010110000000110001111110000101011101001000011000000101101 0.948199987411499
1101010100000110011000111101110001001101011101101001000010011101100 0.948199987411499
0010001010001110000100101100110000001110001111001110001100100011111 0.9480000138282776
1001100011011011000000110001000011111011000101010000010100001100110 0.9474999904632568
1000001011001011000000001110000101010111100101110110101111000100110 0.9473000168800354
1100111101100011000110000110101010000001111111000111010100011111100 0.9472000002861023
1100111101100010000110100110001110001001000111011101101010010111011 0.9465000033378601
1000011011001011010100111000010101011110001101001100010111001100110 0.9458000063896179
Generation 10
1101100011011010000000001110000101011111100101110000111010000100110 0.9726999998092651
1101100011011010000000001110000101011111100101110000111010000100110 0.9726999998092651
1100111101100010000110100110101110000000001101010111010100010111100 0.9700999855995178
1100111101100010100110100000000101011111100101110111011010010100100 0.9668999910354614
0101100011011011000000001110000101011110001101011111010100000101100 0.9664999842643738
1000011011001011000100111101110001001101011101101001010111011101110 0.9660999774932861
0001100011011011000000100110011110000101000101111111011100010101100 0.965499997138977
1100010011010110000000100101100001001101011101101001001010011100110 0.9641000032424927
0001100011011011000000110011000011010001010010011110010101110100110 0.9641000032424927
0010001010001111100100001110000101010001010111001110010101010100110 0.9639000296592712
1100111101100010000110100100110001011110011111000111010110011101100 0.963699996471405
0100100011011011000000001111101111011001000001011000010100001101110 0.9632999897003174
1100111101100010000110111110100101011110001011101001001000000111100 0.9629999995231628
0010001010001111100100001010000101010001010111011110010100010101100 0.9628999829292297
1100111101100010000110100100110001011110011111000111010110011111100 0.9628999829292297
0101100011011011000000001110000101011111100101110111010100010100110 0.9623000025749207
1100111101100010000110100000010100001011000111010100010100001101100 0.9623000025749207
1101100011011010000000001110000101011111100101101010010101011100110 0.9620000123977661
1100111101110110000110100110111110011110011101000111011000000101100 0.9617000222206116
1100101011011011000000110000111110000101000101111111011000001101100 0.9614999890327454
0101100011001011000000001111101111010101111001001000011110001101101 0.9614999890327454
0101100011011011000000001110000101011111000101110111010100011101100 0.9613999724388123
1100111101100010000110100100110101011110011111000111010100011101100 0.9613000154495239
1101100011011011000000001110000101011111100101101001010100011100110 0.9610999822616577
1101010011010110000000110011111110000111011101101001001010010100101 0.9610000252723694
0010001011001110000100111100110000001001100111001110010101001011111 0.960099995136261
0010001010001111100100001110000101000001010111001101010100010100110 0.9596999883651733
0101100011011011000000001110000101011111100101110100101100010100110 0.958899974822998
0101101011011011000000110011000011111011000101111110100101111101101 0.9588000178337097
1101010011010110000000110001111110000101011101011000000000010100110 0.9587000012397766
0101100011001011000000001111101111010001111001001000011110001111101 0.9585000276565552
1100111101100010000110100000010100001011000111010111011001000101101 0.9578999876976013
0010001010001111100100001110000101001101011101101101011100011100110 0.9575999975204468
0001100011011011000000110011000011010110011001101010010101111101100 0.9570000171661377
1100111101110110000110100110111110000101011111000111010100000111100 0.9562000036239624
1100111111010110000110111110100101011110011101101001000111111100110 0.9555000066757202
1101010011010110000000110001100001011111100101110111011010001100101 0.9552000164985657
1101100011011011000000001110000101011111101101110000100010000100110 0.9549000263214111
0001100011011011000000110011000011111011000101111110010100001101100 0.9542999863624573
0001100011011011000000110011000011010001010010011110010101111101100 0.9537000060081482
1000110001011011100000001110000001011110001101010111010100010101110 0.9535999894142151
0100001011001011000000001110000101011110001101101001000100010100110 0.953499972820282
1100111101100010000110100110101110000000111101000111011000010101110 0.9528999924659729
1100111101100110000100100100110001011110011111000111000110011101100 0.9528999924659729
1100101011011111000000110010111110000101000101110000010100000101100 0.9520000219345093
0010001010001110100100001110100101000001110111001101010100001100110 0.9519000053405762
1101010110000110011001010101110001011001100111101100001100100011111 0.9495999813079834
1100111101100010000110100110101110001011000111010100111010001100110 0.9495999813079834
0010001010001110000000111010010001001001010111001110010101011011111 0.949400007724762
1100111101100010000110100110101110000001111111000111010100010111100 0.9492999911308289
1101010011010110000000110001111110000101011101001000011000000111101 0.9488999843597412
[0.8938999772071838, 0.9623000025749207, 0.9623000025749207, 0.9629999995231628, 0.9629999995231628, 0.9629999995231628, 0.9726999998092651, 0.9726999998092651, 0.9726999998092651, 0.9726999998092651]
[1, 1, 0, 1, 1, 0, 0, 0, 1, 1, 0, 1, 1, 0, 1, 0, 0, 0, 0, 0, 0, 0, 0, 0, 1, 1, 1, 0, 0, 0, 0, 1, 0, 1, 0, 1, 1, 1, 1, 1, 1, 0, 0, 1, 0, 1, 1, 1, 0, 0, 0, 0, 1, 1, 1, 0, 1, 0, 0, 0, 0, 1, 0, 0, 1, 1, 0] 0.9726999998092651 0.7622791835239955