Downloading data from https://storage.googleapis.com/tensorflow/tf-keras-datasets/mnist.npz
11490434/11490434 [==============================] - 0s 0us/step
Generation 1
1000000101011110000011111100110101000010100001111011110101101011011 0.12630000710487366
1000010101001010010010101001101110000110011010101111010100010111000 0.4490000009536743
1100101111001010000001111110001011011000111111101101000010100001011 0.17479999363422394
1100010100001010101011000000010001001010000011010010101100110001001 0.09380000084638596
0101101000101110000100100100011110110110101000100101011101000110100 0.09440000355243683
1000000011111101000000111100011100110111101101010011110101101100001 0.10379999876022339
1000011011000011110000010101100110111111100010110111011101111110101 0.6384999752044678
0101101000010101100011001001001010000110001010111101011011010000010 0.10100000351667404
0000010010001100101100010101100110111110010010101111111011011000101 0.09799999743700027
0100000100000101101110001110010110001110111100000000111010001011000 0.12449999898672104
0000011110011100100000001000110111100001110011010111001111000111010 0.842199981212616
1100101000101100001000010001100000111110001111011001010100111010101 0.24860000610351562
0001010100000010000001010011011101110010111011111100011110101110000 0.0892999991774559
1111110001000111001000101100110001111100000101001101111100010100111 0.0982000008225441
1100100000011111001110010100110000000101100011000010101100110001001 0.08630000054836273
0000110110011100100010111011011100100001010000001011111010110001101 0.2808000147342682
1000101101011000101011110001111111001111111010100010000111001101111 0.09730000048875809
1000010100110001100101000111000111010010111101110110010010000000101 0.2687999904155731
0101110110001111100001111101100101010001110000111010000011000111011 0.9506999850273132
0000010010111001110100001010001000000000000110111001100110101100111 0.11349999904632568
1001101011000101110000010001000111101101000000011101001010011000110 0.09799999743700027
1100111001111001101011010101000100101001101111111010000110001010001 0.11460000276565552
0100011100000010000000110010001110000110100001111110010010110000001 0.16680000722408295
1100110000001111110101000101001011110000000110111100100000100111100 0.07530000060796738
1100001001001100101001111000011011101001110001010100101101101100011 0.8331000208854675
0100011110011010101100101110110000100100101001010000010000010001001 0.11819999665021896
1000101101111110100100100011010100101111000010010101001110011010111 0.8539999723434448
1100110011110001111111100010110011100100000101001000101011000100010 0.33390000462532043
1000100000101011110100000110101011100010111111110111100011010000110 0.29019999504089355
1000110011000100111010010111110000010100011101001010010011110100011 0.8549000024795532
0000010000001100001011110101010110001000111111111000100010100111101 0.8113999962806702
0100010000000101111010100000000111110011101101111110011101001000110 0.8815000057220459
0101011000000111101101111010111010011100111110101100000000010111001 0.6216999888420105
1000001000001001101110101000100100000010111111001101011101100111110 0.838100016117096
0100000110111001101001111110110110110001101010100101011010101001111 0.7903000116348267
1100010110111000011011111011001110010010110101100000110001001010100 0.17010000348091125
1001011100010000000100011101100001010111000110101000010010001101110 0.6026999950408936
0100100000010011001000010111001001100100011010010010100110010111111 0.10090000182390213
1100011101000001010011011011010101111000001010111001110111000100110 0.09799999743700027
1100101101101111001000111100010101100110111000110111000100110010101 0.9150000214576721
0100111010111011111000011111001110110011011001001110000100000111110 0.9028000235557556
0100111001011101010010011000110111000110011111101100000011101001111 0.09799999743700027
1100111110010110011100101000000111001000101010000110000010000101111 0.10279999673366547
1100101111110101010010011000000001101101100101010100110100000101011 0.9247000217437744
1000000110101010101101011010010100010011000011011010000101101000010 0.0851999968290329
0001000100000001001010011000011001011101100011110011101011110001001 0.2955000102519989
1100011000010001111111000001110101001010101011001110111100111111000 0.3156999945640564
0000000111110101011110000011111001011111011111011011100011001000011 0.17839999496936798
0000011111001001100101101010010110011010111110011100100110010101000 0.15629999339580536
1000000110100000010011011010001111110100010010100111001011001011100 0.683899998664856
[0.9506999850273132]
[0, 1, 0, 1, 1, 1, 0, 1, 1, 0, 0, 0, 1, 1, 1, 1, 1, 0, 0, 0, 0, 1, 1, 1, 1, 1, 0, 1, 1, 0, 0, 1, 0, 1, 0, 1, 0, 0, 0, 1, 1, 1, 0, 0, 0, 0, 1, 1, 1, 0, 1, 0, 0, 0, 0, 0, 1, 1, 0, 0, 0, 1, 1, 1, 0, 1, 1] 0.9506999850273132 0.9390587607208563
Generation 2
0101110110001111100001111101100101010001110000111010000011000111011 0.9506999850273132
1100111111001010000001111110001011011000111111101111000010100101011 0.9563000202178955
1000011110011010101100101110110000100000101111001101011101100101101 0.9549999833106995
0101110110001111100001111101100101010001110000111010000011000111011 0.9506999850273132
0101011000000111101101111010111010011100111110101100001100000111010 0.9370999932289124
1100100111110101010010011000000001101101100101010100100100001101110 0.9257000088691711
1100101111110101010010011000000001101101100101010100110100000101011 0.9247000217437744
1100001001001100101001111000011011101001110001010100101101101100110 0.9182000160217285
1100111110010110011100101000000111001001100101010100110100000101111 0.9172000288963318
1100101101101111001000111100010101100110111000110111000100110010101 0.9150000214576721
1000011101000001010011011011010101111000000101010100110101000101011 0.9135000109672546
0100111010111011111000011111001110110011011001001110000100000111110 0.9028000235557556
0100010001000101111010111100011100110011101101111111110101100100100 0.897599995136261
1100110011010100111010010111110000010100011101001010010011110100011 0.8956000208854675
0100111000000010000000110010001110000110100001111100010010101001111 0.88919997215271
1100010100000101011010100000000111110011101101100111001101001000110 0.8888999819755554
0100010000000101111010100000000111110011101101111110011101001000110 0.8815000057220459
1100101111110101010010011000000001101100101010000110000010000101011 0.8798999786376953
1100101111110101010010011001000001101101101010111001110110000100110 0.8754000067710876
1100111001000100111010010111110000010011101111111010010011110100011 0.8585000038146973
0101011100010000000100011101001110000110100001111110010110001100011 0.8554999828338623
1000110011000100111010010111110000010100011101001010010011110100011 0.8549000024795532
1000101101111110100100100011010100101111000010010101001110011010111 0.8539999723434448
0000011110011100100000001000110111100001110011010111001111000111010 0.842199981212616
1000001000001001101110101000100100000010111111001101011101100111110 0.838100016117096
1000000110100100111010011010001111110100010010100111001011000101011 0.826200008392334
0000010000001000001011110101010110001000110111111000010000100101110 0.8169000148773193
0000010000001100001011110101010110001000111111111000100010100111101 0.8113999962806702
0100000110111001101001111110110110110001101010100101011010101001111 0.7903000116348267
1100011110111000011011111011001110010010110101100000110001000010110 0.767799973487854
0000000110100000010011011010001111110100010010111110011011001011100 0.73580002784729
1000000110100000010011011010001111110100010010100111001011001011100 0.683899998664856
1000011011000011110000010101100110111111100010110111011101111110101 0.6384999752044678
1001011100010000000100011101100001010111000110101000010010000101011 0.6248999834060669
0101011000000111101101111010111010011100111110101100000000010111001 0.6216999888420105
0000110110011100100010111011011100100001000110101011100110110001101 0.6144999861717224
1100110011110001111111111010111110111100111110101100101011000101000 0.6134999990463257
1001011100010000000100011101100001010111000110101000010010001101110 0.6026999950408936
0000010011000100111010010111110001011111011111011011100011001000011 0.5993000268936157
0000011110011101100000001000110111100001110011010111000011010111001 0.558899998664856
0100111010111011111111100010110011100100000101001000101011000101010 0.5386000275611877
1100011000010001111111000001110110110110101000100110111100111111100 0.4952999949455261
1001011100010000000100011101100001010111000110101000100010001111101 0.4740000069141388
1000010101001010010010101001101110000110011010101111010100010111000 0.4490000009536743
1100101111110101010010011000010001101101100101010100110100000001011 0.43140000104904175
1100110011110001111000011111001110110011011001001110000100000110110 0.3799000084400177
1100110011110001111111100010110011100100000101001000101011000100010 0.33390000462532043
1100011000010001111111000001110101001010101011001110111100111111000 0.3156999945640564
1000100111110101011100000011111000010100011101001010000011110100011 0.30000001192092896
0001000100000001001010011000011001011101100011110011101011110001001 0.2955000102519989
1000100000101011110100000110101011100010111111110111100011010000110 0.29019999504089355
Generation 3
1100111111001010000001111110001011011000111111101111000010100101011 0.9563000202178955
0000110110011100100010111000000001101101100101010100100110001101100 0.9617000222206116
1100110011010100111110010111110000010100011101001010010011010100110 0.9581999778747559
1100101101101111001000111100010101100110111000101011000100110100101 0.9569000005722046
1100111111001010000001111110001011011000111111101111000010100101011 0.9563000202178955
1100011110011010101100101110110000100000101111001101011101111111101 0.9556000232696533
1000011110011010101100101110110000100000101111001101011101100101101 0.9549999833106995
0101110110001111100001111101100101010001110000111010000011000111011 0.9506999850273132
0101011000000111101101111010111010011100111110101100001100000111010 0.9370999932289124
1100100111110101010010011011011100100001000110101011100100110001111 0.928600013256073
0000010000001000001011110101010110001000011101011000010011110100110 0.9272000193595886
1100100111110101010010011000000001101101100101010100100100001101110 0.9257000088691711
1100101111110101010010011000000001101101100101010100110100000101011 0.9247000217437744
0101110110001111100001111101100101010001110000111001011010101001111 0.9221000075340271
1000001000001001101110101000001110000110100001011100011010100111110 0.9208999872207642
1100001001001100101001111000011011101001110001010100101101101100110 0.9182000160217285
0100111110111011111000011111001110110011011001001110000100000111100 0.9172999858856201
1100111110010110011100101000000111001001100101010100110100000101111 0.9172000288963318
1100101101101111001000111100010101100110111000110111000100110010101 0.9150000214576721
1100100110001001101110101000100100000010111111001101011100001101110 0.9136000275611877
1000011101000001010011011011010101111000000101010100110101000101011 0.9135000109672546
1100101111110101010010011000000001101100101101100110001101001001110 0.9038000106811523
1100110011010100111010010111110000010100110111101010010000100101011 0.9036999940872192
0100111010111011111000011111001110110011011001001110000100000111110 0.9028000235557556
1100101111110101011010011001000001100100000110111001101011000101010 0.9027000069618225
0100010001000101111010111100011100110011101101111111110101100100100 0.897599995136261
0100010000000101111010100000000111110011001101111110011101000100011 0.8950999975204468
1000001001010101010000011000000001101101100101010100100101100111111 0.8949999809265137
0100111000000010000000110010001110000110100001111100010010101001111 0.88919997215271
0100011010111011111000011111101110110011011001111110000100001101011 0.8889999985694885
1100010100000101011010100000000111110011101101100111001101001000110 0.8888999819755554
0100111000000010000000110010100100000010111111001101010101101001111 0.8827999830245972
0100010000000101111010100000000111110011101101111110011101001000110 0.8815000057220459
1100101111110101010010011000000001101100101010000110000010000101011 0.8798999786376953
1100101111110101010010011001000001101101101010111001110110000100110 0.8754000067710876
0000010000001100001011110101010110001000110011111000000011000111011 0.8695999979972839
0101011100010000000100011001001110000110100001111110100010001100011 0.8586999773979187
1100111001000100111010010111110000010011101111111010010011110100011 0.8585000038146973
0101011100010000000100011101001110000110100001111110010110001100011 0.8554999828338623
1000110011000100111010010111110000010100011101001010010011110100011 0.8549000024795532
1000101101111110100100100011010100101111000010010101001110011010111 0.8539999723434448
0100010000000101111010100000000111110011111101111110011100000110110 0.8503999710083008
0000011110011100100000001000110111100001110011010111001111000111010 0.842199981212616
1100101111110101010010011000000001101100101010000110000110000100011 0.8411999940872192
0000010010010100111010010111110001011111011111011011100101000100011 0.8411999940872192
0101110110001111100001111101100101010001111100111010100010100111101 0.8389999866485596
1000001000001001101110101000100100000010111111001101011101100111110 0.838100016117096
1000011000010001111111000001110110110110101000100110111100100101100 0.8287000060081482
0100010000010101010010011001000001101111101101111110011101001000110 0.828499972820282
1000000110100100111010011010001111110100010010100111001011000101011 0.826200008392334
0000010000001000001011110101010110001000110111111000010000100101110 0.8169000148773193
Generation 4
0000110110011100100010111000000001101101100101010100100110001101100 0.9617000222206116
1100011110011010011100101000000111001001100101010101011101110101101 0.9646000266075134
0000110110011100100010111000000001101101100101010100100110001101100 0.9617000222206116
1100110011010100111110010111110000010100011101001010010011010100110 0.9581999778747559
1100101101101111001000111100010101100110111000101011000100110100101 0.9569000005722046
1100111111001010000001111110001011011000111111101111000010100101011 0.9563000202178955
1100011110011010101100101110110000100000101111001101011101111111101 0.9556000232696533
1000011110011010101100101110110000100000101111001101011101100101101 0.9549999833106995
1101110110001111100001100000000111010011110000111001011101000001111 0.9531999826431274
1100110011010101111110010111110000010110100001011100011010100100110 0.9508000016212463
0101110110001111100001111101100101010001110000111010000011000111011 0.9506999850273132
1100101111110101010010011011011100110001000110101001011010100001111 0.9419999718666077
0101011000000111101101111010111010011100111110101100001100000111010 0.9370999932289124
0101110110001111100001111101100101010001110000111010000010000101011 0.9348000288009644
1100001110011010101100101110110000100000101111001010011101110101101 0.9341999888420105
0101110110001110100001111101100101000001110000111011000100111001111 0.9334999918937683
1100100111110101010010011011011100100001000110101011100100110001111 0.928600013256073
0100100111110101010010011011011100000001000110101011100100110011111 0.9283999800682068
0000010000001000001011110101010110001000011101011000010011110100110 0.9272000193595886
0100010001000101111010111100011100110011101101111011100101000100110 0.9258999824523926
1100100111110101010010011000000001101101100101010100100100001101110 0.9257000088691711
1100101111110101010010011000000001101101100101010100110100000101011 0.9247000217437744
0101110110001111100001111101100101010001110000111001011010101001111 0.9221000075340271
1000001000001001101110101000001110000110100001011100011010100111110 0.9208999872207642
1100001001001100101001111000011011101001110001010100101101101100110 0.9182000160217285
0100111110111011111000011111001110110011011001001110000100000111100 0.9172999858856201
1100111110010110011100101000000111001001100101010100110100000101111 0.9172000288963318
1100101101101111001000111100010101100110111000110111000100110010101 0.9150000214576721
1100100110001001101110101000100100000010111111001101011100001101110 0.9136000275611877
1000011101000001010011011011010101111000000101010100110101000101011 0.9135000109672546
0101011000000111101101111010111010011100111110101100000011000111010 0.9108999967575073
0100111000000010000000110010100100000010111111001101010101100101110 0.9071999788284302
1100101111110101010010011000000001101100101101100110001101001001110 0.9038000106811523
1100110011010100111010010111110000010100110111101010010000100101011 0.9036999940872192
0100111010111011111000011111001110110011011001001110000100000111110 0.9028000235557556
1100101111110101011010011001000001100100000110111001101011000101010 0.9027000069618225
0000010000001100000011011011010101111000010011110100110101000101011 0.9024999737739563
0000110110011100100010111001110000010100110101010010100110001101110 0.8985000252723694
0100010001000101111010111100011100110011101101111111110101100100100 0.897599995136261
0100010000000101111010100000000111110011001101111110011101000100011 0.8950999975204468
1000001001010101010000011000000001101101100101010100100101100111111 0.8949999809265137
0000010000001100011011110101010110001000110011111000001100000111011 0.8914999961853027
0100111000000010000000110010001110000110100001111100010010101001111 0.88919997215271
0100011010111011111000011111101110110011011001111110000100001101011 0.8889999985694885
1100010100000101011010100000000111110011101101100111001101001000110 0.8888999819755554
1100100111110101010010011000000001101100101010000110100110000100111 0.886900007724762
0100011100000101011010111101100101100011101101100111001010101000110 0.8866999745368958
0100111000000010000000110010100100000010111111001101010101101001111 0.8827999830245972
0100010000000101111010100000000111110011101101111110011101001000110 0.8815000057220459
1100101111110101010010011000000001101100101010000110000010000101011 0.8798999786376953
1100101111110101010010011001000001101101101010111001110110000100110 0.8754000067710876
Generation 5
1100011110011010011100101000000111001001100101010101011101110101101 0.9646000266075134
1100011110011010011100101000000111001001100101010101011101110101101 0.9646000266075134
1101110110001111100001100000000111010011110000111001011101100001111 0.9629999995231628
0000110110011100100010111000000001101101100101010100100110001101100 0.9617000222206116
1101110110001111100001100000010111010011110000111001011101000101011 0.9585999846458435
1100110011010100111110010111110000010100011101001010010011010100110 0.9581999778747559
1100101101101111001000111100010101100110111000101011000100110100101 0.9569000005722046
0101110110001111100001111101100101010010111000101011000100000101101 0.9563999772071838
1100111111001010000001111110001011011000111111101111000010100101011 0.9563000202178955
1100011110011010101100101110110000100000101111001101011101111111101 0.9556000232696533
1000011110011010101100101110110000100000101111001101011101100101101 0.9549999833106995
0101110110001111100001111111100101010001110000111010000010101101011 0.9538999795913696
0000110110111100100000110010000001101101100111001101010100001101101 0.953499972820282
1100110011010101111110010111110000010110100001011100011010100100110 0.9508000016212463
0101110110001111100001111101100101010001110000111010000011000111011 0.9506999850273132
0101110110001111100001111101100101111000110000111001011010101101011 0.9506000280380249
1000011110011010101100101110110000100010101111001101111101000101101 0.944599986076355
1100110110011100100010111001110000011100110110110001101011000101010 0.9429000020027161
1100101111110101010010011011011100110001000110101001011010100001111 0.9419999718666077
1100101111110101010010011011111100110001000100111001011010100001111 0.9373999834060669
0101011000000111101101111010111010011100111110101100001100000111010 0.9370999932289124
0101110110001111100001111101100101010001110010101001011010101001111 0.935699999332428
0000101111110101011010011001000001100100000101011010100110001101110 0.9351999759674072
1100001110011010101100101110110000100000101111001010011101110101101 0.9341999888420105
0101110110001110100001111101100101000001110000111011000100111001111 0.9334999918937683
1100101111110101010010011010000000000001000110100110000101001011111 0.932200014591217
0100100111110101010010011111011100011000110000111011011010101011111 0.9304999709129333
1100100111110101010010011011011100100001000110101011100100110001111 0.928600013256073
0100100111110101010010011011011100000001000110101011100100110011111 0.9283999800682068
0101110110001111100001111101100101010000110010111001011010101001111 0.9279999732971191
0000010000001000001011110101010110001000011101011000010011110100110 0.9272000193595886
0100010001000101111010111100011100110011101101111011100101000100110 0.9258999824523926
1100100111110101010010011000000001101101100101010100100100001101110 0.9257000088691711
1100101111110101010010011000000001101101100101010100110100000101011 0.9247000217437744
0101110110001111100001111101100101010001110000111001011010101001111 0.9221000075340271
1100101101101111001000111100010101100100110000111010000010110100011 0.921999990940094
1000001000001001101110101000001110000110100001011100011010100111110 0.9208999872207642
0101110110001110100001111101100101000001000110101001100100110001111 0.919700026512146
1100001001001100101001111000011011101001110001010100101101101100110 0.9182000160217285
0100111110111011111000011111001110110011011001001110000100000111100 0.9172999858856201
1100111110010110011100101000000111001001100101010100110100000101111 0.9172000288963318
1100101101101111001000111100010101100110111000110111000100110010101 0.9150000214576721
1100100110001001101110101000100100000010111111001101011100001101110 0.9136000275611877
1000011101000001010011011011010101111000000101010100110101000101011 0.9135000109672546
0101011000000111101101111010111010011100111110101100000011000111010 0.9108999967575073
0100111000000010000000110010100100000010111111001101010101100101110 0.9071999788284302
1100101111110101010010011000000001101100101101100110001101001001110 0.9038000106811523
1100110011010100111010010111110000010100110111101010010000100101011 0.9036999940872192
0100111010111011111000011111001110110011011001001110000100000111110 0.9028000235557556
1100101111110101011010011001000001100100000110111001101011000101010 0.9027000069618225
0000010000001100000011011011010101111000010011110100110101000101011 0.9024999737739563
Generation 6
1100011110011010011100101000000111001001100101010101011101110101101 0.9646000266075134
1100101101101011000010111000000001101101100101010101001100110101101 0.9684000015258789
1100011110011010011100101000000111001001100101010101011101110101101 0.9646000266075134
1101110110001111100001100000000111010011110000111001011101100001111 0.9629999995231628
0000110110011100100010111000000001101101100101010100100110001101100 0.9617000222206116
1100101111110101010010011011111000110001000100111001011010100011111 0.9595000147819519
1101110110001111100001100000010111010011110000111001011101000101011 0.9585999846458435
1100110011010100111110010111110000010100011101001010010011010100110 0.9581999778747559
1100101101101111001000111100010101100110111000101011000100110100101 0.9569000005722046
0101110110001111100001111101100101010010111000101011000100000101101 0.9563999772071838
1100111111001010000001111110001011011000111111101111000010100101011 0.9563000202178955
1100011110011010101100101110110000100000101111001101011101111111101 0.9556000232696533
0000110110111100100000110010000001101101100111001101010100000101101 0.9553999900817871
1000011110011010101100101110110000100000101111001101011101100101101 0.9549999833106995
0101110110001111100001111111100101010001110000111010000010101101011 0.9538999795913696
0000110110111100100000110010000001101101100111001101010100001101101 0.953499972820282
1100101111111101011110011011011100110001010110101001011011010100110 0.9524999856948853
1100110011010101111110010111110000010110100001011100011010100100110 0.9508000016212463
0101110110001111100001111101100101010001110000111010000011000111011 0.9506999850273132
0101110110001111100001111101100101111000110000111001011010101101011 0.9506000280380249
0101110110001111100001101101100101010010111000101011000100000101101 0.9502000212669373
0000101111111111100001011001000001100100000101011010111110001101110 0.9485999941825867
1101100110001111100001111001100101010001110010101001011010101001111 0.9478999972343445
1101110110001111100001100000000111010011110010111001100101110001111 0.9459999799728394
1000011110011010101100101110110000100010101111001101111101000101101 0.944599986076355
1100110110011100100010111001110000011100110110110001101011000101010 0.9429000020027161
1100101111110101010010011011011100110001000110101001011010100001111 0.9419999718666077
0000110110111100100000110010000001100001110000111011010100001101101 0.9419999718666077
1100101111110101010010011011111100110001000100111001011010100001111 0.9373999834060669
1100110011010101110010010111110000010100011101001010010010100001111 0.9373999834060669
0101011000000111101101111010111010011100111110101100001100000111010 0.9370999932289124
0101110110001111100001111101100101010001110010101001011101100101011 0.9369999766349792
0101110110001111100001111101100101010001110010101001011010101001111 0.935699999332428
0000101111110101011010011001000001100100000101011010100110001101110 0.9351999759674072
1100001110011010101100101110110000100000101111001010011101110101101 0.9341999888420105
0101110110001110100001111101100101000001110000111011000100111001111 0.9334999918937683
1100101111110101010010011010000000000001000110100110000101001011111 0.932200014591217
0100100111110101010010011111011100011000110000111011011010101011111 0.9304999709129333
1100111110010110011100101100000111001000010011110100110100000101011 0.9289000034332275
1100100111110101010010011011011100100001000110101011100100110001111 0.928600013256073
0000110110011100101000110100010101100110111000101010000110001100100 0.928600013256073
0100100111110101010010011011011100000001000110101011100100110011111 0.9283999800682068
0101110110001111100001111101100101010000110010111001011010101001111 0.9279999732971191
0000010000001000001011110101010110001000011101011000010011110100110 0.9272000193595886
1100110011010100111110010011110000010100011101001010011010000101110 0.9259999990463257
0100010001000101111010111100011100110011101101111011100101000100110 0.9258999824523926
1100100111110101010010011000000001101101100101010100100100001101110 0.9257000088691711
1100101111110101010010011000000001101101100101010100110100000101011 0.9247000217437744
0101110110001111100001111101100101010001110000111001011010101001111 0.9221000075340271
1100101101101111001000111100010101100100110000111010000010110100011 0.921999990940094
0000110110111100100000110010000001101101110010101001011110001001111 0.9210000038146973
Generation 7
1100101101101011000010111000000001101101100101010101001100110101101 0.9684000015258789
1100101101101011000010111000000001101101100101010101001100110101101 0.9684000015258789
1100011110011010011100101000000111001001100101010101011101110101101 0.9646000266075134
1101110110001111100001100000000111010011110000111001011101100001111 0.9629999995231628
1100101110011010011100101000000111001001100101010101011010100000111 0.9628999829292297
0000110110011100100010111000000001101101100101010100100110001101100 0.9617000222206116
1100101111110101010010011011111000110001000100111001011010100011111 0.9595000147819519
1100101111111101011110011111011100110001010110101001101101010000111 0.9592000246047974
1101110110001111100001100000010111010011110000111001011101000101011 0.9585999846458435
1100110011010100111110010111110000010100011101001010010011010100110 0.9581999778747559
1100101101101111001000111100010101100110111000101011000100110100101 0.9569000005722046
0101110110001111100001111101100101010010111000101011000100000101101 0.9563999772071838
1100111111001010000001111110001011011000111111101111000010100101011 0.9563000202178955
1100011110011010101100101110110000100000101111001101011101111111101 0.9556000232696533
0000110110111100100000110010000001101101100111001101010100000101101 0.9553999900817871
1000011110011010101100101110110000100000101111001101011101100101101 0.9549999833106995
1100110110011100100010111010000000000101100111010100000111001011101 0.9549000263214111
0101110110001111100001111111100101010001110000111010000010101101011 0.9538999795913696
0000110110111100100000110010000001101101100111001101010100001101101 0.953499972820282
1100101111111101011110011011011100110001010110101001011011010100110 0.9524999856948853
1100110011010101111110010111110000010110100001011100011010100100110 0.9508000016212463
0101110110001111100001111101100101010001110000111010000011000111011 0.9506999850273132
0101110110001111100001111101100101111000110000111001011010101101011 0.9506000280380249
0101110110001111100001101101100101010010111000101011000100000101101 0.9502000212669373
0000101111111111100001011001000001100100000101011010111110001101110 0.9485999941825867
1101100110001111100001111001100101010001110010101001011010101001111 0.9478999972343445
1101110110001111100001100000000111010011110010111001100101110001111 0.9459999799728394
1000011110011010101100101110110000100010101111001101111101000101101 0.944599986076355
1100101101101111000001111001010101010001110010101001011010110000111 0.9437999725341797
1100110110011100100010111001110000011100110110110001101011000101010 0.9429000020027161
1100101111110101010010011011011100110001000110101001011010100001111 0.9419999718666077
0000110110111100100000110010000001100001110000111011010100001101101 0.9419999718666077
1101110110001111100001100000000111010011110001011001110011110000111 0.9409999847412109
1100100011010101111110010111110000110110100001011101011010100101101 0.9394999742507935
1100100111110101010010100100000111010011110010111001100101110001111 0.9387000203132629
1100101111110101010010011011111100110001000100111001011010100001111 0.9373999834060669
1100110011010101110010010111110000010100011101001010010010100001111 0.9373999834060669
0101011000000111101101111010111010011100111110101100001100000111010 0.9370999932289124
0000101111111111100001011001000001100100000101011010111110001001111 0.9370999932289124
0101110110001111100001111101100101010001110010101001011101100101011 0.9369999766349792
0101110110001111100001111101100101010001110010101001011010101001111 0.935699999332428
0101110110001111100001111101100101010001110010101001011100100001111 0.9355000257492065
0000101111110101011010011001000001100100000101011010100110001101110 0.9351999759674072
1100001110011010101100101110110000100000101111001010011101110101101 0.9341999888420105
1101110110001111100001100000010111010001000110101001011010000101011 0.933899998664856
0101110110001110100001111101100101000001110000111011000100111001111 0.9334999918937683
0100100111110111100001111101100101010110111100101011000100000011111 0.9327999949455261
1100101111110101010010011010000000000001000110100110000101001011111 0.932200014591217
1101110110001111100001111101100101111001000110101001011010110101011 0.9307000041007996
0100100111110101010010011111011100011000110000111011011010101011111 0.9304999709129333
1100111110010110011100101100000111001000010011110100110100000101011 0.9289000034332275
Generation 8
1100101101101011000010111000000001101101100101010101001100110101101 0.9684000015258789
1100101101101011000010111000000001101101100101010101001100110101101 0.9684000015258789
1100011110011010011100101000000111001001100101010101011101110101101 0.9646000266075134
1101110110001111100001100000000111010011110000111001011101100001111 0.9629999995231628
1100101110011010011100101000000111001001100101010101011010100000111 0.9628999829292297
0000110110011100100010111000000001101101100101010100100110001101100 0.9617000222206116
1100101111111101011100101000001111001001100101010101011101110100110 0.9616000056266785
1100101111110101010010011011111000110001000100111001011010100011111 0.9595000147819519
1101110110001111100001100000000110010110110001011100011010100100100 0.9592999815940857
1100101111111101011110011111011100110001010110101001101101010000111 0.9592000246047974
1101110110001111100001100000010111010011110000111001011001000101011 0.9588000178337097
1100110011010100111110010111110000010100011101001010010011010100110 0.9581999778747559
1101110110001111100001100000010111010001000100101001011110000101011 0.9574000239372253
1100101101101111001000111100010101100110111000101011000100110100101 0.9569000005722046
0101110110001111100001111101100101010010111000101011000100000101101 0.9563999772071838
1100111111001010000001111110001011011000111111101111000010100101011 0.9563000202178955
1100011110011010101100101110110000100000101111001101011101111111101 0.9556000232696533
0000110110111100100000110010000001101101100111001101010100000101101 0.9553999900817871
1000011110011010101100101110110000100000101111001101011101100101101 0.9549999833106995
1100110110011100100010111010000000000101100111010100000111001011101 0.9549000263214111
1101110110001111100001111001010111010001110010101001011101101101011 0.9546999931335449
1100110110011101111110010111110000010000100001011100011010100101100 0.9544000029563904
0101110110001111100001111111100101010001110000111010000010101101011 0.9538999795913696
0000110110111100100000110010000001101101100111001101010100001101101 0.953499972820282
1101110110001111101100101000000111011001100111010101011010100101011 0.9527000188827515
1100101111111101011110011011011100110001010110101001011011010100110 0.9524999856948853
1100101111111101011110011111011100110001010100101001101010100001111 0.9514999985694885
1100110011010101111110010111110000010110100001011100011010100100110 0.9508000016212463
0101110110001111100001111101100101010001110000111010000011000111011 0.9506999850273132
0101110110001111100001111101100101111000110000111001011010101101011 0.9506000280380249
0101110110001111100001101101100101010010111000101011000100000101101 0.9502000212669373
0000101111111111100001011001000001100100000101011010111110001101110 0.9485999941825867
1101100110001111100001111001100101010001110010101001011010101001111 0.9478999972343445
1101110110001111100001100000000111010011110010111001100101110001111 0.9459999799728394
1100101111010101010010011011111000110001000110111001001101010010101 0.945900022983551
0101110110001111100001111101100101010000111000101001011010101001111 0.9458000063896179
1101100110001111100001111001100101010010111000101001011010101001111 0.9449999928474426
1000011110011010101100101110110000100010101111001101111101000101101 0.944599986076355
1100101101101111000001111001010101010001110010101001011010110000111 0.9437999725341797
1100110110010100100110111100100100000101100111010100000111001011101 0.9430000185966492
1100110110011100100010111001110000011100110110110001101011000101010 0.9429000020027161
1100101111110101010010011011011100110001000110101001011010100001111 0.9419999718666077
0000110110111100100000110010000001100001110000111011010100001101101 0.9419999718666077
1100110110011100100011111010000000010100011101101100000011010100110 0.9416000247001648
1101110110001111100001100000000111010011110001011001110011110000111 0.9409999847412109
1100100011010101111110010111110000110110100001011101011010100101101 0.9394999742507935
1100100111110101010010100100000111010011110010111001100101110001111 0.9387000203132629
1100101111110101010010011011111100110001000100111001011010100001111 0.9373999834060669
1100110011010101110010010111110000010100011101001010010010100001111 0.9373999834060669
0101011000000111101101111010111010011100111110101100001100000111010 0.9370999932289124
0000101111111111100001011001000001100100000101011010111110001001111 0.9370999932289124
Generation 9
1100101101101011000010111000000001101101100101010101001100110101101 0.9684000015258789
1101110110001111100101100000011001011100100100101100001110000111011 0.9725000262260437
1100101101101011000010111000000001101101100101010101001100110101101 0.9684000015258789
1100011110011010011100101000000111001001100101010101011101110101101 0.9646000266075134
1101110110001111100001100000000111010011110000111001011101100001111 0.9629999995231628
1100101110011010011100101000000111001001100101010101011010100000111 0.9628999829292297
0000110110011100100010111000000001101101100101010100100110001101100 0.9617000222206116
1100101111111101011100101000001111001001100101010101011101110100110 0.9616000056266785
1100101111110101010010011011111000110001000100111001011010100011111 0.9595000147819519
1101110110001111100001100000000110010110110001011100011010100100100 0.9592999815940857
1100101111111101011110011111011100110001010110101001101101010000111 0.9592000246047974
1101110110001111100001100000010111010011110000111001011001000101011 0.9588000178337097
1100110011010100111110010111110000010100011101001010010011010100110 0.9581999778747559
1101110110001111100001100000010111010001000100101001011110000101011 0.9574000239372253
1100101101101111001000111100010101100110111000101011000100110100101 0.9569000005722046
1101100110001111100001100000100101010011110000111001011101101001111 0.9564999938011169
0101110110001111100001111101100101010010111000101011000100000101101 0.9563999772071838
1100111111001010000001111110001011011000111111101111000010100101011 0.9563000202178955
1100101101101111000001111001010101010001110011101001011010110000111 0.9559999704360962
1100011110011010101100101110110000100000101111001101011101111111101 0.9556000232696533
0000110110111100100000110010000001101101100111001101010100000101101 0.9553999900817871
1100101101101111000001101000000111001001100101001101011101110101101 0.9550999999046326
1000011110011010101100101110110000100000101111001101011101100101101 0.9549999833106995
1100110110011100100010111010000000000101100111010100000111001011101 0.9549000263214111
1101110110001111100001111001010111010001110010101001011101101101011 0.9546999931335449
1100110110011101111110010111110000010000100001011100011010100101100 0.9544000029563904
0101110110001111100001111111100101010001110000111010000010101101011 0.9538999795913696
0000110110111100100000110010000001101101100111001101010100001101101 0.953499972820282
1101110110001111101100101000000111011001100111010101011010100101011 0.9527000188827515
1100101111111101011110011011011100110001010110101001011011010100110 0.9524999856948853
1100101111111101011110011111011100110001010100101001101010100001111 0.9514999985694885
1100110011010101111110010111110000010110100001011100011010100100110 0.9508000016212463
0101011000000111101101110010111010011100111110101100001100000101100 0.9508000016212463
0101110110001111100001111101100101010001110000111010000011000111011 0.9506999850273132
0101110110001111100001111101100101111000110000111001011010101101011 0.9506000280380249
0101110110001111100001101101100101010010111000101011000100000101101 0.9502000212669373
1100110110011100100001111001100111010010110111010101011010001001111 0.9498999714851379
0000101111111111100001011001000001100100000101011010111110001101110 0.9485999941825867
1101100110001111100001111001100101010001110010101001011010101001111 0.9478999972343445
1100101101101111000001001000000111001001100101011001011010100000111 0.947700023651123
1100110110010100100110111100100100000101100111000100000110001011111 0.9470000267028809
1101110110001111100001111001000111010001110010101001011010100001111 0.9467999935150146
1101100110001111100001101001100101010010111000101001111010101001111 0.9460999965667725
1101110110001111100001100000000111010011110010111001100101110001111 0.9459999799728394
1100101111010101010010011011111000110001000110111001001101010010101 0.945900022983551
0101110110001111100001111101100101010000111000101001011010101001111 0.9458000063896179
1101100110001111100001111001100101010010111000101001011010101001111 0.9449999928474426
1100110011010101110010010111110000010100011101001010010101110001111 0.9448999762535095
1000011110011010101100101110110000100010101111001101111101000101101 0.944599986076355
1100101101101111000001111001010101010001110010101001011010110000111 0.9437999725341797
1100100110001011100011000000000111010011110001011001110011110000111 0.9430999755859375
Generation 10
1101110110001111100101100000011001011100100100101100001110000111011 0.9725000262260437
1101110110001111100101100000011001011100100100101100001110000111011 0.9725000262260437
1100101101101011000010111000000001101101100101010101001100110101101 0.9684000015258789
1100011110011010011100101000000111001001100101010101011101110101101 0.9646000266075134
1100101110011010011100101000000111001001100101001101010100000101101 0.9639999866485596
1101110110001111100001100000000111010011110000111001011101100001111 0.9629999995231628
1100101110011010011100101000000111001001100101010101011010100000111 0.9628999829292297
1100101110011010011100101000000111001000100111010101011011110000111 0.9624999761581421
0000110110011100100010111000000001101101100101010100100110001101100 0.9617000222206116
1100101111111101011100101000001111001001100101010101011101110100110 0.9616000056266785
1100111111001010000010111110001011011000100101010100100110001101100 0.9613999724388123
0101011000000111101101110010111011100100000101011010111100001101100 0.9602000117301941
1100101111110101010010011011111000110001000100111001011010100011111 0.9595000147819519
1101110110001111100001100000000110010110110001011100011010100100100 0.9592999815940857
1100101111111101011110011111011100110001010110101001101101010000111 0.9592000246047974
1101110110001111100001100000010111010011110000111001011001000101011 0.9588000178337097
1100110011010100111110010111110000010100011101001010010011010100110 0.9581999778747559
1100101101101111000001001010000001101101100101011001011000101101101 0.9581999778747559
1101111110001111100001100000000111010111110010101001100101100000111 0.9580000042915344
1101110110001111100001100000010111010001000100101001011110000101011 0.9574000239372253
1100101111010101000010011111111000110001000110111001001101010011101 0.9570000171661377
1100101101101111001000111100010101100110111000101011000100110100101 0.9569000005722046
1101100110001111100001100000100101010011110000111001011101101001111 0.9564999938011169
0101110110001111100001111101100101010010111000101011000100000101101 0.9563999772071838
1100111111001010000001111110001011011000111111101111000010100101011 0.9563000202178955
1100101101101111000001111001010101010001110011101001011010110000111 0.9559999704360962
1100011110011010101100101110110000100000101111001101011101111111101 0.9556000232696533
0000110110111100100000110010000001101101100111001101010100000101101 0.9553999900817871
1100101101101111000001101000000111001001100101001101011101110101101 0.9550999999046326
1000011110011010101100101110110000100000101111001101011101100101101 0.9549999833106995
1100101101101111000001001000000101001001100101011001011010110001111 0.9549999833106995
1100110110011100100010111010000000000101100111010100000111001011101 0.9549000263214111
1101110110001111100001111001010111010001110010101001011101101101011 0.9546999931335449
1100101101101011010010111000000001101101100101010101001100110100101 0.9545000195503235
1100110110011101111110010111110000010000100001011100011010100101100 0.9544000029563904
0101110110001111100001111111100101010001110000111010000010101101011 0.9538999795913696
0000110110111100100000110010000001101101100111001101010100001101101 0.953499972820282
1100110011010100111110010111110000010110110001001100001010000100110 0.9534000158309937
1101110110001111101100101000000111011001100111010101011010100101011 0.9527000188827515
1101110110001111000001110000010111010001000100101001011110100101011 0.9527000188827515
1100101111111101011110011011011100110001010110101001011011010100110 0.9524999856948853
1100101111111101011110011111011100110001010100101001101010100001111 0.9514999985694885
1100110011010101111110010111110000010110100001011100011010100100110 0.9508000016212463
0101011000000111101101110010111010011100111110101100001100000101100 0.9508000016212463
0101110110001111100001111101100101010001110000111010000011000111011 0.9506999850273132
0101110110001111100001111101100101111000110000111001011010101101011 0.9506000280380249
0101110110001111100001101101100101010010111000101011000100000101101 0.9502000212669373
1100110110011100100001111001100111010010110111010101011010001001111 0.9498999714851379
0000101111111111100001011001000001100100000101011010111110001101110 0.9485999941825867
1101100110001111100001111001100101010001110010101001011010101001111 0.9478999972343445
1100101101101111000001001000000111001001100101011001011010100000111 0.947700023651123
[0.9506999850273132, 0.9563000202178955, 0.9617000222206116, 0.9646000266075134, 0.9646000266075134, 0.9684000015258789, 0.9684000015258789, 0.9684000015258789, 0.9725000262260437, 0.9725000262260437]
[1, 1, 0, 1, 1, 1, 0, 1, 1, 0, 0, 0, 1, 1, 1, 1, 1, 0, 0, 1, 0, 1, 1, 0, 0, 0, 0, 0, 0, 1, 1, 0, 0, 1, 0, 1, 1, 1, 0, 0, 1, 0, 0, 1, 0, 0, 1, 0, 1, 1, 0, 0, 0, 0, 1, 1, 1, 0, 0, 0, 0, 1, 1, 1, 0, 1, 1] 0.9725000262260437 0.8229864167518356