Downloading data from https://storage.googleapis.com/tensorflow/tf-keras-datasets/mnist.npz
11490434/11490434 [==============================] - 0s 0us/step
Generation 1
1100000101111100101111010011010101011001000011001001101010000101111 0.09740000218153
1101101111000000101110011101000010011001011000000011001111010001010 0.08150000125169754
0001100110000101000110100101011100110000010000101111100100111011100 0.7950000166893005
1100011000000011101100100101011111001111001001101001111001100100001 0.845300018787384
1000000110000111111011110011101110001111011011010011111111011111110 0.4717999994754791
0000010110000010101101101110110010011111101000011110110001000011101 0.19449999928474426
1000001000001110010001100100001100110001011001001110111000001110100 0.11010000109672546
0000101011111111010101000100100000011111011100010110001101100000011 0.30820000171661377
1100001000100001111101101111010000000111011110010001000010101111011 0.4041000008583069
1000101101000011011111101010011110101011011001011001100101000111111 0.8307999968528748
0000111111001001011010011111110011110000111011111011010000101100000 0.43849998712539673
1100100010111101000000110100111110100100100111100010001010101000111 0.09799999743700027
0100010111000101101001001101010100000010011011011110101010110110010 0.08969999849796295
1100010010001110101011100111100100000010110001001101110001000011010 0.17020000517368317
1100110110010101000100110100010101011001100000010001001011001011011 0.2353000044822693
1000010010001111001011110000011100011111001010010110001000001000111 0.09799999743700027
1101000101000111001110010011101010100011100001010010001001100100101 0.947700023651123
0100111101010010100000101110110001011011111111100011011101010011011 0.3111000061035156
0100010000111011110011010111010101000101101111101011000101110001110 0.09799999743700027
1000010110000001110110100111001100011000010101010001110101010000100 0.13680000603199005
1000000101000000101100110101101100011000011011001011011100000001101 0.26170000433921814
0000101010101100101100101010100000001100100100111100001100011011010 0.4666999876499176
1100111000100110000101111101111110101110001101000011111101101101110 0.11349999904632568
0110101001010010101000010000100001100001100010101100100110111111101 0.8169000148773193
0001100001001000011001000010101110100000010110111110011110111011101 0.7936999797821045
0000011111100000001000011000111100010010101100000111001010010100101 0.8539000153541565
0100110010101001000100111011000111001101000001001111001001011110101 0.13269999623298645
0100111111100101110111000011001011011101000101101110001100110100010 0.8899000287055969
0110101111000001011000000100011011111011011011110101101111011111101 0.09799999743700027
1100011000110110000000001100110000000111101100000011000011100111110 0.5873000025749207
0101010000001110101110000111100100111011000000010000111001101010101 0.29280000925064087
1001010011111101000100011010001011111010101011000101011100100100011 0.34150001406669617
0101010010001000010010010010110001100110111000001110110011010111000 0.11159999668598175
0000001110100100011011011010101010011011110001001100001111110011111 0.9369999766349792
0100110111111110011110100011111011111111110001011000001011100000101 0.565500020980835
1110110000000010010000111000010000010000010111110101000000010010010 0.09560000151395798
1100011101001100011011100111110000110001001101110011111011001011110 0.9266999959945679
1100110111001110011001111101001111000101110100001011010110100100001 0.2248000055551529
1100010100000000000110101101101000101011110001001010110011100010001 0.10989999771118164
0100101000001111110011100000011011010011101100101000010001010010001 0.10769999772310257
0000111100010000110011110010001011011111010101010101111111101001100 0.6376000046730042
0000001100110010000111000111101101011001101001001011001010011001010 0.11900000274181366
0001101000001001010010010011111100110011101100001110001011011000101 0.352400004863739
1001011001101011000000011010001101110011011111100111010111100000100 0.11089999973773956
0100110101001011000100111011100000011011110000101111010101111101000 0.7566999793052673
1100010011010101111110100001001001001100011101000010110010101010100 0.12229999899864197
1110110010000110110100111100100001111010010110110000011100001001111 0.8446000218391418
0101010011011110010000000010100101111001111110100010001001000001001 0.07479999959468842
1000101101010000101111000010100000000000011011000000111100110010101 0.17890000343322754
0000101001010100100111000000000000011101100010001111110010101111011 0.4171999990940094
[0.947700023651123]
[1, 1, 0, 1, 0, 0, 0, 1, 0, 1, 0, 0, 0, 1, 1, 1, 0, 0, 1, 1, 1, 0, 0, 1, 0, 0, 1, 1, 1, 0, 1, 0, 1, 0, 1, 0, 0, 0, 1, 1, 1, 0, 0, 0, 0, 1, 0, 1, 0, 0, 1, 0, 0, 0, 1, 0, 0, 1, 1, 0, 0, 1, 0, 0, 1, 0, 1] 0.947700023651123 0.915465328969112
Generation 2
1101000101000111001110010011101010100011100001010010001001100100101 0.947700023651123
0100111111100101110110100101001011011101000101001100001100110100110 0.9632999897003174
1101000101000111001110010011101010100011100001010010001001100100101 0.947700023651123
0100111011100101110111000011001011011101000101101110001100111100111 0.9391999840736389
0000001110100100011011011010101010011011110001001100001111110011111 0.9369999766349792
1100011101001100011011100111110000110001001101110011111011001011110 0.9266999959945679
1001100110000111000110100101011100110000010000110000011100001001111 0.9164999723434448
1100001110100100011011111010101010100100100111100010001010110010111 0.9074000120162964
0100111111100101110111000001001011011101000101101110001100110100010 0.9009000062942505
0000100010111101000000110100111110011011110001001100001111101001111 0.9002000093460083
0000111100010000110011110010001011011111010101010100001100011001110 0.8873000144958496
1001001001101011000000011010001101110011011111100111010010011100101 0.880299985408783
1000101101010000101111000101011100110000010000101100100100111011101 0.8795999884605408
1000001111000011111011110011101110001011011011010011111111011111110 0.8662999868392944
0000011111100000001000011000111100010010101100000111001010010100101 0.8539000153541565
1100011101001100011011100111110000110001010111010010110000010011110 0.8522999882698059
1100011000000011101100100101011111001111001001101001111001100100001 0.845300018787384
1110110010000110110100111100100001111010010110110000011100001001111 0.8446000218391418
1000101101000011011111101010011110101011011001011001100101000111111 0.8307999968528748
0000111100010000100111110010001111011111010101010101111010101111001 0.8252000212669373
0100010000111011100011010111010101000001101111111110011110111011111 0.8206999897956848
0110101001010010101000010000100001100001100010101100100110111111101 0.8169000148773193
0001100110000101000110100101011100110000010000101111100100111011100 0.7950000166893005
0001100001001000011001000010101110100000010110111110011110111011101 0.7936999797821045
0000011111101000001000011000111100010010101111000111001000110100111 0.7901999950408936
0000011110001110101011100111100100000010110001001101110010010000101 0.7777000069618225
1000010110000001110110100111001100011100110101011110001011011000101 0.7736999988555908
0100110101001011000100111011100000011011110000101111010101111101000 0.7566999793052673
0001110001001000011001000011001011011101000110111110011110110011101 0.7350999712944031
1100010000001110101110000111100100111011000001101001111001100100001 0.7275999784469604
0000100010100110110100111100100001111010011100110110001101101001011 0.6718999743461609
0000111100010000110011110010001011011111010101010101111111101001100 0.6376000046730042
1100011000110110000000001100110000000111101100000011000011100111110 0.5873000025749207
0100110111111110011110100011111011111111110001011000001011100000101 0.565500020980835
1000000110000111111011110011101110001111011011010011111111011111110 0.4717999994754791
0000101010101100101100101010100000001100100100111100001100011011010 0.4666999876499176
0000101001010100100111000000000000011101100010001111110010011111011 0.4433000087738037
0000111111001001011010011111110011110000111011111011010000101100000 0.43849998712539673
0000011111100000001000011000111100010010101100000111001111100000100 0.4334999918937683
0000101011000101101001001101010100000010011011011110101011110110011 0.42739999294281006
0000101001010100100111000000000000011101100010001111110010101111011 0.4171999990940094
1100001000100001111101101111010000000111011110010001000010101111011 0.4041000008583069
0001101000001001010010010011111100110011101100000001110101110100100 0.3968999981880188
0000101001010100100111010000000000011101100010001111110111101001110 0.37059998512268066
0000101101010000101111000010100001110001011111100100111100110000100 0.35519999265670776
0001101000001001010010010011111100110011101100001110001011011000101 0.352400004863739
1001010011111101000100011010001011111010101011000101011100100100011 0.34150001406669617
0100111101010010100000101110110001011011111111100011011101010011011 0.3111000061035156
0000101011111111010101000100100000011111011100010110001101100000011 0.30820000171661377
0101010000001110101110000111100100111011000000010000111001101010101 0.29280000925064087
0001100001001000011001000010101110100000010111101011000101110001100 0.2741999924182892
Generation 3
0100111111100101110110100101001011011101000101001100001100110100110 0.9632999897003174
0100111111100101110110100101001011011101000101001100001100110100110 0.9632999897003174
0000111111001000100000010000100001111000111011111000100111111101100 0.9588000178337097
0000111100010000100111110010001111011111010101010101101011101111011 0.9571999907493591
0100111011100101110111000011001011011111000101111111101100111100110 0.949400007724762
1101000101000111001110010011101010100011100001010010001001100100101 0.947700023651123
0000111100010000110011110010001011011111010101010100001100011001111 0.9452000260353088
0100111111100101110110111100100001111010010110110000001100110101011 0.9419999718666077
0100111011100101110111000011001011011101000101101110001100111100111 0.9391999840736389
0000001110100100011011011010101010011011110001001100001111110011111 0.9369999766349792
0100111111100101110110100101001011011101000101001100001101100010111 0.9358000159263611
1100011000000011101100100101011111001111001001101001111000011101011 0.9330000281333923
0001100110000101000110100101011100110000010000101110000100111011101 0.9315000176429749
1100011101001100011011100111110000110001001101110011111011001011110 0.9266999959945679
1101000101010010101000010000100001100001100001000111001110100111101 0.9228000044822693
1100011101001100011011100111110000110001010111011010110001100011111 0.9186000227928162
1001100110000111000110100101011100110000010000110000011100001001111 0.9164999723434448
1100001110100100011011111010101010100100100111100010001010110010111 0.9074000120162964
0100111111100101110111000001001011011101000101101110001100110100010 0.9009000062942505
0000100010111101000000110100111110011011110001001100001111101001111 0.9002000093460083
0100010101000011011111101010011110100011011011111111011110100110111 0.888700008392334
1001001001101011000000011010001101110011011111100111010010011100101 0.880299985408783
1000101101010000101111000101011100110000010000101100100100111011101 0.8795999884605408
0100111111100101110111000000001011111010101011101101011100100100010 0.8747000098228455
1000001111000011111011110011101110001011011011010011111111011111110 0.8662999868392944
1101000101000100101111000101011100110010000000101100100100110100101 0.8644000291824341
1000001111000011111011110011101110001011111011010011010101111111011 0.8634999990463257
0001100010000001110110100111001100011110110101011100001011011001101 0.8629999756813049
1110110010000110110100111100100001111010010110110000011100001001110 0.8550000190734863
0000011111100000001000011000111100010010101100000111001010010100101 0.8539000153541565
1100011101001100011011100111110000110001010111010010110000010011110 0.8522999882698059
1100011000000011101100100101011111001111001001101001111001100100001 0.845300018787384
1100010000001110011011111010101010100100100111100010001001110000011 0.8328999876976013
1000101101000011011111101010011110101011011001011001100101000111111 0.8307999968528748
0100010000111011100011010111010101000001101111111110011110111011111 0.8206999897956848
0110101001010010101000010000100001100001100010101100100110111111101 0.8169000148773193
0100010101001011000100111011100000011011010000101111111111011001100 0.814300000667572
1101000101000111010100111100100001111011111100110010001001100101011 0.8104000091552734
0001100110000101000110100101011100110000010000101111100100111011100 0.7950000166893005
0001100001001000011001000010101110100000010110111110011110111011101 0.7936999797821045
1000101000011011100011010111010101000001001101011000100101011011111 0.7904999852180481
0000011111101000001000011000111100010010101111000111001000110100111 0.7901999950408936
0000011110001110101011100111100100000010110001001101110010010000101 0.7777000069618225
1000010110000001110110100111001100011100110101011110001011011000101 0.7736999988555908
0100110101001011000100111011100000011011110000101111010101111101000 0.7566999793052673
1100001010100100011011111010101110100000010110100010011110111011111 0.7437999844551086
0001110001001000011001000011001011011101000110111110011110110011101 0.7350999712944031
1100010000001110101110000111100100111011000001101001111001100100001 0.7275999784469604
1000101101010011001110010011101010100011100001010010001001101011101 0.7231000065803528
0000011111101000001000011000111100010010101111000111011100101100111 0.678600013256073
0000100010100110110100111100100001111010011100110110001101101001011 0.6718999743461609
Generation 4
0100111111100101110110100101001011011101000101001100001100110100110 0.9632999897003174
1100111111100101110111000000000011111010100001001100001111100101011 0.967199981212616
0100111111100101110110100101001011011101000101001100001100110100110 0.9632999897003174
0100111111100101110110100001001011011101000101001100010101100011111 0.9611999988555908
0001100010000001110110100111001100011110110101011100001100011001111 0.9610000252723694
0100111111100101110110111100100111001000010101101001111100111101011 0.9609000086784363
0000111111001000100000010000100001111000111011111000100111111101100 0.9588000178337097
0000011101010010101000010000100001100001100001000111000010000111101 0.9584000110626221
0000111100010000100111110010001111011111010101010101101011101111011 0.9571999907493591
1000111111010011001110010011101000100011100001010010000111111101101 0.9557999968528748
0000111101010000110011110010001011011111010101110000001000111001111 0.9514999985694885
0100111011100101110111000011001011011111000101111111101100111100110 0.949400007724762
1101000101000111001110010011101010100011100001010010001001100100101 0.947700023651123
1100011101001100010110100111110000110001001101111000001101001011111 0.9466999769210815
0000111100010000110011110010001011011111010101010100001100011001111 0.9452000260353088
0100111111100101110110111100100001111010010110110000001100110101011 0.9419999718666077
0100111011100101110111000011001011011101000101101110001100111100111 0.9391999840736389
0000001110100100011011011010101010011011110001001100001111110011111 0.9369999766349792
0100111111100101110110100101001011011101000101001100001101100010111 0.9358000159263611
1100011000000011101100100101011111001111001001101001111000011101011 0.9330000281333923
0001100110000101000110100101011100110000010000101110000100111011101 0.9315000176429749
1100011101001100011011100111110000110001001101110011111011001011110 0.9266999959945679
1100011101001100011011100111110000110001010111101110010001100011111 0.9243999719619751
0001100110000101000110100101011100110000010000101111000010011010111 0.9239000082015991
1101000101010010101000010000100001100001100001000111001110100111101 0.9228000044822693
1100011101001100011011100111110000110001010111011010110001100011111 0.9186000227928162
1001100110000111000110100101011100110000010000110000011100001001111 0.9164999723434448
1100001110100100011011111010101010100100100111100010001010110010111 0.9074000120162964
0001100110000101000110100101011101001001101110101101100110111011101 0.9010999798774719
0100111111100101110111000001001011011101000101101110001100110100010 0.9009000062942505
0000100010111101000000110100111110011011110001001100001111101001111 0.9002000093460083
1100011101001100011011100111110000110001010111011011001010010101101 0.8967000246047974
1000001111000011111011110011101100011110110101011100011111011111110 0.891700029373169
0100010101000011011111101010011110100011011011111111011110100110111 0.888700008392334
1001001001101011000000011010001101110011011111100111010010011100101 0.880299985408783
1001001001101011000000011110001101110011011111100110010100111101101 0.8801000118255615
1000101101010000101111000101011100110000010000101100100100111011101 0.8795999884605408
0000000110000001110110100111000010011011110001001100001011011011101 0.8784000277519226
0000101101001000100100010000100001111000111011111000101001101011100 0.8774999976158142
0100111111100101110111000000001011111010101011101101011100100100010 0.8747000098228455
0100111111100101110110111100100001111010010110110000001110110100101 0.8687999844551086
0100111111100101111011111100100001111010010110110011111010110101010 0.8679999709129333
1000001111000011111011110011101110001011011011010011111111011111110 0.8662999868392944
1101000101000100101111000101011100110010000000101100100100110100101 0.8644000291824341
1000001111000011111011110011101110001011111011010011010101111111011 0.8634999990463257
0001100110000101100110100111100000011000010000101110001111011011100 0.8564000129699707
1110110010000110110100111100100001111010010110110000011100001001110 0.8550000190734863
0000011111100000001000011000111100010010101100000111001010010100101 0.8539000153541565
1100011101001100011011100111110000110001010111010010110000010011110 0.8522999882698059
1100011000000011101100100101011111001111001001101001111001100100001 0.845300018787384
0000111111000100011011011010101010011010110001001100001111111011100 0.8432000279426575
Generation 5
1100111111100101110111000000000011111010100001001100001111100101011 0.967199981212616
1100111111100101110111000000000011111010100001001100001111100101011 0.967199981212616
0100111111100101110110100101001011011101000101001100001100110100110 0.9632999897003174
0100111111100101110110100001001011011101000101001100010101100011111 0.9611999988555908
0001100010000001110110100111001100011110110101011100001100011001111 0.9610000252723694
0100111111100101110110111100100111001000010101101001111100111101011 0.9609000086784363
0000111111001000100000010000100001111000111011111000100111111101100 0.9588000178337097
0000011101010010101000010000100001100001100001000111000010000111101 0.9584000110626221
0000111100010000100111110010001111011111010101010101101011101111011 0.9571999907493591
1000111111010011001110010011101000100011100001010010000111111101101 0.9557999968528748
0000111101010000110011110110001101110011011111100110001000111101101 0.9553999900817871
0100111101010001110100010000100001100001100001001100110101100011111 0.9549000263214111
0000111101010000110011110010001011011111010101101101000010111001111 0.9538999795913696
0000111101010000110011110010001011011111010101110000001000111001111 0.9514999985694885
0100111011100101110111000011001011011111000101111111101100111100110 0.949400007724762
0000100010111101100000110100111110011011110001101110001100111011111 0.9484999775886536
1101000101000111001110010011101010100011100001010010001001100100101 0.947700023651123
1100011101001100010110100111110000110001001101111000001101001011111 0.9466999769210815
0001100110000011100110100111100000011000010000101110011110101011111 0.9460999965667725
0000111100010000110011110010001011011111010101010100001100011001111 0.9452000260353088
1101000101000111001110011100100001111011100001010000001110110100101 0.9430000185966492
0100111111100101110110111100100001111010010110110000001100110101011 0.9419999718666077
0100111011100101110111000011001011011101000101101110001100111100111 0.9391999840736389
0001100110000101100110100111110000110011010111011010010001011011111 0.9386000037193298
0000111100010011001110010011101010111111010101010110001001101000111 0.9376999735832214
0000001110100100011011011010101010011011110001001100001111110011111 0.9369999766349792
0100111111100101110110100101001011011101000101001100001101100010111 0.9358000159263611
1100011000000011101100100101011111001111001001101001111000011101011 0.9330000281333923
0100111011100101110111000011011100010001001101111111101100111001111 0.9330000281333923
0001110110000101000110101010011110100011011000101111000010101010111 0.932200014591217
0001100110000101000110100101011100110000010000101110000100111011101 0.9315000176429749
1101000101000010101001010000100001100001100001000111001110100011111 0.9282000064849854
1100011101001100011011100111110000110001001101110011111011001011110 0.9266999959945679
1100011101001100011011100111110000110001010111101110010001100011111 0.9243999719619751
0001100110000101000110100101011100110000010000101111000010011010111 0.9239000082015991
1101000101010010101000010000100001100001100001000111001110100111101 0.9228000044822693
0100111111100101110010111100100001111110010110010010001100110100101 0.9215999841690063
1100011101001100011011100111110000110001010111011010110001100011111 0.9186000227928162
1100011101001100011011100111110000110001010111011010110001100111101 0.9182999730110168
1001100110000111000110100101011100110000010000110000011100001001111 0.9164999723434448
1100001110100001110110100111001100011110110111011100001100110010111 0.9085000157356262
1100001110100100011011111010101010100100100111100010001010110010111 0.9074000120162964
1000111111010011001110010011101010100011100001101110010011110001111 0.9060999751091003
0001100110000101000110100101011101001001101110101101100110111011101 0.9010999798774719
1101000101000100110011110010001011000011100001010000000100010101101 0.9010999798774719
0100111111100101110111000001001011011101000101101110001100110100010 0.9009000062942505
1101011000000011101100100101011111001111001001100111010010011100001 0.9009000062942505
0000100010111101000000110100111110011011110001001100001111101001111 0.9002000093460083
1001011111001010000000011010001101110011011111100111010010011101100 0.8991000056266785
1100011101001100011011100111110000110001010111011011001010010101101 0.8967000246047974
1000001111000011111011110011101100011110110101011100011111011111110 0.891700029373169
Generation 6
1100111111100101110111000000000011111010100001001100001111100101011 0.967199981212616
1100111111100101110111000000000011111010100001001100001111100101011 0.967199981212616
0100111111100101110110100101001011011101000101001100001100110100110 0.9632999897003174
0100111111100101110110100001001011011101000101001100010101100011111 0.9611999988555908
0001100010000001110110100111001100011110110101011100001100011001111 0.9610000252723694
0100111111100101110110111100100111001000010101101001111100111101011 0.9609000086784363
0001100110000011111011110011011100110000010001001110000110111111100 0.9598000049591064
0000111111001000100000010000100001111000111011111000100111111101100 0.9588000178337097
0000011101010010101000010000100001100001100001000111000010000111101 0.9584000110626221
0000111100010000100111110010001111011111010101010101101011101111011 0.9571999907493591
0101000101000011001110010010001011000011100001010110001001010101101 0.9571999907493591
1000111111010011001110010011101000100011100001010010000111111101101 0.9557999968528748
1101000101000010111001010000100001100001100001000111001111100011111 0.9557999968528748
0100111111100101110110101100100111001000010101100001111100111101110 0.9556999802589417
0000111101010000110011110110001101110011011111100110001000111101101 0.9553999900817871
0100111101010001110100010000100001100001100001001100110101100011111 0.9549000263214111
0000111111001000100001011010101010011011110001001100000110111111110 0.954800009727478
0000111101010000110011110010001011011111010101101101000010111001111 0.9538999795913696
0100111111100101110110111100100001111010010110110000001100110111011 0.9535999894142151
1001100110000111000110101101011100110000010000111111101100111001111 0.9521999955177307
0000111101010000110011110010001011011111010101110000001000111001111 0.9514999985694885
0000001111001011111011110000100100010110110101011100011111011111101 0.9506000280380249
0000100010111101100000110100111110011011110001111110001100111011111 0.9502999782562256
0100111011100101110111000011001011011111000101111111101100111100110 0.949400007724762
0000100010111101100000110100111110011011110001101110001100111011111 0.9484999775886536
1101000101000111001110010011101010100011100001010010001001100100101 0.947700023651123
0100111111100101101100100101001011011101000101101110001100111100011 0.947700023651123
1100011101001100010110100111110000110001001101111000001101001011111 0.9466999769210815
0001100110000011100110100111100000011000010000101110011110101011111 0.9460999965667725
0000111100010000110011110010001011011111010101010100001100011001111 0.9452000260353088
1101000101000111001110011100100001111011100001010000001110110100101 0.9430000185966492
0100111111100101110110111100100001111010010110110000001100110101011 0.9419999718666077
1100011101010000110011110110001101110011011111100110111000111101011 0.9412999749183655
0001110110000101000110101010011110100011011000101111000010101000111 0.941100001335144
0100111011100101110111000011001011011101000101101110001100111100111 0.9391999840736389
0001100110000101100110100111110000110011010111011010010001011011111 0.9386000037193298
0000111100010011001110010011101010111111010101010110001001101000111 0.9376999735832214
0000001110100100011011011010101010011011110001001100001111110011111 0.9369999766349792
0100111111100101110110100101001011011101000101001100001101100010111 0.9358000159263611
1100011000000011101100100101011111001111001001101001111000011101011 0.9330000281333923
0100111011100101110111000011011100010001001101111111101100111001111 0.9330000281333923
1100001110100001110110100011001100011010110111001100001100110010111 0.9329000115394592
0001110110000101000110101010011110100011011000101111000010101010111 0.932200014591217
0001100110000101000110100101011100110000010000101110000100111011101 0.9315000176429749
1101000101000010101001010000100001100001100001000111001110100011111 0.9282000064849854
0000111101010000110011110110001101110011011111100110001001110101101 0.9282000064849854
1100011101001100011011100111110000110001001101110011111011001011110 0.9266999959945679
1100011101001100011011100111110000110001010111101110010001100011111 0.9243999719619751
0001100110000101000110100101011100110000010000101111000010011010111 0.9239000082015991
1100011101001100011011100111110000110001010111101110000100100011111 0.9239000082015991
1101000101010010101000010000100001100001100001000111001110100111101 0.9228000044822693
Generation 7
1100111111100101110111000000000011111010100001001100001111100101011 0.967199981212616
1100111111100101110111000000000011111010100001001100001111100101011 0.967199981212616
0000111101010000110011110110001111100001100001000111001111110111101 0.965399980545044
0000111101010000110011110010001011011111010101101101000000001011111 0.9648000001907349
0100111111100101110110100101001011011101000101001100001100110100110 0.9632999897003174
0100111111100101110110100001001011011101000111101100010101000011111 0.9621000289916992
0100111111100101110110100001001011011101000101001100010101100011111 0.9611999988555908
0001100010000001110110100111001100011110110101011100001100011001111 0.9610000252723694
0100111111100101110110111100100111001000010101101001111100111101011 0.9609000086784363
0000111111001000100000010000100001111000111011111000100111111101100 0.9607999920845032
0100111111100101110110100101001011011101000111001100100111110111100 0.9599999785423279
0001100110000011111011110011011100110000010001001110000110111111100 0.9598000049591064
0001100010000001110110100111001000110001010111101100001100000011111 0.9598000049591064
0000011101010010101000010000100001100001100001000111000010000111101 0.9584000110626221
0000001111001011111011110000100100010110110101011100111111011111101 0.9574999809265137
0000111100010000100111110010001111011111010101010101101011101111011 0.9571999907493591
0101000101000011001110010010001011000011100001010110001001010101101 0.9571999907493591
1000111111010011001110010011101000100011100001010010000111111101101 0.9557999968528748
1101000101000010111001010000100001100001100001000111001111100011111 0.9557999968528748
0100111111100101110110101100100111001000010101100001111100111101110 0.9556999802589417
0000111101010000110011110110001101110011011111100110001000111101101 0.9553999900817871
0100111101010001110100010000100001100001100001001100110101100011111 0.9549000263214111
0000111111001000100001011010101010011011110001001100000110111111110 0.954800009727478
0100111011100101110111000011001100010001001101111000100111111101101 0.9545999765396118
0000111101010000110011110010001011011111010101101101000010111001111 0.9538999795913696
0100111111100101110110111100100001111010010110110000001100110111011 0.9535999894142151
1001100110000111000110101101011100110000010000111111101100111001111 0.9521999955177307
0100111011100101110111000011001011011111000111110110001000111101101 0.95169997215271
0000111101010000110011110010001011011111010101110000001000111001111 0.9514999985694885
0000111101010000110011110110001101110011011101110111101100111100110 0.951200008392334
0000001111001011111011110000100100010110110101011100011111011111101 0.9506000280380249
0000100010111101100000110100111110011011110001111110001100111011111 0.9502999782562256
0100111011100101110111000011001011011111000101111111101100111100110 0.949400007724762
0000100010111101100000110100111110011011110001101110001100111011111 0.9484999775886536
1101000101000111001110010011101010100011100001010010001001100100101 0.947700023651123
0100111111100101101100100101001011011101000101101110001100111100011 0.947700023651123
0000111111010000110011110110001101110011011111100111000111111101101 0.9476000070571899
1100011101001100010110100111110000110001001101111000001101001011111 0.9466999769210815
0001100110000011100110100111100000011000010000101110011110101011111 0.9460999965667725
0000111100010000110011110010001011011111010101010100001100011001111 0.9452000260353088
0000111111001000100000010000100010111000111001111000001100111100100 0.9452000260353088
0100111100010000110011110010001101010011011111100110111000111101011 0.9434999823570251
1101000101000111001110011100100001111011100001010000001110110100101 0.9430000185966492
0100111111100101110110111100100001111010010110110000001100110101011 0.9419999718666077
1100011101010000110011110110001101110011011111100110111000111101011 0.9412999749183655
0001110110000101000110101010011110100011011000101111000010101000111 0.941100001335144
0100111011100101110111000011001011011101000101101110001100111100111 0.9391999840736389
0001100110000101100110100111110000110011010111011010010001011011111 0.9386000037193298
0000111100010011001110010011101010111111010101010110001001101000111 0.9376999735832214
0000001110100100011011011010101010011011110001001100001111110011111 0.9369999766349792
0100111111100101110110100101001011011101000101001100001101100010111 0.9358000159263611
Generation 8
1100111111100101110111000000000011111010100001001100001111100101011 0.967199981212616
1100111111100101110111000000000011111010100001001100001111100101011 0.967199981212616
0000111101010000110011110110001111100001100001000111001111110111101 0.965399980545044
0000111101010000110011110010001011011111010101101101000000001011111 0.9648000001907349
0100111111100101110110100101001011011101000101001100001100110100110 0.9632999897003174
0100111111100101110110100001001011011101000111101100010101000011111 0.9621000289916992
1000111111010000100000010000100001111011100001010010100111111101101 0.961899995803833
0100111111100101110110100001001011011101000101001100010101100011111 0.9611999988555908
0001100010000001110110100111001100011110110101011100001100011001111 0.9610000252723694
0100111111100101110110111100100111001000010101101001111100111101011 0.9609000086784363
0000111111001000100000010000100001111000111011111000100111111101100 0.9607999920845032
1001100110000110000110101101011100110001001101111111101101001011111 0.9602000117301941
0100111111100101110110100101001011011101000111001100100111110111100 0.9599999785423279
0001100110000011111011110011011100110000010001001110000110111111100 0.9598000049591064
0001100010000001110110100111001000110001010111101100001100000011111 0.9598000049591064
0000111101010000110011110010001011000011100001011111001001010101101 0.9598000049591064
0000011101010010101000010000100001100001100001000111000010000111101 0.9584000110626221
0000001111001011111011110000100100010110110101011100111111011111101 0.9574999809265137
0000111100010000100111110010001111011111010101010101101011101111011 0.9571999907493591
0101000101000011001110010010001011000011100001010110001001010101101 0.9571999907493591
0100111100010000110011110010001011011110010101010100100110011101101 0.9562000036239624
1000111111010011001110010011101000100011100001010010000111111101101 0.9557999968528748
1101000101000010111001010000100001100001100001000111001111100011111 0.9557999968528748
0100111111100101110110101100100111001000010101100001111100111101110 0.9556999802589417
0000111101010000110011110110001101110011011111100110001000111101101 0.9553999900817871
0100111101010001110100010000100001100001100001001100110101100011111 0.9549000263214111
0000111111001000100001011010101010011011110001001100000110111111110 0.954800009727478
0100111011100101110111000011001100010001001101111000100111111101101 0.9545999765396118
0000111111010000110011110110001101110011011101110111100111111100110 0.9545000195503235
0000111101010000110011110010001011011111010101101101000010111001111 0.9538999795913696
0100111111100101110110111100100001111010010110110000001100110111011 0.9535999894142151
0100110011100111110111000011001011011111000111101000011101111101011 0.9535999894142151
1001100110000111000110101101011100110000010000111111101100111001111 0.9521999955177307
0100111011100101110111000011001011011111000111110110001000111101101 0.95169997215271
0000111101010000110011110010001011011111010101110000001000111001111 0.9514999985694885
1101000101000010111001010000100001100001100001000101001111100011111 0.9513999819755554
0000111101010000110011110110001101110011011101110111101100111100110 0.951200008392334
0000001111001011111011110000100100010110110101011100011111011111101 0.9506000280380249
1101000101000010110110100111110000110001001101111000011101001011111 0.9505000114440918
0000100010111101100000110100111110011011110001111110001100111011111 0.9502999782562256
0100111011100101110111000011001011011111000101111111101100111100110 0.949400007724762
0000100010111101100000110100111110011011110001101110001100111011111 0.9484999775886536
1101000101000111001110010011101010100011100001010010001001100100101 0.947700023651123
0100111111100101101100100101001011011101000101101110001100111100011 0.947700023651123
0000111111010000110011110110001101110011011111100111000111111101101 0.9476000070571899
1100011101001100010110100111110000110001001101111000001101001011111 0.9466999769210815
0001100110000011100110100111100000011000010000101110011110101011111 0.9460999965667725
0101000101000011001110010111001101110011011111100110001001111101101 0.9452999830245972
0000111100010000110011110010001011011111010101010100001100011001111 0.9452000260353088
0000111111001000100000010000100010111000111001111000001100111100100 0.9452000260353088
0100111100010000110011110010001101010011011111100110111000111101011 0.9434999823570251
Generation 9
1100111111100101110111000000000011111010100001001100001111100101011 0.967199981212616
0001011101010010101000010000100001100001100101111000011101001011111 0.9677000045776367
1100111111100101110111000000000011111010100001001100001111100101011 0.967199981212616
0001100010000001110110100111001000110001010101111000011100001011111 0.9660999774932861
0000111101010000110011110110001111100001100001000111001111110111101 0.965399980545044
0100111111100101110110111100100001111010000101001100001100110100110 0.9653000235557556
0000111101010000110011110010001011011111010101101101000000001011111 0.9648000001907349
1101000101000010111001010000100001100001100111100000011111100011111 0.9627000093460083
0100111111100101110110100001001011011101000111101100010101000011111 0.9621000289916992
1000111111010000100000010000100001111011100001010010100111111101101 0.961899995803833
0100111111100101110110100001001011011101000101001100010101100011111 0.9611999988555908
0001100010000001110110100111001100011110110101011100001100011001111 0.9610000252723694
0100111111100101110110111100100111001000010101101001111100111101011 0.9609000086784363
0000111111001000100000010000100001111000111011111000100111111101100 0.9607999920845032
0000111101010000110011110010001011011001011111100101001001111101101 0.9607999920845032
1001100110000110000110101101011100110001001101111111101101001011111 0.9602000117301941
0100111111100101110110100101001011011101000111001100100111110111100 0.9599999785423279
0001100110000011111011110011011100110000010001001110000110111111100 0.9598000049591064
0001100010000001110110100111001000110001010111101100001100000011111 0.9598000049591064
0000111101010000110011110010001011000011100001011111001001010101101 0.9598000049591064
0000011101010010101000010000100001100001100001000111000010000111101 0.9584000110626221
0100111111100101110110100001000011011111010101101100010101001011111 0.958299994468689
0000001111001011111011110000100100010110110101011100111111011111101 0.9574999809265137
0000111100010000100111110010001111011111010101010101101011101111011 0.9571999907493591
0101000101000011001110010010001011000011100001010110001001010101101 0.9571999907493591
1101000101000110001110010011101010100001100001011100001100100001111 0.9563999772071838
0100111100010000110011110010001011011110010101010100100110011101101 0.9562000036239624
1000111111010011001110010011101000100011100001010010000111111101101 0.9557999968528748
1101000101000010111001010000100001100001100001000111001111100011111 0.9557999968528748
0100111111100101110110101100100111001000010101100001111100111101110 0.9556999802589417
0000111101010000110010100111110000110001001101111000011101001101100 0.9556000232696533
1100111111001010100000010000100001111000100001111000100111111101100 0.9555000066757202
0000111101010000110011110110001101110011011111100110001000111101101 0.9553999900817871
0100111101010001110100010000100001100001100001001100110101100011111 0.9549000263214111
0000111101010000110011100010001011011111010101011100001100011001111 0.9549000263214111
0000111111001000100001011010101010011011110001001100000110111111110 0.954800009727478
0100111011100101110111000011001100010001001101111000100111111101101 0.9545999765396118
0000111111010000110011110110001101110011011101110111100111111100110 0.9545000195503235
0000111101010000110011110010001011011111010101101101000010111001111 0.9538999795913696
0100111111100101110110111100100001111010010110110000001100110111011 0.9535999894142151
0100110011100111110111000011001011011111000111101000011101111101011 0.9535999894142151
1001100110000111000110101101011100110000010000111111101100111001111 0.9521999955177307
0100111011100101110111000011001011011111000111110110001000111101101 0.95169997215271
0000111101010000110011110010001011011111010101110000001000111001111 0.9514999985694885
1101000101000010111001010000100001100001100001000101001111100011111 0.9513999819755554
0000111101010000110011110110001101110011011101110111101100111100110 0.951200008392334
0000111111000000110011110110001101110011011101110111000100111100110 0.9508000016212463
0000111100010000110011110010001101010011011111100110111011101111011 0.9506999850273132
0000001111001011111011110000100100010110110101011100011111011111101 0.9506000280380249
1101000101000010110110100111110000110001001101111000011101001011111 0.9505000114440918
0000100010111101100000110100111110011011110001111110001100111011111 0.9502999782562256
Generation 10
0001011101010010101000010000100001100001100101111000011101001011111 0.9677000045776367
0001011101010010101000010000100001100001100101111000011101001011111 0.9677000045776367
1100111111100101110111000000000011111010100001001100001111100101011 0.967199981212616
0001100010000001110110100111001000110001010101111000011100001011111 0.9660999774932861
0000111101010000110011110110001111100001100001000111001111110111101 0.965399980545044
0100111111100101110110111100100001111010000101001100001100110100110 0.9653000235557556
0000111101010000110011110010001011011111010101101101000000001011111 0.9648000001907349
0000111101010000110011110010001011011111010001100111001111100011111 0.9646000266075134
1101000101000010111001010000100001100001100111100000011111100011111 0.9627000093460083
0100111111100101110110100001001011011101000111101100010101000011111 0.9621000289916992
0000110101010000110011110010001011001011100001011111001001011101101 0.9620000123977661
1000111111010000100000010000100001111011100001010010100111111101101 0.961899995803833
0100111111100101110110100001001011011101000101001100010101100011111 0.9611999988555908
0001100010000001110110100111001100011110110101011100001100011001111 0.9610000252723694
0100111111100101110110111100100111001000010101101001111100111101011 0.9609000086784363
0000111111001000100000010000100001111000111011111000100111111101100 0.9607999920845032
0000111101010000110011110010001011011001011111100101001001111101101 0.9607999920845032
1001100110000110000110101101011100110001001101111111101101001011111 0.9602000117301941
0100111111100101110110100101001011011101000111001100100111110111100 0.9599999785423279
0000111111011000100001011010101010011011110011100110111010111111011 0.9599999785423279
0001100110000011111011110011011100110000010001001110000110111111100 0.9598000049591064
0001100010000001110110100111001000110001010111101100001100000011111 0.9598000049591064
0000111101010000110011110010001011000011100001011111001001010101101 0.9598000049591064
0000111101010000110010100111110000110001001101111000011101011101100 0.9592000246047974
0000011101010010101000010000100001100001100001000111000010000111101 0.9584000110626221
0100111111100101110110100001000011011111010101101100010101001011111 0.958299994468689
0000001111001011111011110000100100010110110101011100111111011111101 0.9574999809265137
0000111100010000100111110010001111011111010101010101101011101111011 0.9571999907493591
0101000101000011001110010010001011000011100001010110001001010101101 0.9571999907493591
0000111100010000110010100111111000110011011111111000111011101111011 0.9570000171661377
0000111111001000100001011010101010011011110001001100000110111111110 0.95660001039505
1101000101000110001110010011101010100001100001011100001100100001111 0.9563999772071838
0100111100010000110011110010001011011110010101010100100110011101101 0.9562000036239624
1000111111010011001110010011101000100011100001010010000111111101101 0.9557999968528748
1101000101000010111001010000100001100001100001000111001111100011111 0.9557999968528748
0100111111100101110110101100100111001000010101100001111100111101110 0.9556999802589417
1100111111001010100000010000100001111000100001111000100111111101100 0.9555000066757202
0000111101010000110011110110001101110011011111100110001000111101101 0.9553999900817871
0100111101010001110100010000100001100001100001001100110101100011111 0.9549000263214111
0000111101010000110011100010001011011111010101011100001100011001111 0.9549000263214111
0100111011100101110111000011001100010001001101111000100111111101101 0.9545999765396118
0000111111010000110011110110001101110011011101110111100111111100110 0.9545000195503235
0000111101010000110011110010001011011111010101101101000010111001111 0.9538999795913696
0100111111100101110110111100100001111010010110110000001100110111011 0.9535999894142151
0100110011100111110111000011001011011111000111101000011101111101011 0.9535999894142151
0000111111010000110011110110001101110011011101110111100111001000111 0.9524000287055969
1001100110000111000110101101011100110000010000111111101100111001111 0.9521999955177307
0100111011100101110111000011001011011111000111110110001000111101101 0.95169997215271
0000111101010000110011110010001011011111010101110000001000111001111 0.9514999985694885
1101000101000010111001010000100001100001100001000101001111100011111 0.9513999819755554
0000111101010000110011110110001101110011011101110111101100111100110 0.951200008392334
[0.947700023651123, 0.9632999897003174, 0.9632999897003174, 0.967199981212616, 0.967199981212616, 0.967199981212616, 0.967199981212616, 0.967199981212616, 0.9677000045776367, 0.9677000045776367]
[0, 0, 0, 1, 0, 1, 1, 1, 0, 1, 0, 1, 0, 0, 1, 0, 1, 0, 1, 0, 0, 0, 0, 1, 0, 0, 0, 0, 1, 0, 0, 0, 0, 1, 1, 0, 0, 0, 0, 1, 1, 0, 0, 1, 0, 1, 1, 1, 1, 0, 0, 0, 0, 1, 1, 1, 0, 1, 0, 0, 1, 0, 1, 1, 1, 1, 1] 0.9677000045776367 0.8992368750020759