Downloading data from https://storage.googleapis.com/tensorflow/tf-keras-datasets/mnist.npz
11493376/11490434 [==============================] - 0s 0us/step
11501568/11490434 [==============================] - 0s 0us/step
Generation 1
1000101111111010000001001001010000110011110011100111101001001111111 0.10090000182390213
0000100101010101111001110111111001001101011101000001001101100001111 0.9128000140190125
0000000101111001110110000011010001010110111111110111111101111011011 0.1762000024318695
1110011100000010001100000000101110111010011011011010100010010101010 0.34369999170303345
1100111101001110100011100010000110111101111010111000001100110110101 0.17880000174045563
1001100001001001100000001101111010010001000111001001111010000101110 0.8744999766349792
1001000100001101101101000100110110001010101101110000111010010001110 0.19370000064373016
1100000011100001101011000011000001000000110011010101011100101111110 0.8762000203132629
0000010111000111010011110100000000001001010100011000101101011101011 0.43799999356269836
0100101101110110010101000111011011001010111100101100010111100010000 0.08900000154972076
1100000011110000110011011101000001010001001100110010110011100010000 0.08579999953508377
0000010100101000000101100000000000001001110100010101100101110011110 0.8166999816894531
0100010000001000100111011110000101110010111101010011110110110111000 0.09679999947547913
1000101111110100011100111010101001001000100001000100000101010000111 0.7559000253677368
0100000010001001001100100000011111000011100100011100101101000000011 0.3849000036716461
0000101111110001000000000110001001010110101111100001110011001101000 0.28949999809265137
0101001000000001110101001001100110011110110000010000100101110100100 0.3215000033378601
1101101011001000111000110111111010110101000010011110001010111010010 0.17990000545978546
1100101011111101000101110101001101001100111000101001010111101011011 0.2957000136375427
1101011101000011111010100011111001001111110111100000111010001000110 0.8860999941825867
1000100100101111000111011110000000010110111001011011110010101111100 0.9053000211715698
0100010100011111011010101001110000110010110001110101100011110010010 0.17679999768733978
1101000100001010101011101000101100001101010111101010000101011011011 0.22020000219345093
1000011011110000101000110111110111011111000110001000000011000000010 0.10980000346899033
1000010011000010010011100110110001111100101111101101101010110101110 0.7371000051498413
0000001101101011111101100111110111111111001101001001010010001110111 0.11309999972581863
0000110001000001010111001110011011101010100100000001000100111100001 0.09799999743700027
0000111010101010100110010011010100011010010010111011000010000100101 0.8202000260353088
1100110100001111110000101000000010101001111111001110111100101011101 0.8478000164031982
1100010001110100001010001111101111110101101000001100000011100101100 0.670199990272522
0101111000011011100000010110101111000110110001111001101000100010001 0.10369999706745148
1000110000010111110100011100111110001000100101010010100010000100001 0.46399998664855957
0100101100111011110001101011101011010100010000000101011011101101111 0.8682000041007996
0101101100000000111101100001010110010110110111000101000111101101011 0.8312000036239624
1000011100111000110100000001100110010101101011011111010001000100100 0.444599986076355
1101100111000111101001000110111110101111001000101111110111011000111 0.09799999743700027
0000100011110001011110001110110110000011000010110100001001100110111 0.864799976348877
0100101000010111111001010000011010101111011100011100001001000111011 0.7310000061988831
1011010010000010101000010010110011010001100010110111111000000000000 0.08219999819993973
1100010000110001001011001111011100111110100110001101010000011101111 0.10320000350475311
0001100000001011011101001100010011101110001000110001000010100101010 0.9143999814987183
0001011001000111111111010010111110101000010111100001101101101001010 0.24490000307559967
1000101111001101010010111111001010000110010001110001001000111010101 0.690500020980835
1001010100000111001111001000011010001100010001011010000011110011010 0.15710000693798065
0101111000000011101100001100001101101000101000011101001011101001100 0.19339999556541443
0100110011101010101111111110010101001111011011100111100101100000010 0.13809999823570251
0101110000001110111000011111101101110001001000010100010111110011111 0.586899995803833
1100111010101111100001110000101000111000101101111011111010011011000 0.17649999260902405
0101110000010001101101110000000011110110110000010000011100010100100 0.7821000218391418
0000110000100110001011000100000100110100000000111100010001110101000 0.7592999935150146
[0.9143999814987183]
[0, 0, 0, 1, 1, 0, 0, 0, 0, 0, 0, 0, 1, 0, 1, 1, 0, 1, 1, 1, 0, 1, 0, 0, 1, 1, 0, 0, 0, 1, 0, 0, 1, 1, 1, 0, 1, 1, 1, 0, 0, 0, 1, 0, 0, 0, 1, 1, 0, 0, 0, 1, 0, 0, 0, 0, 1, 0, 1, 0, 0, 1, 0, 1, 0, 1, 0] 0.9143999814987183 0.8571722275545809
Generation 2
0001100000001011011101001100010011101110001000110001000010100101010 0.9143999814987183
0000010111000111000111011110000000010110111001011011110010111111110 0.8241999745368958
1000100100101111010011110100000000001000010100011000101101001101001 0.1956000030040741
0001011001000111111111010010111110101000000010111100010001111001000 0.11599999666213989
0000110000100110001011000100000100110100010111100001101101100101010 0.8777999877929688
0000101010101010101110010011010011101110010010111011000010100100101 0.6546000242233276
0001100000001011011101001100010100011010001000110001000010000101010 0.914900004863739
0000010011000011011101001100010001011100101111101101100110100101010 0.8420000076293945
0100110000010111110100011100110110001000100101010010100010000110001 0.09099999815225601
1000101000010111111001010001011000101110011100011100001001000100011 0.6802999973297119
0101101100000000111110010011010100010110010010111010000010100100001 0.3862000107765198
0000111010101010100101100001010100011010110111000101000111001101111 0.08919999748468399
1001100001001001100000101000000110101101000111001000111010101001111 0.37599998712539673
0100110100001111110000001101111010010001111111001111110100000111100 0.8970999717712402
0100101100111011110001101011101011010101010010000101011011101101111 0.6434999704360962
0100101100111011110001101011101011010100010000000101011011101101111 0.8446000218391418
0101001000000001110001001001100110011110110000010000100101010000111 0.40790000557899475
1000101111110100010100111010101011001100100001000100000100110100100 0.6784999966621399
1000101111001110111000011111001111111000010001110001001000110010101 0.7544999718666077
0101110000001101010010111111001010000111011000010100010111111111111 0.12880000472068787
0000010100101111110000101000000010101001111111001111111100111011101 0.4970000088214874
1100110100001000000101100000001000001001110100010100100101100011110 0.65829998254776
1000101111111100011100111010101001001000100001000000011101010100101 0.590399980545044
0100110000010001101101110000000011110110110000010100000100000000110 0.35690000653266907
1000010011000010010011100110110001111100001000110001001010110101010 0.24609999358654022
0001100000001011011101001100010011101100101111101101100000100101110 0.8763999938964844
1000000101111001110100010001100110010101101011011111011101110010001 0.10499999672174454
0000011100111001110110000011010001010110101111110111110001001101110 0.5523999929428101
0100101100111011110001101011101011011100000000000001000010100101010 0.1996999979019165
0001100000000011011101001100010011100000001000110101011011100101111 0.09799999743700027
0101110000010001101101100110110001111100100000010000011010110101110 0.8669999837875366
1000010011000010010011110000000011110110111001101101101100010100100 0.930899977684021
1100110100001111110000101111111001001101011101000110101101100001111 0.8572999835014343
0000100101010101100001110000000010101001111110011001011100101011101 0.47189998626708984
0101110000010001101101110000000001001000100001000100001100010100110 0.9020000100135803
1000101111110100011100111010101011010110100000010000011101010000101 0.2151000052690506
1100000011100110001011000010000101000000110011010101011100111111110 0.8292999863624573
0000110000100001101011000101000000110100000000111100010001110001000 0.1371999979019165
0100101011001000011001010000011010110101000010011100001001000111011 0.8331999778747559
1101101000010101111000110111111010001111011100011110001010111010010 0.11079999804496765
1000110001001001100000011100111110001000100101001001100010000101101 0.9122999906539917
1001100000010111110100001101111011010001000111010000111010000100010 0.6273000240325928
1101100111000111101001000110111110101111001000101111110111010010010 0.5992000102996826
0001100000001011011101001100010011101110001000110001000011101101111 0.11349999904632568
0101101100001000111101110001010001001111110111100000111010001101010 0
1101011101000011111010100011111110010110110111000101000111101000111 0.923799991607666
0000110000100110001011000100000100110100000001110000110011110101100 0.9217000007629395
1001000100001101101101000100110110001010101100111100011000010001010 0.1145000010728836
0100101000010111111001010000011010101111011100011100001001010101110 0.5651000142097473
0101010000010001101101110000000011110110110000010000011100000110001 0.14159999787807465
0001100000001011011101001100010011101110001000110001000010100101010 0.9143999814987183
Generation 3
1000010011000010010011110000000011110110111001101101101100010100100 0.930899977684021
1100110100001111110000101111111001001101000010011100001001010111111 0.09799999743700027
0100101011001000011001010000011010111101011101000110101101100001011 0.2750999927520752
1000110001001001100000011100111110001000101101001001100010000101001 0.663100004196167
0100101011001000011001010000011010110101000010011101001000000111111 0.09799999743700027
0100101100111011110000001011101011011001111111001111110100001111100 0.6751999855041504
0100110110001111110001101101111010010100010000000101011011100101011 0.5368000268936157
1100110100001111110000101111111001001101011101000110101101100001111 0.7960000038146973
0100101011001000011001010000011010110101000010011100001001000111011 0.8334000110626221
0100101100111011110001111011011010110101000010011101001001000111011 0.8830999732017517
0100101011001000011001010000101011010101010010000100011011101101111 0.1834000051021576
0001100000001011011101001110000001101100101111101101110000100101110 0.11349999904632568
0000010111000111000111011100010010010110111001011011100010101111110 0.6306999921798706
0101101100000000111110010011010100010110010010111010000010100000011 0.14710000157356262
0000111000100110001011000100000100110100010111100100001101100101110 0.09799999743700027
0100110000010001101101110000000011110110111000010001100100000000010 0.10360000282526016
0000010100101111110000101000011000101111011111011100001001110111111 0.14259999990463257
0100101000010111111001110000000010101001111100001111111100011000100 0.15940000116825104
1000110001001001000000001100111110001010100101001001000010000101000 0.17430000007152557
0001100000001011011101001100010100011000001000110001101010100101111 0.25200000405311584
0000110000100110001010001100000100110100010111010000101101100100010 0.6854000091552734
1001100000010111110101000101111011010001000111100001111010100101010 0.7141000032424927
1000101000010111111001010001011000101110011111010100001100111111111 0.16830000281333923
1100000011100110001011000010000101000000110000011101011001000100010 0.399399995803833
1000101111110100010101111100010100011010001000110001000001100100000 0.19529999792575836
0001100000001011011101001010101011001100100001001100000110010101110 0.9527999758720398
1001100000010111110100001101110101010001000111010001000010000100010 0.3873000144958496
0001100000001011011101001100011010011010001000110000111010000101010 0.8942999839782715
0001100000001011011110100011110011100100101111000101000111101001111 0
1101011101000011101001001100011100010110110111101101100000100100110 0.8841000199317932
1000101000010111111001010001011000101110011100011001101101100101011 0.24230000376701355
0000110000100110001011000100000100110100010111100100001001000100010 0.830299973487854
0100110100001111110000110011011010011110010010111011000010000100101 0.2451999932527542
0000100010101010101100001101110011100001111111001111110100000101100 0.8759999871253967
0001100000001011011101001100010100011010001011010000111010000101010 0.8100000023841858
1001100000010111110100011101111011010001000100110001000010000100010 0.8159999847412109
0000010011001001100000101000000110101101000111001000111110101001111 0.8131999969482422
1001100001000011011101001100010001011100101111101101100010100101010 0.429500013589859
0100101011001000011001010000011010110101000000000101011011000101111 0.335099995136261
0100101100111011110001101011101011010101010010011100001001101110011 0.09080000221729279
1000010011000010010011110000010011110110001001101101100100000101100 0.942799985408783
0001100000101011011101001100000011101110111000110001000010110100010 0
1100000011100111110110000011010001010110101110110111110001011111110 0.09059999883174896
0000011100101000001011000010000101100000110011010101010100101101110 0.9108999967575073
1000101111111100011100111010101011001000100001000001100000110101100 0.46459999680519104
0001100000001011011101001100010011101100101111101100011101000100111 0.11349999904632568
0000110000100110001011000100000100110100000001110000110011110101100 0.9251999855041504
0000110000100110001011000100000101110100000001110000110011110101100 0.9129999876022339
0101110000010011101101110000000001010100000001110000101110010100100 0.9293000102043152
0000110100100110001011000100000100101000110101000100010001110101110 0.923799991607666
1000010011000010010011110000000011110110111001101101101100010100100 0.930899977684021
Generation 4
0001100000001011011101001010101011001100100001001100000110010101110 0.9527999758720398
1000110001001000000000011100111110001011000100110001100010000100000 0.20479999482631683
1001100000010111111100011101111111010000100101001001000010000101010 0.6061000227928162
1000110001001001100000011100111110001000101101001011110100001111100 0.8621000051498413
0001100000001011011101001010101011001100100001001100010100000101100 0.9417999982833862
0100101100111010110000001011101111011001111111001111100110011111110 0.7723000049591064
0000011100101000001011000010000101100000000001110000110000101101110 0.944599986076355
0000110000100110001011000100000101110100110011010101010111110101100 0.9279999732971191
0001110000001011011111000100000101110100000001110000100110010101110 0
0001100000000110001101001010101011001100100001001100010011110101100 0.9559000134468079
1000101111111100011100111010101011001000100001000000110011110101100 0.6604999899864197
0000110001100110011011000100000100110100010001110001100000110101100 0.9574999809265137
1001100000010111110101110000000001010100000001110000111110010100100 0
0101110000010011101100011101111011010001000100110001000010000100010 0.8174999952316284
0001100000000010010011100000000011110110111001100001111010010100100 0.9018999934196472
1000010011001011011101001100011010011010001000111100101100000101010 0.8575999736785889
1000010011000010010101000100010001011100101111101101100010100101110 0.9223999977111816
1001100001000011011011110000010011110110001000101101100100100101000 0.4952999949455261
0000011100101000001011100010000101100000110011010101011010001101110 0.9351000189781189
0001100000001011011101001100011010011010001000110000110100100111010 0.8978999853134155
1000010011000010010011110010000011110110110101000100001100011101111 0.10279999673366547
0000110100100110001011000100000100101000111001101101110001110100100 0.9567999839782715
0100110011000010110011110000001011011001111111001111110100010101100 0.9460999965667725
1000001100111011110000001011100011110111111001101101101100001110100 0.009800000116229057
0000110010101010001100001111110011100001111111001111101101100101000 0.3659999966621399
0100101011001000011001010000011010111101011101000110100100010001110 0.7513999938964844
1101011111000011101001001100011000001100100001001100000110010100110 0.9391999840736389
0001100000001011011101001010101111010110110111101101100100100101110 0.8920999765396118
0001100000001011011101001010101011001100101000110000000010010101110 0.9366999864578247
0001100000001011011101001100011010011010000001001100111110000101010 0.854200005531311
0100101011001000011001010000011010110101000010011100001010001101000 0.26269999146461487
1000110001001001100000011100111010001000101101001001100001000111001 0.661899983882904
1101011101000011101001001100011100010110110111101101100000100101110 0.8453999757766724
0001100000001011011101001100010100011010001011010000111010000100010 0.5770000219345093
0100101011001000011001010000011010111101011101000100111110100001011 0.226500004529953
0000010011001001100000101000010110101101000111101000101101101001111 0.09799999743700027
0101110000010011101101110000000001010110001001101101100100000100100 0.9391000270843506
1000010011000010010011110000010011110100000001110000101110010101100 0.9319000244140625
1000010011000010010011110010010010110111000111101100100100001101100 0.6823999881744385
0000010011001001100000101000000110101100001001001000111110100001110 0.7251999974250793
0000110000100110001010001100000100111110111001100001101100010000100 0.2685999870300293
1000011011000010010011110000000011110100010111011100001101100100010 0.8691999912261963
0000011100101000001111000010000101100000110011010101010100101101110 0.9315999746322632
0000011100101000001011000010000101100000110011010101010100111101110 0.9176999926567078
0000100010101010011100111010101011100001111111000111100100000101100 0.8209999799728394
1000101111111100101100001101110011001000100001001001100000110100100 0.6283000111579895
0000110000100110001011000100000100110100000111100001111000100101010 0.7584999799728394
1001100000010111110101000101111011010001010111100100001011000100010 0.902899980545044
0101111000010011101101110000000001010100000001110000111110011101100 0.9524000287055969
0000110000100110001011000100000100110101000001110000100011110100101 0.9379000067710876
0001100000001011011101001010101011001100100001001100000110010101110 0.9527999758720398
Generation 5
0000110001100110011011000100000100110100010001110001100000110101100 0.9574999809265137
0001100000001011011101001010101011001100000001110000110100010101110 0.9569000005722046
0000011100101000001011000010000101000000100001000100000000101101110 0.9337999820709229
0001100000000110001101001010101011001100100001001100010010100101110 0.9247999787330627
1000010011000010010101000100010001011100101111101101100011110101100 0.9369000196456909
0001100000001011011101001010101111010110110111101101110101110100100 0.9424999952316284
0000110100100110001011000100000100101000111001101101110000100101110 0.9103000164031982
1000011111000010010101000100011000001100100001001100000110010100110 0.9455000162124634
1101010011000011101001001100010001011100101111101101100010101101110 0.0957999974489212
0000011111000011101001001100011000001000111001101101110001110100100 0.9502000212669373
0000011100101000001111000010000101100000110011010101000010100101101 0.8848999738693237
0000110000100110001011000100001100110101000001110000110101111100110 0.9247000217437744
1000110100100110001011000100000011110100010111011100001101110100000 0.28380000591278076
0000011011001010010011110000000000101000111001101101110001100100110 0.95169997215271
0000011100101000001111000010000101100000110011010100010100011101100 0.899399995803833
0101111000010011101101100000000001010100000001110001111110101101110 0.9041000008583069
1101011101000011101001001100011010011010000001001100111110010101110 0.9449999928474426
0001101000001011011101001100011100010110110111101101100000100101010 0.4512999951839447
0000011100101000001111000010000101110000110011010101010010101101110 0.8934999704360962
0000011100101000001011100010000101100000110010010101011100001101110 0.8536999821662903
0000110000100110001011000100000101110100111001100001111010110100100 0.8776000142097473
0001100000000010010011100000000011110110110011010101010111010101100 0.9373999834060669
0100110001001001101000011100111110011001111111001111110100010101100 0.9175999760627747
1000110011000010110011110000001011001000100101001011110100001111100 0.9258999824523926
0000110100100110001011000100000100101000111001101101110001110100100 0.9539999961853027
1101011011000011101001001100011000001100100001001100000110010100110 0.9710000157356262
1101011101000011101001000101011100010110110111101100000011000100010 0.9509999752044678
1001100000010111110101001100111011010001010111100101100000101101010 0.2815999984741211
0100110011000010110011110000001011111101111111001100110100000101000 0.6060000061988831
0001100000001011011101001100011010011010000001001111111110010100110 0.9448999762535095
1101011111000011101001001100011000100101000001001000100110110100100 0.8553000092506409
0000110000100110001011000100000100001100100001110100000011010100111 0.9125000238418579
1000011011000010010111001010101011000100010110001100010011110101100 0.12160000205039978
0001100000000110001011110000000011111100100001011100001101100100010 0.6212000250816345
0000110001100111011011100010000101100000010011010101011000001101100 0.9337999820709229
0000011100101000001011000100000100110100110001110001100010110101110 0.9376999735832214
1101011101000011101001001100011100010110111011101101101010010101110 0.7785999774932861
0101100000000010010011100000000011110110110101100001110000100100100 0.8557999730110168
1101011101000011101001001100011100010110110111101101100010100101110 0.11349999904632568
0101110000010011101101110000000001010110001001101101100100000100100 0.9366000294685364
0001100000000110001101001010111011001010100001001100010011110100100 0.9355999827384949
1101011111000011101001001100011000001100100001001100000110010101000 0.7228999733924866
0000100001000011011011000100000101110100110011011101110111110101000 0.7904999852180481
1001110000100110001001110000010011110110001000100101000100100101100 0
0001100000100110001011000100000100011010001000110000110100110100110 0
0000110100001011011101001100011000101000111001101101110001100111000 0.8222000002861023
1000110001001001101101111100111110001000101101101011100100001111100 0.9498000144958496
0101110000010011100000010000000001010110001001101101110100000100100 0.9502999782562256
0000011100101000001111000010000101100000110011011100101100101100010 0.3774999976158142
1000011011000011010011110000000011110100010111010101010101100101010 0.8240000009536743
0000110001100110011011000100000100110100010001110001100000110101100 0.9574999809265137
Generation 6
1101011011000011101001001100011000001100100001001100000110010100110 0.9710000157356262
0101110000010011100000010000000001010110110111101101110100000110100 0.22429999709129333
0001100000001011011101001010100111010110001001101101110101110100100 0.9395999908447266
0000011011100111011011100110000101100000111001101101110001100101100 0.948199987411499
0000110001001010010011110000000000101000010011010101011000001100110 0.953000009059906
0000011011000010010011110000000000101000111001001011110100000110100 0.1437000036239624
1000110011000010110011110000001011001000100001101101110001101101110 0.9366999864578247
0000110001001001101101111100111110001000101101101011101100001110100 0.5156999826431274
0101110000010011100000010000000001010110001001101101110100000101100 0.9569000005722046
0001100000001011011101001010101111010010110111101101110101110100100 0.9444000124931335
0001100000001011011101101010101111010110110011101101110101110100100 0.9467999935150146
0001100000000010010011100000000011111000100101001011010101001101100 0.9225999712944031
1000110011000010110011110000001111000110110011110101110110010111100 0.9596999883651733
1101011101000011101001001100011110000000010011010101011010000101110 0.11349999904632568
0000110001100111011011100010000101110110111011101101101000011101100 0.8960999846458435
1101011111000011101001001100011000001100100001100001110010010100100 0.9535999894142151
0101100000000110010011100000000011110110110101001100000000100101000 0.19539999961853027
0000011100101000001011000010000101001010000001001100011110000101110 0.9599000215530396
1101011101000011101001001100011010010000100001010100100000111101110 0.10090000182390213
0001100000000110001101001010101011001100100001001100010010110101110 0.9381999969482422
0101100000001011011101001010101011001100000001100000110100000101110 0.9358000159263611
1000100011000010011011000000000100110100010001110001100000101101100 0.9531999826431274
0000110001100110110011110000001011001000100101001011110000010111100 0.9154000282287598
1000110000001001101101111100111010001000101101101011100010011101100 0.9293000102043152
0001100000001011011101001000000100110100010001110011100101110100100 0.9247999787330627
0000110001100110001011000110101111010110110111101101110000110101100 0.9377999901771545
0001100000000010010011111100111110001000110011010101100111010101100 0.9158999919891357
1000110001001001101101100000000011110110101101101011010100001111100 0.9550999999046326
1101011011000011101001001100011000001100100011010101111000011100110 0.941100001335144
0000110001100111011011100010000101100000010001001100000110010101100 0.9333000183105469
1000011011001010010011110000000001001100100001001101110001100101110 0.9589999914169312
0001100000000110001101101010101010101000111001101100010011100100110 0.9240999817848206
0001100000000010010011100000000011110110111111010101010111000101110 0.9189000129699707
1101011101000011101001000101011100010110110011101100000011010100000 0.8302000164985657
0001100000001011101001001100011000001100000001110000110111110101100 0.9611999988555908
0000011111000011011101001010101011001010111001101001110000010100110 0.9470999836921692
0001101111010011101001101100011000001000110001101101110000010100100 0
0000010000000011011101001010101011001100000001110000110101110101110 0.8907999992370605
0000110001100111011111100010000101110000010011010101011000001101110 0.9013000130653381
0000011100101000001111000010000101100000110011010101010010101101100 0.814300000667572
0001100000001011011101001010101011001100000001110000110111010100010 0.7885000109672546
1101011101000011101001000101011100010110110111101100000000000101110 0.10100000351667404
1011011111000010010101000100011000001100100001001100000110010000100 0
1100011111000010010101000100011000001100100001001100000100010100110 0.9526000022888184
1101011101000011101001000101011100010110110111111100100111000100000 0.875
0101100000110011101101110000000001010110001001101101000010010100110 0
0000110111100111011011100010011000001000010011010101110000000000100 0.2296999990940094
0000011111000011101001001100000101100000111001101101011001111101100 0.9621000289916992
0001100000001011011101001000001011001010100101001011110100101101100 0.9043999910354614
1000110011000010110011110010101111010110110111101101110101010110100 0.5993000268936157
1101011011000011101001001100011000001100100001001100000110010100110 0.9710000157356262
Generation 7
1101011011000011101001001100011000001100100001001100000110010100110 0.9710000157356262
0000110001000010001011000110101111010110110111101101110000011100110 0.22859999537467957
0000110001101010010011110000000000101000010011010101011000100101100 0.944599986076355
0000101000100010010011100000000011110110111111010101010111000100110 0.9417999982833862
0001000000000010110010111010101110001000111001101100010011000101110 0.944599986076355
0001100001000110001101101100111110101000110011010101100111110000100 0.6870999932289124
1100011011000011101001000110011000011100110111101101110000110101100 0.9286999702453613
0000110001100110001011001100101111010110100011010101111000011100110 0.9510999917984009
0000110001100111011101101010101111010110110011010101011000101000100 0.1624000072479248
0001100000011011011111100010000101110000010011101101110101010101110 0
0000110001001010010011110100011000001100100001001100010110010100010 0.8205000162124634
1101011011000011101001001000000000101000010011010101011000001100110 0.9559999704360962
0001100011100111011101100110001111010100111000101101110001110100100 0
0000011000001010011011101010100101100010110011101101110111100101100 0.941100001335144
1101100001001011011101101010101111010110110011101101110110010100000 0.2549999952316284
0000011011000011101001001100011000001100100001011100000101110100110 0.9434999823570251
0001100000001011101001001100011000001100000101001011110001010101100 0.8859000205993652
0000110001100110110011110000001011001000100001110000110110110111100 0.9430999755859375
0000110001100110001011000110101111010110110111101101000100110101100 0.9178000092506409
1100011111000010010101000100011000001100100001001100110000010100110 0.9466000199317932
0101110001100110000000010000000001010110011001101101110100100101100 0.9555000066757202
0000110000010011101011000110101111010110110111101101110000010101100 0.9179999828338623
0001100000000010010011000110101111001000110111101101100100010101100 0.9126999974250793
0000110001100110001011111100111110010110110011010101110011110101100 0.9437999725341797
0001100000001011011101001010100001110000010011101101110101111101110 0.9045000076293945
0000110001100111011111100010001111010010110111010101011000000100100 0.8883000016212463
0000110001100111011011100010000101110110111001100001110000010101100 0.9480999708175659
1101011111000011101001001100011000001100100011101101101010010100100 0.9320999979972839
0001110001001010001101101010101010101000110011011101010010001100110 0.848800003528595
0000100000000110000011110000000000101000011001101100011001100100110 0.8274999856948853
0000010100101000001011000010000101001010000001001100011000000100110 0.9355000257492065
1101111111000011101001001100011000001100100011010101101110011101110 0.09799999743700027
0000010000000011011101001010101011001100000001110000110110110100110 0.9083999991416931
1101011011000011111001001100011000001100100001001100000101010101110 0.9545999765396118
0001100000000010010011101100111110001000110001001100000100010101110 0.9455999732017517
1100011111000010010101000100011000001100100011010101100111010100100 0.9380999803543091
1100011111000010010101000100011000001100100001001100000100011101110 0.9035999774932861
0000110001100111011111100111000101110000010011010101011000000100110 0.958299994468689
1000110001001001101101100000000011110110001101101011010100011111100 0.9412000179290771
0000110001100011011011100000000101110110111011101101101000001101100 0.9085999727249146
0001100000000010010011100000000011110110111111010101000111000101110 0.8880000114440918
0101110000010011100000010000000001010110001000101101100100000101100 0.885200023651123
0000110001100110001011110000000010101000010011010111011000001101100 0.9434000253677368
0000110001001010010011000110101111010110110111101101110000110110110 0.3100999891757965
0000110001100111011011000010000101001010000001001100011110000101100 0.9397000074386597
0000011100101000011011100010000100100000010001001100010110010111110 0.9366000294685364
0000110001100110110011110000001011001010000001001011110000010111100 0.8131999969482422
0000011100101000001011000010000101001000100101000100011110000101110 0.9509999752044678
0000110001001000010011110000000000101000010011010101011000001100100 0.9135000109672546
0001100000001011011101001010101111010010110111101101110101110100110 0.9362999796867371
1101011011000011101001001100011000001100100001001100000110010100110 0.9710000157356262
Generation 8
1101011011000011101001001100011000001100100001001100000110010100110 0.9710000157356262
0000110001100110110011110100001011001000100001110101010111001100110 0.9509999752044678
0100101000100010010011100000000011110110111111010000110110110111100 0.7698000073432922
1000110001000010110010111010101110000110001101101100010100011101110 0.9114999771118164
0001000000000010110010111010100110001000111001101100010110000101110 0.9420999884605408
0000011100101000001011000010001101101000100101000100011011000101110 0.9413999915122986
0000010000000011011101001110101000011100110111101100110000110101100 0.862500011920929
1100011011000011101001000110011011001100000101110010010110110100110 0.9409999847412109
0000011100101000011011100010000100100000010001001100000101010101110 0.9469000101089478
1101011011000011111001001100011000001100100001001100010110010111110 0.9598000049591064
0001100000001011101001001010100001110000010011101101110101010101110 0.7426999807357788
0001100000001011011101101100011000001100000101101011110001111101100 0.9607999920845032
1101011011000011101001001000000000101000010011010101011000001100110 0.9635999798774719
1101011011000011101001001000000000101100010011010101011000001100110 0.9624000191688538
1101011011000011101001001000000000101000010011010101011000001100110 0.9549999833106995
1101011011000011101001001000000000101000010011010101011000001100110 0.8903999924659729
1101011011010011100000010000000001001100100011001101100100010100110 0.944599986076355
1101110000000011111011001100011000010110001000101100000110000101100 0.9279000163078308
1100011111000010010101000100011000001100100001001100000101010101110 0.9271000027656555
0000011000001010011011101010100101100010110011101101110110101101100 0.930400013923645
0001000000000010110011111010101110001000111101101011010010011111100 0.9480000138282776
1000110001001001100101100000000011110110001001001100010101000101110 0.9541000127792358
0000011100101000001011000011000101001000110011011111010010000100110 0.9373000264167786
0001110001001011001101101010101010101000100101000100011110001101110 0.9387999773025513
1101011111000011101001001100011000001100100011101101101010010101110 0.7879999876022339
0000011100101000001011000010000101001000100101000100011110000100100 0.7275000214576721
1000110001001001111001001100011000001100100001001011010111010101100 0.8180999755859375
1101011011100011101101100000000011110110001101101101000100011111110 0
0000011011000011101001001000011000011100110111101101110000110101100 0.9375
1100011011000011101001000110011000001100100001011100000101110101110 0.914900004863739
0000110001100111011011000010000101001010000001001000110110110111100 0.8992999792098999
0000110001100110110011110000001011101000101001110100011110000101100 0.9405999779701233
0000011100101000001011000010000101001000100101000101110110000100110 0.9147999882698059
0001100001001011011101001010101111010010110111101100011101110101110 0.8428999781608582
0001100000000010010011100000000011110110111111001101100110000101100 0.9059000015258789
0101110000010011100000010100000001010110001000110101000101000101110 0.09799999743700027
0001000000000010110010111010101110001000111001101100010011000101110 0.9521999955177307
0001000000000010110010011010101110001000111001101100010011000101110 0.9466000199317932
1101011011000010111001001100011000001100100001001100000101010101110 0.9358999729156494
1000011011000011101001001100011000001100100001111100000101110100110 0.9175000190734863
0001100000001011101001001100011000001100000101001111000000010101100 0.9595000147819519
0000010100101000001011000010000101001010000001001000011001000100110 0.8586000204086304
0011100000001011101001001100011000001100000101001011110110000101100 0
0000110001100111011011000010000101001010000001001100011001010101100 0.9401000142097473
0001100000001011101001001100011000001000000101001101110001011101100 0.9588000178337097
0001100010001010011001001010100001110100010011101011110101110101110 0.9383999705314636
0000011011000011101001001100011000001100100001001100000101110100110 0.9520999789237976
1101011011000011100001001100011001001100100001011110000110010100110 0.9341999888420105
1101011011000011101001100010000101110110111001100001111000010101100 0.9706000089645386
0010110001100111011001001000000100101100010011010101110000001100110 0
1101011011000011101001001100011000001100100001001100000110010100110 0.9710000157356262
Generation 9
1101011011000011101001001100011000001100100001001100000110010100110 0.9710000157356262
1101011011000010010101000100011000001100100001001100000100010101110 0.953499972820282
1100011111000001111001001100011000001100100001001100010111010111110 0.9390000104904175
1100011011000011100001000110011010001100000101110010010101010100110 0.9368000030517578
1101011011000010111001001100011001001100100001001100000110110101110 0.9341999888420105
0000010100101000001011000011000101001000110011011101010111001100110 0.9264000058174133
0000110001100110110011110100001011001000100001111101010010000100110 0.9577000141143799
0000110001100110110010011010101110101000101001110100011110000101100 0.9262999892234802
1001000000000010110011110000001011001000111001101100010011000101110 0.9337999820709229
0000110001100111011011000010000101100000010011110101011010001110100 0.3057999908924103
1101011011000011101001001000000000001010000001001000110100110101110 0.6948000192642212
1101011011000011101101100000011000001100100001100001010110000101100 0.9678000211715698
1101011011000011111001001110000101110110111001001100111000010101110 0.9595999717712402
0000011100100011101001001000000000101000010011010101011000001101110 0.9488000273704529
0001100000001011101001001100011101001000100011011111000000010101100 0.8963000178337097
0000011100101000001011000011000000001100000101001111010010000100110 0.9405999779701233
0000011000001010011011101010100101110110111001100001111110110101100 0.9204999804496765
1101011011000011101001100010000101100010110011101101110000001101100 0.8367999792098999
1101011011000011101001001000000000101100010011010101011000011100110 0.958299994468689
1101011011000011101001001000000000101000010011010101011000001100110 0.9616000056266785
1100011100000011011101000100011000011100110111101100110000110101100 0.9193000197410583
0000010111000010010101001110101100001100100001001100000101010111110 0.9340000152587891
0001100000001011011101101100011000101001010011010011110000101100000 0.1687999963760376
1101011011000011101001001000000000001100000101101101011001011101110 0.9218000173568726
0001100000000010010011100000000010001000111001101100010011000101110 0.7960000038146973
0101000000000010110010111010101110110110111111001101000110000101100 0.891700029373169
0001000000000010110010011010101010101000100101001000011110001101110 0.9577999711036682
0001110001001011001111101010101110001000111001101100010011000101110 0.866599977016449
0001100000000011111001001101010000001100000101001000010001011111100 0.9409999847412109
1101011011001011101001001100011000001000101001001101110110010101110 0.10090000182390213
1101011011000011111001001100011000001100100001001100010110001111100 0.9704999923706055
0001100000000010010011111000000011110110111111001101100110000101110 0.8859999775886536
0011110001001011001101111000101011110110111111001101100110000101100 0
0001100000000010010011100000000010101000100101000000001110001101110 0.8971999883651733
0001100000001011011101101100011010011100110111101101110000110101100 0.9362999796867371
0000011011000011101001001000011000001100000101101011110001111101100 0.9556999802589417
0000010000000011011101001010100001110100010011101011110000110101110 0.8158000111579895
0001100010001010011001001110101000011100110111101100110101110101100 0.9621000289916992
0000010000000011011001001100011000001100100001001100010100110111110 0.9307000041007996
1101011011000011111101001110101000011100110111101100110010010101100 0.9646000266075134
1101011011000011101001001010101110001100010011010100010011000101110 0.9447000026702881
0001000000000010110010011000000000101000111001100101011000001100110 0.9631999731063843
0000011011000011101001001000011000011100110111101100010000110101110 0.8784000277519226
0001000000000010110010111010100110001000111001101101110110000101100 0.9560999870300293
0001000000000010110010011010101110001000000101101011110001001101110 0.9552000164985657
0001100000001011011101101100011000001100111001101100010011110101100 0.9463000297546387
1101011011000011101011000010001101100100100101000001111000010101110 0.10100000351667404
0000011100101000001001100010000101100010111001100100011001000101100 0.9398000240325928
0001100000001011011111101100011000001100000101001000011001000100110 0
0000010100101000001011000010000101001010000001101011110001111100100 0.8111000061035156
1101011011000011101001001100011000001100100001001100000110010100110 0.9710000157356262
Generation 10
1101011011000011101001001100011000001100100001001100000110010100110 0.9710000157356262
0001100011000010101001001010101110001100010011011101110011000101100 0.9703999757766724
1101011000001011011101101100011010011100110111100100010000010101110 0.8960000276565552
0000110000000011011101001010100001110100101001111011110001110111110 0.9513000249862671
0000110001100110110010011010101110101000010011100100011110000101100 0.948199987411499
0000011100101000001001100010000101100010111001100100011001001101100 0.935699999332428
1101011011000011101001001000000000101000010011010101011000000100110 0.9513000249862671
0000111100001011011101101100010010011100110111101101010000110101110 0.8493000268936157
0000011100100011100001001000000000101000010011011100110101110101110 0.9415000081062317
0001100010001010011001001110101000011100110111100101011000001101100 0.9355000257492065
0000011000001010011010101010100101110000100001111101101111100001100 0.6736999750137329
1000110001100110110011110100001011001110111001100001010010010100110 0.9585999846458435
0000010111000010010101001110101100001100101001001100000101000110110 0.4772999882698059
1101011011000011101001001000000000101010010011010101011000011101110 0.8877000212669373
0000011100100011100001001000000000101000010011011111000000010101110 0.9469000101089478
0001100000001011101001001100011101001000100001010101011000001101100 0.9710000157356262
0000010111000010010101001110101100001100100001001100000101010011110 0.9160000085830688
0000010111000010010101001110101100001100100001001100010101010111110 0.9441999793052673
0000010111000010110000011010101110101000101001110100000100000001100 0.7871000170707703
0000110001100110010101001110101100001100100001001100011111010111110 0.9228000044822693
1101011011000011101001001000101000011100110111101100110000010100110 0.9182999730110168
1101011011000011111101001110010000111000011011010101011010001101100 0.9708999991416931
1001000000000010110011110000001011001000111001101100010011001101110 0.944100022315979
0000011100100011101001001000000000101000010011010101011000000101110 0.9484000205993652
1101011011000011101001001010101010001100000101110010010111000000110 0.8960999846458435
1100011011000011100001000110011110001100010011010100010001010001110 0.873199999332428
0000010100101000001011000011000101011100110111101101110111011100110 0.9354000091552734
0001100000001011011101101100011010001000110011011101010000100101100 0.9041000008583069
1101100010001000011001001110101010001100000101110010010101010100110 0.6108999848365784
0000011011000011100001000110011000011100110111101100110101110101100 0.9430000185966492
0001100010001010011001001110101000011100110111101100110110010101100 0.9419999718666077
0101000000000010110010111010101110110110011111001101000101100101100 0.9386000037193298
0001100010001010011001001110101000011100110101111100110010110101110 0.8610000014305115
0000110001100110110011110100001011001000100011101101010101000100100 0.9398999810218811
0000010100101000001011011110101000011100110111101100110101110100110 0.9272000193595886
0001100010001010011001000011000101101000110011011101010111001101100 0.9542999863624573
0001110001001011101001001000000000101000010011010101011000001101110 0.9429000020027161
0100011100100011001111101010101110001000111001101100010011000101100 0.9416999816894531
0000011100100011101001001000000000101000010111101100111000110101100 0.9559999704360962
0001100010001010010001001110101000011110110011010101010101001101110 0.9308000206947327
0001010000001011011101100100011010011000010011010101011000001100110 0.9484000205993652
1101101011000011101001001000000000101100110111101101110000110101100 0.9642999768257141
1101011011000011101001001000000100101100000101110010010001011100110 0.944100022315979
1000011011000001101001000110011010001000010011010101011100000100110 0.9567999839782715
1100011010000011100001001110101000011100110111101100011110010100100 0.9312999844551086
1101011011000011111101000110011010001100000101110010110001010101110 0.9556000232696533
0101000000000010110010111010101110110110111111001101000110010101100 0.9111999869346619
0001100000001011011101101100011010011100100111101101110000100101100 0.9397000074386597
0001100000001011101001001100011101001000100001001100000000010101100 0.9632999897003174
1101011011000111111001001100011000011100100011011111000110001111100 0.9584000110626221
1101011011000011101001001100011000001100100001001100000110010100110 0.9710000157356262
[0.9143999814987183, 0.930899977684021, 0.9527999758720398, 0.9574999809265137, 0.9710000157356262, 0.9710000157356262, 0.9710000157356262, 0.9710000157356262, 0.9710000157356262, 0.9710000157356262]
[0, 0, 0, 1, 1, 0, 0, 0, 0, 0, 0, 0, 1, 0, 1, 1, 1, 0, 1, 0, 0, 1, 0, 0, 1, 1, 0, 0, 0, 1, 1, 1, 0, 1, 0, 0, 1, 0, 0, 0, 1, 0, 0, 0, 0, 1, 0, 1, 0, 1, 0, 1, 0, 1, 1, 0, 0, 0, 0, 0, 1, 1, 0, 1, 1, 0, 0] 0.9710000157356262 0.8798449122175879