Downloading data from https://storage.googleapis.com/tensorflow/tf-keras-datasets/mnist.npz
11493376/11490434 [==============================] - 0s 0us/step
11501568/11490434 [==============================] - 0s 0us/step
Generation 1
1100100001111110010000001110010011011001110011010100100110100001001 0.09740000218153
1000000010011101111010111000111001001010001011101100010000011101111 0.11349999904632568
1100001110101111111100001111110010000001111010001110000000011111001 0.14560000598430634
1000111111000111101110111000011001110001011100000001001111001101101 0.3057999908924103
0000101001110001101111011010011101001000010101011111101011111111110 0.9427000284194946
1000000100001110011101010001100011101100101011100011111110011011011 0.14090000092983246
0000001001100110111011100000001011101010000111110110010011000010101 0.5952000021934509
1100011010100101001011111010010010110111000110100000110001110011111 0.6460000276565552
1000111000111101110011100111100101111011111010101100010000101111100 0.20069999992847443
1101010101001101101111011100011110100101110110111101100001111100011 0.5324000120162964
0000011111010001011000010001111111001000110001011110111010111100001 0.5199999809265137
1001101110111010100000001010001110001000100000011111010000110001111 0.7656000256538391
0100100010101101101110010000111100011100101110011001011101001001011 0.12890000641345978
1000000110011111001011101100000110000100111101010101010100110110010 0.10499999672174454
1000100010100111101110010011101111100110001101010111010100001110000 0.1956000030040741
1100010111100111101100111001101100001010011111001111101000000110101 0.09520000219345093
0000100111100111001110100000100001011100011011001111101010100001001 0.1216999962925911
0000000010011010011111100000000011001100011111001101100110100110001 0.12120000272989273
1000000111011010010101111000011011100000011101011001001101001101100 0.7978000044822693
0101010001011000110000010010111111111011011111010010001010000111111 0.0731000006198883
1000011111111100001001101001111000100100010011010100111011011111100 0.8730999827384949
1001111011000110100001001010110100001111111110100111010111110001111 0.09799999743700027
1000101011011111001001111100011101000100010010011101100101101101101 0.8574000000953674
0000010010011011001101000011101011001111110000001010110100100011100 0.13379999995231628
0000110110101001100010110001010001010010110010100010000011101111000 0.4652000069618225
1101111001000101010101010110100001101010011001011111100101100101100 0.9452999830245972
1101111011001100001100101010100001101100011000011110010111100101001 0.803600013256073
1000000000010011010100111111001100100001001110000001011011110010110 0.10249999910593033
0000110010000000110011101011001010001101001000010000110010010001110 0.11400000005960464
0100100000100001011110011100100101111000000100001100111100011100001 0.08659999817609787
1100011111001000101101110001000100111010111101101110101011011101100 0.9581000208854675
0001111011100011100100000001000111001001111001110001101010000110100 0.23170000314712524
0001100111001001110100111010110011000000001000100010100100111000100 0.2222999930381775
1001000100010001101000100110110011111010101101111010110001100001110 0.29840001463890076
1100010101010100100101101011101010100101111000111111001011011100110 0.08550000190734863
1000101011001001101010001010110110010110110010101000101011000111110 0.09799999743700027
1100001010010011111011100110011011010010001011101111100111001100001 0.4968000054359436
0110011001000011000100011010000001010001110001101011011111111011111 0.11349999904632568
0100100101000010100000011101111101110000110001001101100010011011010 0.31529998779296875
1100001001111000110110101001000101111001000001111000011111100011010 0.1315000057220459
0000110111111111011010001101000000001001001101100010000111111011110 0.9348000288009644
1000001001011010110110011111010110011000011011101100100111110101100 0.8862000107765198
1000100101010100100111110101001101000010100010100000011111111011011 0.11159999668598175
1001111101000111111101000110110100000101011000111100001111010001000 0.10999999940395355
0100000011011110010011010110000000101001000101000110100100100110011 0.08749999850988388
0101100011000100100110011100010001000100011010011110100111101100000 0.20270000398159027
0100101001001010101010001101110010001110100110111001011110100011110 0.22990000247955322
1101000010001111111000100010110010011000010001011011111110010001001 0.11599999666213989
0001000101010011100010111010101010011010010010110010111001100101101 0.7404000163078308
1000001001101010101111110000100101011101000010001111100011000001100 0.149399995803833
[0.9581000208854675]
[1, 1, 0, 0, 0, 1, 1, 1, 1, 1, 0, 0, 1, 0, 0, 0, 1, 0, 1, 1, 0, 1, 1, 1, 0, 0, 0, 1, 0, 0, 0, 1, 0, 0, 1, 1, 1, 0, 1, 0, 1, 1, 1, 1, 0, 1, 1, 0, 1, 1, 1, 0, 1, 0, 1, 0, 1, 1, 0, 1, 1, 1, 0, 1, 1, 0, 0] 0.9581000208854675 0.856779610513535
Generation 2
1100011111001000101101110001000100111010111101101110101011011101100 0.9581000208854675
1000011111101111111000100010110000111000010001010100111110000001001 0.10689999908208847
1000000111011011010101111010011011100000011000011110001101000101001 0.32429999113082886
1101111011001100001100101010100101111100011101011001010111101101100 0.9204000234603882
0000110111111111011010001001000000001001001101100010000111111011110 0.9229000210762024
1001000100010001101000100110110011111010101101111010110001100001110 0.5235000252723694
1001000100110001101000100110110010110010101101111010110001110011111 0
1100011010100101001011111010010011111111000110100000110001100001110 0.5881999731063843
1101011111001100001100101010100001101100011001101110101011111101100 0.873199999332428
1101111011001000101101110001000100111010010100011110010111000101001 0.779699981212616
1000000010011101111010111000111001001110001011101100010000011101110 0.548799991607666
0000101001110001101111011010011101001000010101011111101011011111111 0.10320000350475311
0100100101000010100100000001001101110001111001110001101011011110000 0.125900000333786
0001111011101011100000011101100111001000110001001101000010000011110 0.9394000172615051
0000110110101001100010110001010001010011110010100010000101100101100 0.9510999917984009
1001111001000101110101010110100001111010011001011111100011101111000 0.43970000743865967
1001010100001101101111011100011110111010101101111010110001111101011 0.6624000072479248
1101000100010001101000100110110011101101110110111101100001100000110 0.8604000210762024
1000111000111101101001101001111001100100010011010100010000100111100 0.4884999990463257
1000010111111100010011100111110101111011111010101100111011011111100 0.8884999752044678
1000000111011010010101111000011010100000011101011000001001001101100 0.8213000297546387
1000000111010010010101111000011011100000011101011001001101001101110 0.9254999756813049
1100011111000000101100001101110110001110100110111001011110110001110 0.09799999743700027
0100101001001010101011110001000100111010111101101110101011001111100 0.9197999835014343
1100001010001101101111011100011110100111000110100001110001111110011 0.09700000286102295
1101010101100101001011111010010010110101010110111100100001110001111 0
1000001001011010110110001111010110011001111001110001101011110111100 0.8805999755859375
0000111011101011100100000001000111001000011011101100100110000100000 0.13779999315738678
1001101110111010100000001010001111001000101001110111010000000011101 0.3095000088214874
0000001001100110110011100000001011101010000110011110010011110000110 0.7903000116348267
1000101011011111001001111100010101000100010010011101001111001101101 0.09799999743700027
1000111111000111101110111000111001110001011100000001100111101101101 0.23280000686645508
1000111000111101110011100111100101111011111110101100010001111111011 0.5943999886512756
1101010101001101101111011100011110100101110110111101100000101100100 0.47360000014305115
1100001100000111111101000110110100000101111010001110000000011001000 0.10260000079870224
1001111101101111111100001111110010000001011000111100001111010111001 0
0100100101000010100000011100011101110000110001001101100010011011111 0.9419000148773193
1000101011011111001001111101111101000100010010011101100101101101000 0.18310000002384186
1100100101000010100000011101111101110000111001001101100111100011010 0.4602999985218048
0101111011001110001100101010100001101100011000011110000010010101001 0.838699996471405
0001110011100010101101110001000100111010111101101110101010001111101 0
1100011111001001110100000001000111001100101001110001101011010100100 0.944599986076355
1000011111111100001001101001111000100100010011010100111010111111110 0.9023000001907349
0000101001110001101111011010011101001000010101011111101011011111100 0.9086999893188477
1100011111001000101101110001000100111010111101101110101011011100101 0.9563000202178955
0000011111010001011000010001111111011000110001011110111010111101000 0.2632000148296356
1001111101000111111101000111100101100101011000111100001111011111000 0.887499988079071
1000111000111101110011100110110000011011111010111100010000100001100 0.13830000162124634
0010101001110001001111011000011101001000011101011001101001111111110 0
1000000111011010010101111010011011100000000101011111001111001101100 0.7986000180244446
1100011111001000101101110001000100111010111101101110101011011101100 0.9581000208854675
Generation 3
1100011111001000101101110001000100111010111101101110101011011101100 0.9581000208854675
1101000100010001101000100110110011110011110010111100100001100101110 0.11349999904632568
0000110110101001100010110001010001001101110110100010010101100000100 0.42739999294281006
1000000101011010010101111010011101100000000101011111001111001101100 0.7774999737739563
0000101001110001101111011010011011001000010101011111101011011111100 0.9072999954223633
1100011111011001110100000001000111001100101001110001101010011101110 0.9384999871253967
0100100101000010100000011100011101010000110001001101100011010010101 0.7508999705314636
0100111001001010101011110001000100111010011101101111001011001101100 0.9577999711036682
1000000111000010010101111000011011100000111101011000101101001111110 0.9398000240325928
1000000111010010010101111000011011100000011101011001011111001101100 0.859000027179718
1000000111011010010101111010011011100000000101011111001101001101110 0.9286999702453613
0100101101001010101011110001000100111000011101011000101001001101100 0.9502000212669373
1000000111011010010101111000011010100010111101111110001011001111100 0.8608999848365784
1000001001011010110110001111010110011001111001110001101011111101001 0.5831999778747559
1001010100001101101111011100011110111010101101111010110001110111110 0.8215000033378601
1000000111010010010101110000001011111010111101101110101011011100101 0.8855000138282776
0100011111001000101101111101000100100000011101011001011101001101110 0.9569000005722046
1100011111001001110100000001000111101101110100111101100011100000110 0.09799999743700027
1101000100010001101000100110110011001100101001110001101001010100100 0.842199981212616
0101111011001110001100101010100001101100011000011110000011000101001 0.8492000102996826
1001111011001100001100101010100101111100011101011001010110011101101 0.9171000123023987
1001111011000101110101010110100001111010011001001101000010001111100 0.9307000041007996
0001111001101011100000011101100111001000110001011111100011100011010 0.1754000037908554
1101111111001000101101100010100101111010011101011001010111101101100 0.7591999769210815
1100111011001100001100110001000100111100111101101110101011001101100 0.8981999754905701
0000101001110001101111011010010100111010111101101110101011011101100 0.9247999787330627
0000110110101001100010110001000100111010111101101110000111100101100 0.9692999720573425
0100001001001010101011110001010001010011110010100010100001001111100 0.3107999861240387
1101000101010001101001100110110011101101110110111100000001100001111 0.8299999833106995
0101111011001110001100101010100001101100111000011111100010010100000 0.398499995470047
0100100101000010100000011100011101110000011001101111100010111011101 0.887499988079071
1101011111001100001100101010100001101100110001001100101011011101110 0.8446999788284302
1100101001001010101011110001000100111010111101101001010111101101100 0.9496999979019165
1101111011001100001100101010100101111100011101011110101011001111100 0.8956000208854675
1000000111010010010101111000011011110000110001001101100011011011110 0.4772999882698059
0100100101000010100000011100011101100000011101011001001100001111111 0.8709999918937683
0000101001110000101111011010011101001000010101011111100010001011100 0.4142000079154968
0001111011101011100000011101100111001000110001001101001011010111110 0.9386000037193298
1000001111010011010001111000011011000000011101011001001101001101110 0.9412000179290771
0001111011101011100100011101100111001000110001001101000010000011110 0.9417999982833862
0000100110101001100010110001001100111010010100100010000101100101001 0.7211999893188477
1101111111001000101101110001010001010011110010011110010111000101100 0.9222000241279602
1101111011001000101101110001000100111010011101101110101011011101001 0.6890000104904175
1100011111001000101101110001000100111010110100011110010111000100101 0.8338000178337097
1100100101000010100000011101110111001100101001110001100111000011110 0.9013000130653381
1100011111001001110100000001001101110000111001001101101011110100000 0.19349999725818634
1101000100010001101000100111110011101101110110111101100001100000110 0.8551999926567078
1101000100010001101000100110110011101101110110111101100001100000110 0.8560000061988831
1100011111001001110100000001000111001100101001110001100101100101110 0.9373000264167786
0000110110101001100010110001010001010011110010100010001011010100100 0.9340999722480774
1100011111001000101101110001000100111010111101101110101011011101100 0.9581000208854675
Generation 4
0000110110101001100010110001000100111010111101101110000111100101100 0.9692999720573425
1101111111001000101101110001010001010011010010011111100001100101100 0.8931000232696533
1101000100010001101000100111110011101101110110111100010111000000110 0.8202000260353088
0100100101000010100000011001000100100001011101011000101001001101100 0.9508000016212463
0100101101001010001011110100011101111000011101011001001100001111011 0.9350000023841858
0101000100010001101000100110110011001100101001110001100000110001100 0.1234000027179718
0100100101000010100000011100011101110000011001101111101011011110101 0.7423999905586243
1001111011000101110101010110100001101100011000011110000010000101001 0.6848000288009644
0101111011001110001100101010100001111010011001001101000011001111100 0.9502000212669373
0101111011001100001100110001000100111100111101101110101111000101001 0.6912999749183655
1100111011001110001100101010100001101100011000011110000001001101100 0.6636000275611877
0100111001001010101011110001000101101010011101101111001011101101100 0.9569000005722046
1100101001001010101011110001000101111010111101101001010111001101100 0.9542999863624573
0000110110101001100010110001010011101101110110101110000111100000110 0.939300000667572
1101000100010001101000100110100100111010111101111101100001100101100 0.9036999940872192
0100100101000010100000011100011101111100011101011001100110001001101 0.8070999979972839
1001111001001100001100101010101101110000011001101111010010111101101 0.895799994468689
0001111011101011100000011101100111001000110001001101001011010111100 0.968999981880188
1100101001001010101011110001000100111010111101101001010101101101110 0.9490000009536743
1001111011000101110101111001010001001010011001001100010111000101100 0.9406999945640564
1101111111001000101101010100100001110011110010011111010010001111110 0.864300012588501
0100101101001001100010100001000100111000111101101110001011000101100 0.953000009059906
0000110010101010101011110001000100111000011101011000100101001101100 0.9381999969482422
0100101101001010101011110001000001010011110010100010001011000100100 0.9287999868392944
0100110110101001100010110001010100111000011101011000101001011101100 0.9424999952316284
0000101001110001101111011010011011001000010101011011011111001111100 0.9017999768257141
1000000111010010010101111000011011100000011101011111101011011101100 0.7860999703407288
0100111001001010101011110001000101011100011101011110101011001101100 0.9289000034332275
1101111011001100001100101010100100111010011101101111001011001111100 0.8776999711990356
0001111011101011100000100110110011100101110110111111001011010111110 0.6323999762535095
1101000100010001101000010101100111001100110001001101100001100000110 0.8317000269889832
1101000100010011100000001110110011001100101001110001101011010101110 0.9387000203132629
0101111011001110001100101010100001101100011100011110000011000101101 0.935699999332428
0100011111001000101101111101000100100000011001011001011101001101010 0.8421000242233276
0000110110101001100110110001000100111010011000011110000111100101100 0.955299973487854
0101111011001110001100101010100001101100111101101110000011000101001 0.8865000009536743
0100101101001011101111011010011011001000010101011111101011001101100 0.9606999754905701
0000101001110000101011110001000100111000011101011000101001011111100 0.8776999711990356
1100101001001010101011110001001100111010111101101000101111001101100 0.9308000206947327
0100101101001010101011110001000100111000011101011001010011101101100 0.9537000060081482
1100111011001100001110100001000100111100111101101110101011001101100 0.9072999954223633
1101111011001100001100111010100101111100011101011110101011001111100 0.8974999785423279
1101000100010001101000100110110011001000101011001100101011010100100 0.8029999732971191
1101011111001100001100101010100001101100110001110001101001011101110 0.7789000272750854
1101111111001000101101111000011011000000011101011110010111000101100 0.9002000093460083
1000001111010011010001110001010001010011110010011001011101001101110 0.7336999773979187
1001011011000101110101010110100001111010011001011101000011010100100 0.90829998254776
1101000100010001101000100110110011001100101001110001101000001111100 0.8812000155448914
1101111111001000101111110010100001111010011010011101000011001101100 0
1001111011000101110101010101010001010011110001001110010110000111100 0.9203000068664551
0000110110101001100010110001000100111010111101101110000111100101100 0.9692999720573425
Generation 5
0000110110101001100010110001000100111010111101101110000111100101100 0.9692999720573425
1101000100100011100000001110110100111010011000011110001111100101100 0.891700029373169
0000110110011001100110110001000011001100101001110001100011010101110 0.8575000166893005
0001111011000101110101010110100001101010011001001101001011010111100 0.9366000294685364
1001011011101011100000011101100111001000110001011101000011010100100 0.9276999831199646
1101000100001110001100111010100101111100011101011110101011001101100 0.9169999957084656
1101111011010001101000100110110011001000101011001100101011010110100 0.12549999356269836
0001101101001001100010100001000100111000111101101110001011000111100 0.8353000283241272
0100111011101011100000011101100111001000110001001101001011010101100 0.9370999932289124
0001111011101011100000011101100111000001011101011000101001010111100 0.9628000259399414
0100100101000010100000011001000100101000110001001101001011001101100 0.9521999955177307
0100101110101001100010110001010100111000011101011000101100001101110 0.9433000087738037
0100110101001010001011110100011101111000011101011001011001011111001 0.866100013256073
1001111011000101010100101001000001101100011100011100000011000101101 0.7366999983787537
0101111011001110001101111010100001001010011001001100010111000101100 0.9509000182151794
1101000100010011100000001110110011001100101001110101101011000101110 0.8938000202178955
0100101101001001100010100001000100111000111101101110001011010101100 0.9401000142097473
0000110110101001100110110001000100011010011000011110000111110100100 0.9413999915122986
1001011011000101110101010110100001111010011001011101000011000101100 0.9351999759674072
0000110110101001100010110001010111101101110110101010000111000101100 0.9573000073432922
1001111011000101110101111001010001001010011001001100010111100000110 0.6951000094413757
1000000111011010010101111000011000111010011000011110000111100101100 0.8075000047683716
0000110110100001100110110001000111100000011101011111101011011101100 0.9610999822616577
1101000100010001101000100110100100111010111101111101100001000001100 0.21230000257492065
0100101101001011101111011010011011001000010101011101100011101111100 0.9664000272750854
0000110110101001100010110001010011101101110110101110000111100000100 0.8533999919891357
1001111011000101110101111001010001001000011001001100010111000101111 0.8744999766349792
0000110110101001100110110001000101110000011001101111010010101101101 0.9348999857902527
1001111001001100001100101010101100111010011000011110000111110101100 0.8547999858856201
1001111011000101110101111000101101110000011001001100010010000101100 0.9276999831199646
1001111001001100001100101011010001001010011001101111010111111101101 0.8237000107765198
1101111111001000101101110001010001010011000010011111100001010100100 0.7498000264167786
1101000100010001101000100110110011001000101011001100101011100101100 0.8708999752998352
0101111011001110001000101010100001111010011001011100010111000000110 0.8371000289916992
1100000100010001101100100111110011101101110110101101000011001111100 0.6819999814033508
1001000100010001101000100110101011001010111101111101011111000101100 0.8396000266075134
0000101001110001101111011010010100111000010101011011100001101111100 0.871999979019165
1101000100010001101001110001010001010011100010011101111101001101100 0.8252000212669373
1000001111010011010000110110100100101010111101111001000001100101110 0.9472000002861023
0100101101001110001100101010100001111010011001001001001100001111000 0.4250999987125397
1001111011000101110101111010011011001000110101001100010111001101100 0.9323999881744385
0000101001110001101111011001010001001010011001011011011111000111100 0.8995000123977661
1101111111001000101101010100101101110000011001101111010010111101111 0.620199978351593
1001111001001100001100101010100001110011110010011111010010001111100 0.7408000230789185
1001111001001101100000011101100111001000100001001101001010111101100 0.9043999910354614
0001111011101010001100101010101101110000011001101111010011010111101 0
1001111011000101110101110001010001010011110010001111011110000111100 0.9086999893188477
1000001111010011010001010101010001010011110001011000010101001101110 0.9390000104904175
1100101001001010110101010101010001010011110001001110010111000100100 0.9081000089645386
1001110011000101101011110001000001111010111101101001000110001111100 0.9154999852180481
0000110110101001100010110001000100111010111101101110000111100101100 0.9692999720573425
Generation 6
0000110110101001100010110001000100111010111101101110000111100101100 0.9692999720573425
1001111001001100001100101011000001001010011001101111100111011101100 0.8883000016212463
0000110110100001100110110001010111100000011101011111011011111101101 0.9606999754905701
1001111001001101100000011101100111001000011001011101000011001101100 0.8903999924659729
1001011011000101110101010110100001111010100001001101001010110101100 0.9319000244140625
0000101001110001101111011001010001001110011001011011011111000111100 0.8967999815940857
0000110110100001100110110001000111100000011101011111101001011101100 0.9688000082969666
1001011011000101110101010101010100111000011101011100101100000101010 0.767799973487854
0100101110101001110010110010100001111010011001011001000011001101100 0.9413999915122986
1001011011101011100000011101100111001000110001001110000011110000100 0.14229999482631683
0000110110101001100010110001010011101101111110111101000111000100100 0.949400007724762
1000000101010011010000110110000100101010111101111001000111100000100 0.09830000251531601
0000110110101001100010110001010011101101110110101110000001100101110 0.7702000141143799
1001111001001100001100111010101100110010011000011111000001010100100 0.833299994468689
1001111011001001100110100001000100111000111101101100001011010101100 0.8270999789237976
0100101101000101110101111010011011001000110101001110010111001101100 0.8842999935150146
1001111011000101110101111010011011001000110110001100010111000111100 0.8845000267028809
1001111011000101110101110001010001010011010001001111011110101101100 0.9218000173568726
1101000100110011100000001110110111001000101011001110101011100101100 0.7749999761581421
1101000100010001101000100110110000111010011000011100001111100101100 0.9038000106811523
0001101011000101110101010110100001101010011001001100011011010001100 0.5845999717712402
0000110110101001100010110001010011101101110110101111000111100100100 0.9552000164985657
1101000100001100001100111010100111100000011101011110101011011101100 0.7688999772071838
0100110110100000100110110001000101111100011101011111101011001101100 0.9631999731063843
0101111011001110001101111010100001001010011001011100000011000101100 0.9483000040054321
1001011011000101110101010110100001111010011001001101010111000111100 0.9276000261306763
0000110110101001100000110001010011101101110110101110000111100000100 0.8873000144958496
0000110110101001100010110101010111101101110110101010000111000101100 0.9646999835968018
1101000100010001101000100110110011001000111011001111101011101101101 0.777899980545044
0000110110100001100110110000000111100000011101011110101011010101100 0.9696000218391418
1001011011000101110101010110110001111010011001011101100011100101100 0.9333999752998352
0100101101001011101111011110011011001000010101011101000011001111100 0.9664000272750854
0100101101001011101111011010011011001000010001001101001011001101100 0.9491999745368958
0100100101000010100000011001000100101000110101011101100011101111100 0.9517999887466431
1101000100010011100000001110110111001100101001110101101011001101110 0.8956999778747559
0000110110101001100000110001010111101001110110101010000011000101100 0.9405999779701233
0100101110101001100010110101010001010011110001001110101101000101110 0.9574000239372253
1100101001001010110111010001010100111000011101011000010110001100100 0.9186999797821045
0000110110011001100110110001000011001100101001100001110010110101100 0.9674999713897705
0000110110101001100110110001000101110000011001111111000010001101111 0.10100000351667404
1101000100010001101000100110110011001000100011001100101011100101100 0.8529999852180481
1001111011001101110101110001010001010011111010001111011110000111100 0.9035000205039978
1101000100101001100010110001010111101111110110111110000110000101100 0
0000110110001110001100111010100101111100011101001010101011001101100 0.8858000040054321
0000110110101001100110110001001100011010110110101110000111100000100 0.8647000193595886
0000110110101001100010110001010011101101011000011100000111110100100 0.9279999732971191
0000110110101001100010110001010111000001111110101110001011011100100 0.9472000002861023
0000110110100001100110110001000011101100010101011111000111100001100 0.5981000065803528
1001110011010101101011110001000001111010111101101001000110001110100 0
1001011011101011100000011101100111001000110001011101000011010101100 0.9402999877929688
0000110110101001100010110001000100111010111101101110000111100101100 0.9692999720573425
Generation 7
0000110110100001100110110000000111100000011101011110101011010101100 0.9696000218391418
1001111011000101110101011010011011001000110110001100010111001111100 0.7200000286102295
1001111011000101110101111010011011001000110110001100010111000111100 0.8747000098228455
1000110110101001100010100110110010001000111011001111101011001101100 0.9465000033378601
0000110110111001100110110001000011111010011001100001110010100101100 0.9413999915122986
1101000100010001101000100110110000001100001000011100001111110101100 0.8718000054359436
0000110110101001100000110001100111001000110001011101000011110001100 0.5347999930381775
1001011011101011100000011111010011101101111110101110000111000100100 0.9222999811172485
0000010110101001100010111010000101111100011101101110000111100101100 0.9311000108718872
0000110110001110001100110001000100111011111101001010101011001101100 0.8973000049591064
0000110110011001100110110001000011001100101001100101110010110111100 0.970300018787384
0100100101000010100000011001000100101000110101011001100011100001100 0.5414999723434448
0000110110011001100110110110110001111010011001011101100010110101100 0.9718000292778015
1001011011000001110101010001000011001100101001100001110011100101100 0.9476000070571899
0000110001001001100111010001010100111000011101011000010110001000100 0.7350999712944031
1101101110101110110110110001001100011010110110101110000111100100100 0
1001111011000101110101110001010001010011010001001101001011101101100 0.9271000027656555
0100101101101011101111011010011011001001010001001111011110001101100 0.9341999888420105
1111000100010001101000100110110000111010011000011100001011101101100 0
1101000100010011100000011110110111001100101001110101101111000101110 0.638700008392334
1000100110101001100010000001010111001110011001011010001001001110100 0.10170000046491623
0000101001110001101111011001010001000001110110100111010111010101100 0.8974999785423279
0000110110101001100010110001010011101101111101101111000111100101100 0.9753999710083008
0000110110101001100010110001000100111010110110101110000111100100100 0.9537000060081482
0000110110101001100010110001000111100001100110101111000101110101100 0.9333000183105469
0000110110100001100110110001010011111100011101011111101001011100100 0.9517999887466431
0000110110101001100010110001011011101101110110101111001111100100100 0.9527000188827515
1101000100010001101000100110110000111010011000011100000111100101100 0.8960999846458435
0000110110101001100010110001010111000001111110101110001011011100100 0.9399999976158142
0000110110101001100010110001010111000001111110101110001011011100100 0.9538000226020813
0100101101001011101111011110011011001000010101011101000011001111100 0.9646999835968018
0100101101001011101111011010011011001000010101011101000011001111100 0.9639000296592712
1101000100010001101000100010110011101101110100011100001111100101100 0.9060999751091003
0000110110101001100010110001010000111010011010101111000111100100100 0.9521999955177307
1001111001001111100000110001000011001101101001100001110010110101100 0.9534000158309937
0000110110011001101110011101100111001000011001011101000011011101100 0.9704999923706055
0101111011001110001101111010100011101111110111011100000111100100100 0.9420999884605408
0000110110101001100010110001010001001110011000101111000011000101110 0.8507999777793884
1001111011001101110101110001010001010011111010001111110010110101100 0.8486999869346619
0000110110011001100110110001000011001100101001100001011110000111100 0.9714000225067139
0000110110101001100000110001010111101101110110101010000011000101100 0.9435999989509583
0000110110101001100000110001010011101101110110101110000111100000100 0.8823000192642212
0000110110101001100010110001010001101101110110101111000111100100100 0.9503999948501587
0000110110101001100010100001010011101101110110101111000111100100100 0.945900022983551
0000110110101001100010110101010101101101110110101010000011000101100 0.953499972820282
0000110110101001100000110001010111101001110010101010000111000101100 0.9593999981880188
0100101101001011100000110001010111101001110110101010001011000101100 0.8787000179290771
0000110110101101101111011010011011001000010001001101000011001101100 0.9578999876976013
1001111011000101110101110001010001010011000001001111011110101101100 0.9028000235557556
1001111011001101110101110001010001010011111010001111011110000111100 0.9096999764442444
0000110110100001100110110000000111100000011101011110101011010101100 0.9696000218391418
Generation 8
0000110110101001100010110001010011101101111101101111000111100101100 0.9753999710083008
1101000100010001101000100110110000001100001000011100001111011100100 0.847000002861023
0000110110101001100010110001010111000001111110101110001011110101100 0.9348000288009644
0100101101101011101111011010011011001100101001100101110010010101100 0.9520999789237976
0000110110011001100110110001000011001001010001001111011110101111100 0.9577000141143799
0101111011001110001101111010100011101111110111001110000111000100100 0.9417999982833862
1001011011101011100000011111010011101101111111111100000111100100110 0.09799999743700027
0000110110101001100000111001000011001101101010100001110010110101100 0.9247000217437744
1001111001001111100000110001010111101001110001101010000111000101100 0.9634000062942505
1101000100010001101000100001000011101101110100011100001110100101100 0.8871999979019165
0000110110011001100110110010110011001100101001100101110011110111100 0.9718000292778015
1001011011000001100101010001010011001101101001100001110010110101100 0.9293000102043152
1001111001001111100000111001000011001100101001100001110011100101100 0.9510999917984009
0000010110100001100110100110110010001000111011001111101011001101100 0.8970999717712402
1000110110101001100010110000000111100000011101011110101011010101100 0.9474999904632568
1001111011000101110101111001010001001000010110100111010111010111100 0.9307000041007996
0000101001110001101111011010011011000001110110001100010111000101100 0.8503999710083008
0101111011001110001101111010100011101111110111011100000111100100100 0.9483000040054321
0000110110111001100100110110110011111010011001011101100010110000100 0.5002999901771545
0000110110000001100110110001010011111100011101011111101001011101100 0.9588000178337097
0000110110101001100010110001010001000001111110101110001111011101100 0.9053000211715698
0000101001110001100111011001010111000001110110100111010011010100100 0.8436999917030334
1001111011000101110101110000010001010011000001001111011110101101100 0.9355000257492065
0000101001110001101111011001010001000001110110100111010111010101100 0.9114000201225281
0000110110011000100110110110110001111010011001011101010111010101100 0.9645000100135803
0000101001010001111111011001010001000001110110100111100010110101100 0.8069000244140625
1001011011101011100000011111010011101101111111101110000111000100100 0.9488999843597412
1001011011101111100000011111010011101101111110101110000111000100100 0.9107000231742859
0101111011001110001101111010101011101111110111011100000111101100100 0.9422000050544739
1001111011000101110101110001010001010011000001001101001011100101100 0.9124000072479248
1000111011000101100010100110110010001001000101001111011110101101100 0.8761000037193298
1001110110101001110101110001010001010010111011001111100011001101100 0
0000101101110101110001110001010001000001110010100111010110000111100 0.9544000029563904
1001111011001001100101011001010001010011111010001111011111010101100 0.9348000288009644
1001111011000101110101110001010001010011011010001111110010101101100 0.6916000247001648
1100111111001100110101110001010001010011100001001111011110110101100 0.9168999791145325
1001111011000101110101110001010001010011010001001101001010001101100 0.9233999848365784
1001111011001101110101110001010001010011111010001111011111100111100 0.9034000039100647
1001011011001101110101010001000011001100111000001111010011110101100 0.881600022315979
1001111011000001110101010001010001010011111001100000110010100101100 0.9557999968528748
1001011011001111100000110001000011001000101001100001110010100101100 0.9388999938964844
1001011001000001110101010001000011001101101001100001110011110101100 0.9394999742507935
1001011011101011100000011110011011001001110101011101000011001111100 0.9520999789237976
0100101101001011101111011011010011101100001110101110000111000100100 0.8914999961853027
0100101101001001101000100110011010111010011000011100000011001111100 0.7541999816894531
1101000100010011101111011010110001001000010101011101000111100101100 0
1001111001001111101000100010110011101101111101100100001111100101100 0.9660999774932861
1101000000010001100000110001000011001101100100011001110010110101100 0.8686000108718872
1001111001000111100000110001000011001101101001100001110111010100100 0.9345999956130981
1001011011101011100000011111010011101101111110101110000010100101100 0.8895000219345093
0000110110101001100010110001010011101101111101101111000111100101100 0.9753999710083008
Generation 9
0000110110101001100010110001010011101101111101101111000111100101100 0.9753999710083008
1001011011000001100101010000010011001101101001100010000111000101100 0.9208999872207642
1001111001001111100000110001010111101001110001101001110010110101100 0.9638000130653381
0000110110101001100010110001010111001100101001101110001011110101100 0.9621000289916992
0000110110011001100110110010110011000001111110100101110011110111100 0.955299973487854
0101111011001110001110110010110011001111110111011100000111101100100 0.9115999937057495
0000110110011001100101111010101011101100100001100101110011110111100 0.972100019454956
1000110110101001100010110000000111100000011101011111000111010111100 0.9513999819755554
0000110110101001100010110001010011101101111101101110101011100101100 0.9718999862670898
0000101101110101110001110001010001000001110010100001110110010101100 0.9483000040054321
0000110110101001100000111001000011001100101010100111010010100101100 0.9635000228881836
0000101101110101110001110001010001000001110010100110010111100101101 0.8881999850273132
0101111011001110001101111010100011101111110111011101000110000110100 0.10930000245571136
0000010110101001100010110001010000000001111110101110101011001101100 0.9162999987602234
0000110110100001100110100111010010001000111011001110001111011101100 0.942300021648407
0100101101101011101111011010011011001100101001100101111000011101100 0.9476000070571899
0000110110000001100110110001010011111100001101011111100010010101100 0.958899974822998
1000101101110101110001110001010001000001110010100111010110000111100 0.941100001335144
0001111011000101110101111001010001001000010110100111010111000111100 0.9259999990463257
1100111111001100110101110001010001010011100001001111011111100100100 0.9204000234603882
0100101101001011101111011011010011101100001110101110000110010101100 0.7791000008583069
0000110110011001100110110001000011001001010001001111011110111111100 0.957099974155426
0000110110011001100110110010110011001100101001100101110011100111100 0.9715999960899353
1001111011001001100101011001010001010011111010001111111111000111100 0.9182000160217285
0000101101110101110001110001010001000001110010100111010110011101100 0.949400007724762
0101111011001110001101101010101011000001110111011100000111101100100 0.9485999941825867
1001011011101011100000011110011011101111110101011101000011001111100 0.9501000046730042
0000110110101001100110100110110011101101111101101111101011001101100 0.9706000089645386
1010110110101001100010110000001111100000011101011110111011110101100 0
1100111111001000010101110001010001010011100001001111001110010001100 0.70169997215271
1001111001001111101000100001010111000001110110101111011111000101100 0.9574000239372253
0000101101110001100111011010110011101101111101100100000011010100100 0.9474999904632568
1000011011101011100000011111010011101101111111101010000111001100100 0.8482000231742859
0000110110000001100110100001010011111100011101011111101000010101100 0.9670000076293945
0000101101110101110001110001110001001101101001100101110010111111100 0.9678000211715698
1001011011000001100101010001010011000001110010100011010110000101100 0.7081000208854675
1001011010000001100100110001010111000001111110101111100010110101100 0.6563000082969666
0000110110101001100011010001010011001101101001100110001011110101100 0.9648000001907349
0000110110101001100010110001010111000001111110101100000111101100100 0.9473000168800354
0101111011001110001101111010101011101111110111011110001011110101100 0.91839998960495
0100101101101011110001111010011011000001110011100101110110000111100 0.9417999982833862
0000101101110101101111010001011001001100101000100111010010010101100 0.9563000202178955
0100011011101011100000011110011011001001110101101101000011001110100 0.1062999963760376
1001101101001011101111011011010011101101001110011110000111000101100 0.9621000289916992
0000110110011001000110110010110011001100101001100001110011110111100 0.9670000076293945
1001111001001111100000111001000011001100101001100101110011100101100 0.961899995803833
1001111011000101110101110001010001011010011001011101010110001101100 0.9445000290870667
0000110110111000100110110110110001110001010001000101001011010101100 0.9121000170707703
1000110110101001100010110000000111100000011101011110101011110101100 0.9409000277519226
0000110110011001100110010010110011001100101001100101110011010111100 0.9593999981880188
0000110110101001100010110001010011101101111101101111000111100101100 0.9753999710083008
Generation 10
0000110110101001100010110001010011101101111101101111000111100101100 0.9753999710083008
0100011011101011100000010010110011001111110111011100000111001110100 0.10249999910593033
0101111011001110001110111110011011001001110101101111100111101100100 0.9070000052452087
0000110110101001100011010001010011001101101011100101000010110101100 0.9370999932289124
1001111001001111100001110001010111101001110001101010111011110101100 0.9519000053405762
0000101101111101110001110001010111000001111110101110010111101100101 0.9161999821662903
0000110110101001100010110001010001000001110010100100000111100101100 0.9408000111579895
1001101101001011101000110011010011101101001001101001110010100101100 0.9553999900817871
1001111011001111100111011001010111101001110110011110000111010101100 0.9194999933242798
0000110110101001100010110001010111000001111110100111010111100110100 0.16259999573230743
1000101101110101110001110101010001000001110010101100000110001101100 0.9200000166893005
0101111011001110001101101010101011000001110111011100000111101101101 0.9128999710083008
0001111011000101110101111001011001001000010110100111010111100110100 0.40130001306533813
0101111011001110001101111010101011101111110111011101110011110101100 0.9513000249862671
0000110110011001100110110010110011000001111110100110001011110111100 0.9351000189781189
1001111011000111111111011010011011001100111001011101010110011111100 0.9661999940872192
0100101101101001110101110001010001011010001001100101111000001101100 0.9523000121116638
1001011011000001100101110000010011001101101001100101110011110111100 0.9409000277519226
0000110110011011100110011010110011000001111110100010000111000101100 0.9485999941825867
0000110111011001100110110000010011001101101001100110000111000101100 0.9510999917984009
1001011011000001100111010010110011001110101001110101110011100111100 0.9395999908447266
0000110110011001100110110001010001000001110010100101011111000111100 0.9380999803543091
1000101101110101110001110010110011000001111110100111110010110111100 0.8955000042915344
0101111011001110001110110010110011001111111111011100000111101100100 0.9153000116348267
0101111011001110001110110010110111001111110111011100000111101100100 0.910099983215332
0101111011001110001110110010110011001111110111011110000111101100100 0.8895000219345093
0000100010100001100110100111010010001000111011001100001111011101100 0.8567000031471252
0000101101110101110001110001010001001001110010100111010110011100100 0.9406999945640564
1000101101110101110001111001010001000001110010100111010110000111100 0.9330999851226807
1001111001001111110001110001010001000001110110100111011110000101100 0.9747999906539917
1000101101110101101000000001010111000001110010101111010111000111100 0.8906999826431274
1000011001001111100000110001010111101101101001100011000111000101100 0.9233999848365784
1001111011000001100101010000010011001001110001101001110010110101100 0.949400007724762
1001111001001111101111011011010011101101001111101101110011100101100 0.9513000249862671
1001101101001011100000111001000011001100101000011110000111000101100 0.9358999729156494
0000101101110101110001110001010001001101101001100001000110010101100 0.9667999744415283
1001011011010001100101010000010011000001110010100010110111000101100 0.8956999778747559
0000110110000001100110100001011001101111100101011111101000010011100 0.8526999950408936
0001101101110101110001110001110001101101111111101010000111111101000 0
1000011011101011100000011111010011001101101001100101110010001110100 0.08089999854564667
0000101101110101101111010000010011001101101001100010000111000101100 0.9502999782562256
1001011011000001100101010001011001001100101000100111010010010101100 0.887499988079071
0000110110011001100110110010110011000001111110100101110011110111100 0.9480000138282776
0000110110011001100110110010110011000001111110100101110011110111100 0.9025999903678894
1001011011000001100101010000010011001101101001000100000111101100100 0.7649999856948853
0101111011001110001101101010100011000001110111011010000111000101100 0.9539999961853027
0100101101101011110001110000010011011101101001100111110110000111100 0.9535999894142151
1001001011000001100101011010011011000001110011100010000111000101100 0.9383999705314636
1100111110101001000000111001000000010011100001011111011110100101100 0.9549999833106995
0000100111001100110101110001010011001100101010110111010011100100100 0.8033000230789185
0000110110101001100010110001010011101101111101101111000111100101100 0.9753999710083008
[0.9581000208854675, 0.9581000208854675, 0.9692999720573425, 0.9692999720573425, 0.9692999720573425, 0.9696000218391418, 0.9753999710083008, 0.9753999710083008, 0.9753999710083008, 0.9753999710083008]
[0, 0, 0, 0, 1, 1, 0, 1, 1, 0, 1, 0, 1, 0, 0, 1, 1, 0, 0, 0, 1, 0, 1, 1, 0, 0, 0, 1, 0, 1, 0, 0, 1, 1, 1, 0, 1, 1, 0, 1, 1, 1, 1, 1, 0, 1, 1, 0, 1, 1, 1, 1, 0, 0, 0, 1, 1, 1, 1, 0, 0, 1, 0, 1, 1, 0, 0] 0.9753999710083008 0.8794886566048871