Downloading data from https://storage.googleapis.com/tensorflow/tf-keras-datasets/mnist.npz
11493376/11490434 [==============================] - 0s 0us/step
11501568/11490434 [==============================] - 0s 0us/step
Generation 1
0001100001000010111100111010010001111101011111111010101111001011100 0.7565000057220459
0100000010000101101001000111010111000001100101011000000000011111111 0.7788000106811523
1100010110010111010000110111101110100100101100101100011011100111010 0.8862000107765198
1101101001000101100010101011100101110110101110011100111101000100000 0.27390000224113464
1000011110100111100011111010101100010000101000100101010100111010011 0.2863999903202057
1101000001001001101101100000011000111010101111001100100111100010111 0.838100016117096
1100000101101110111000111011001100110100111001010101001100101011010 0.0812000036239624
0001001011110000100000101101111101101001011101011111000001100010011 0.1031000018119812
1000011001100110011001100011000000001111011101011001101001011111001 0.1193000003695488
1100101000111101001011101100110010000110000000001011011100011110010 0.07999999821186066
1001001001000111101001110101101001011100000000001001011001100100011 0.49900001287460327
0100011101111101111101101001100101111110101101111011101010110110101 0.10279999673366547
0000110111111000011110000000111001101110111100110110000000011110101 0.6269999742507935
1001001000000000001011011111110000001100111000001010100001000110010 0.1039000004529953
0110011110000000110000000000011011110111111000000100110110001101111 0.10090000182390213
1100110011100101001010110110001011011100010001100011011110100101000 0.6341000199317932
0000010111001011010111000000000010110001000001000101110101110110111 0.5333999991416931
0100010100101001010001111111101101100001011101011011101111000010100 0.08380000293254852
0100110000011001010110111111101101100011000011110110101101110000001 0.4440999925136566
0000101011011010010010000010001101100000100110100100101101111010000 0.2775999903678894
1010001000001110001000010010011111011111110000110010011001000000011 0.0957999974489212
1000000001101000100111100000101001000111011000011100101000001010011 0.25060001015663147
0100111100101000100111011000111011000100011000000000101100101100001 0.2809999883174896
0010010100001011100100000001000011100101001110011111110110010011101 0.7071999907493591
0001000010011010110000001101010001001101010000001010100001001100100 0.6776000261306763
1000010101011111111001000100010100000111000111111110110000101101011 0.45570001006126404
1110000001000001001010000110000010010110100110100111100010010101100 0.7638000249862671
0001011000010101000100011111101101010011111001000101110010000110110 0.10000000149011612
1100000100101110011010100010110110100110000010111110101100101101001 0.6830999851226807
0100011010100111111110011000001100001000100001100110101001001010110 0.6244999766349792
1000010100001010101001010001101100011000101001010001101100101010011 0.2125999927520752
1100000101110000010001110110011000111111000001111001001110100101010 0.8417999744415283
1001010000010100010100011110011011100101010001001111011010111101001 0.12540000677108765
0100101111001100000101000110010100101100101101111010110011110100110 0.9190000295639038
1101000000011001100001000011100101101101001001111000101100100110010 0.10209999978542328
0100011110010001100110010011100000110010110001000100110010100000011 0.20569999516010284
0001010100000010110001000101011100100111100101101111000101101111010 0.9211000204086304
1100000101001111001001100000111100001100111010001111011001011110001 0.08460000157356262
0101111011001010010001001010011001110111000100001001000100110101010 0.546999990940094
0100100011110011100010000010000101001011001101001001101010110101001 0.15449999272823334
1000010001101010100101010110011000110011101001001000110010000011100 0.1289999932050705
0100101110001100001001111110100100010111011101000101110100001110100 0.1492999941110611
0100001111010000110011010001101011101110000000110011000001100110111 0.6531999707221985
0000110010010010001111101011010010001000100011101100001101011000001 0.45419999957084656
1000100100111111010000111010101100101101101010101011011010101110111 0.424699991941452
1000100100010011001100100101011010111001001010101100101101000000111 0.09799999743700027
1000101010111001001001001111101001011110110101010010010110101000100 0.11490000039339066
0000010111001101100010110011011010010010101110111000110011001011000 0.05420000106096268
1100110010010011101101111010001011000001010111000001010100010100011 0.7799999713897705
0100000101000111111100100110010001101011001000011100001101110001001 0.17110000550746918
[0.9211000204086304]
[0, 0, 0, 1, 0, 1, 0, 1, 0, 0, 0, 0, 0, 0, 1, 0, 1, 1, 0, 0, 0, 1, 0, 0, 0, 1, 0, 1, 0, 1, 1, 1, 0, 0, 1, 0, 0, 1, 1, 1, 1, 0, 0, 1, 0, 1, 1, 0, 1, 1, 1, 1, 0, 0, 0, 1, 0, 1, 1, 0, 1, 1, 1, 1, 0, 1, 0] 0.9211000204086304 0.8734785227548508
Generation 2
0001010100000010110001000101011100100111100101101111000101101111010 0.9211000204086304
1100000101110000010001110110011000111111000001111001001110111101011 0.8256000280380249
1001010000010100010100011110011011100101010001001101011010100101000 0.06710000336170197
1100110011010000110011010001101011101110000000110011000000110100011 0.7621999979019165
1100001110010011101101111010001011000001010111000001010101000110111 0.31929999589920044
0000010111001001010111000000000010110101000001100101110101101111010 0.8666999936103821
1101110011001001101101100000011000111010101111001100101110100100101 0.8878999948501587
1101000001100101001010110110001011011100010001100011010111100011010 0
1101101001000101100010101011101000111010101111001100100111100100111 0.10100000351667404
1101000001001001101100100000010101110110101110011100111101000010000 0.0868000015616417
0001010000010101000100011111101101010011111001000101110000011110111 0.35190001130104065
0100000010000101101001000111010111000001100101011010000010000111110 0.9282000064849854
0101111010001010010001001010011001111000100100001001000110011000011 0.16300000250339508
0000110010010010001111101011010010000111000011101100001101110101000 0.8968999981880188
0101000001001001100100000001000011100100101111001111110110010010111 0.48919999599456787
1010010100001011101101100000011000111010001110011100100111100011101 0
1000010001100010100101010110011000110011101001001000110001100011101 0.181099995970726
0000010111001011010111000000000010110001000001000101110110010110110 0.12269999831914902
1101110011100101001010110110001011011100100101101111000101101101010 0
0001010100000010110001000101011100100111010001110011011110100111000 0.7774999737739563
0100111100101000100111011000111011000100011000000000110011110100011 0.2558000087738037
0100001111001100000001000110010100101100101101111010101100101100100 0.9079999923706055
0100111100101000100111011000110011000100011001000100101000101100011 0.7103000283241272
1000000001101100100111100000101001000111011000011000101100001010001 0.11249999701976776
1101000111111000011110000000111001101110111100110110000110101110111 0
0000110001001001101101100000011000111010101111001100100000010010001 0.07980000227689743
1100010110010111010000110111101000111010101111001100100111100110010 0.1137000024318695
1101000001001001101101100000011110100100101100101100001011101011111 0.9243000149726868
0001100001000010111100111010010101111101011111111010000101101010110 0.09799999743700027
0001001011110000100000101101111101101001001101011111101011000011001 0.0957999974489212
1101101001000000110011010001000111101110000010011100111111000100110 0.9291999936103821
0100011111010100100010101011111001110110101100110011000001100110001 0.0860000029206276
0001010100000010110001000101011100100111100101101111000101001111011 0.9697999954223633
1000000001101000100111100000101101000111011000011100101000101010010 0.09629999846220016
0001010100000010110001000101011101100111100101111010101101101111110 0.8935999870300293
0001100001100010111100111010010001111101011111101111000111001011000 0
1000010000010111010001010110011000110011101001001000110010000011010 0.10480000078678131
1100010111101010100101110111111110100100101100101100011011100111100 0.925000011920929
1100110011100101001010110100001011011100010001100011101101100001001 0.16590000689029694
0100110001011001010110111111101101100011000011110110011110110100000 0.6990000009536743
0001010111111000011000000010111001100111100101101111000101101111010 0
0000110100000010110111000101011100111110111100110110000000011110101 0.7944999933242798
0000101010011010010010000110010101100000100110100100101011111100100 0.9269999861717224
0100101111001110000101000010001100101101101101111010110101110010010 0.13689999282360077
0100110000011101010110111111101101100010100011111010101111000000100 0.09799999743700027
0001100001000010111100111010010001111101011111110110101101111011001 0.7488999962806702
0100001111010000010011010001001011101110000000110011001101100111101 0.4018000066280365
0001100001000010111100111010010000111101011111111010100011001010110 0.09799999743700027
0010010100001011100100000001000011100101001000000100110110011001101 0.453900009393692
0110011110000010110000100000011011110111111110011111110110000111111 0.11349999904632568
0001010100000010110001000101011100100111100101101111000101101111010 0.9211000204086304
Generation 3
0001010100000010110001000101011100100111100101101111000101001111011 0.9697999954223633
0100000000000010110001000101011101100111100101111010100010000111110 0.8765000104904175
0001010110000101101001000111010111000001100101111010001101101111110 0.11349999904632568
0100110001011000010100011111101101100001000011110110011110100100000 0.6079999804496765
1101110011001001101101100000011000111010101111001100101110101101101 0.5849000215530396
1101000001001001101101100000011110100100101100101100001011100100111 0.09799999743700027
0100101010010010010010000110010101100000100110100100101011101100100 0.9218000173568726
0000001111010000010011000001001011101110000000110011001101100111101 0.41609999537467957
1100010111101010000101110111111110100100101100101110011011100111101 0.6557000279426575
0100001110010000010011010001000011101110000000110001001101100111100 0.4268999993801117
0000101010011010010010000110010101100000100110100100101011110100100 0.9370999932289124
0100000010000101101001000111010111000001100101011010000010001111110 0.8823999762535095
0000110010010010001111101011010010000000100011101100101011111100100 0.9373999834060669
0001101010111010010010000110010100100011000110100100001101110101000 0
1101110011001001101101100000011000111010101100101100101011110101001 0.8913000226020813
1100010111101010100101110111111110100100101111001100011110100110100 0.10220000147819519
0100001111001100000001000110010100101101100101101111000101101111010 0.8478999733924866
0001010100000010110001000101011100100110101101111010101100101100100 0.9611999988555908
0001010100000010110001000101011100100111100101011010000010001111010 0.9039999842643738
0100000010000101101001000111001111000001100101101111000101100111110 0.8151999711990356
0001010100000010110000000101011110100100101101101111000101001111001 0.921999990940094
1100010111101010100101110111111110100111100100101100011010100111110 0.14740000665187836
1100010110010010001111101011010010000111101100101100011101110101000 0.7857000231742859
0000110011101110100101110011111110100100000011101100001011100111100 0.779699981212616
1100001101110000010001110110011000111111000001111001000000111110001 0.09740000218153
0000110100000010110111000101011100111110011100110110001110011101111 0.09799999743700027
1101000001001001101101100001000010100101101111001111110110010010111 0.8554999828338623
0101000001001001100100000000011111100100001100101100001011101011111 0.09799999743700027
0000110100000010110111000101011100110110111001101110000101101110010 0.22630000114440918
0001010100000010110001100101011100101111100100110111000000011111101 0.10279999673366547
0100001111110000010011010010010101100000100110100011001001100101100 0.8245999813079834
0000101010011010010010000101001011101110000000110100101111111110101 0.7748000025749207
0000110100000010110001000101011110100111100101101111000101011111101 0.9290000200271606
0001010100000010110011000101011100111110111100110110000000001110011 0.0828000009059906
0000110010010010001111101011011000110001101001000000110001100001100 0.14959999918937683
1000010001100010100111010110000010000111000011101100001101110111001 0.8019000291824341
0100111000101000100111011000110011100010100011111110101001101000110 0.09799999743700027
0100110000011101010110111111101101000100011001000100101110000100001 0.3440000116825104
1100010011101010100101110111011100111110111100101100001011011110101 0.5350000262260437
0000110100000010110111000101111110100100101100110110010000100111100 0.2515999972820282
1100110011010000110011010001100011101110000000111000101000010100011 0.7603999972343445
1000000001101100100111100000101001000111011000010011000000101010001 0.09149999916553497
0100000010000100101001000111000111000011101001001010000010100011111 0.8849999904632568
1010010001100010100100010110011000110001100101011000110001000111100 0
1100010111101010100101110111111110100100101100101100011011011101101 0.7020999789237976
0010010100001011100100000001000011100101001000000100110110100011100 0.2531999945640564
0001100001000010111100111001011100100111111111110110101101111011000 0.44279998540878296
0001010110000010110001000110010001111101000101101111000101101111011 0.9624999761581421
0100001111001100000001000110010100101100101101111010101100101100000 0.36629998683929443
0100001111001100000001000111010100101100101101101010101110101100100 0.8953999876976013
0001010100000010110001000101011100100111100101101111000101001111011 0.9697999954223633
Generation 4
0001010100000010110001000101011100100111100101101111000101001111011 0.9697999954223633
0000110100000010110111010001000011101110000000110000001101100111100 0.09799999743700027
0100001110010000010011000101111110100100101100110111010000100111100 0.4169999957084656
0000110100000010110001000101011100110110101101101111000101011101100 0.9593999981880188
0001010100000010110001000101011110100111100001111010101100101110101 0.6270999908447266
0001010100000010110001000101011100100110101101111010101111001110001 0.10329999774694443
0001010100000010110001000101011100100111100101101111000100101101110 0.9251999855041504
0000110010000101101001000111010111000001100101101100001010001111100 0.8784000277519226
0100000011101110100101110011111110100100000011011010000011100111110 0.8234000205993652
1100010111101010100101110111111110100100101111001100011110000110000 0.0982000008225441
0001010100000010110001000101011100100111100101011010000010101111110 0.9560999870300293
0001010110000010110001000110010001111100011100101101000111101111111 0.09690000116825104
1100010011101010100101110111011100111111000101101110001001011110001 0.179299995303154
1101110011001001101101100000011000111010101111001100101110101101101 0.7175999879837036
0100001111101101000001000111010100001100101101101010101110101100100 0.8180000185966492
0001010110000010110001000110010001111101000101001100101101101111001 0.7106000185012817
0100110000011101010110110111101101000100011001100111000110000100011 0.8799999952316284
1101110011001001101111100000011000111010100101101100000111001101001 0.6955000162124634
0001010100000010110001000101011100100111101100101111101011110111011 0.9244999885559082
0100010100000010110000000101011110100100101101101111000101001111100 0.9593999981880188
0001000010000101101001000111010111000001100101011010000010001111011 0.8748999834060669
0000110010010010001111101011010010000000100011101100000101001101110 0.8371000289916992
0000000010000101101001000111010111000001110101011010000010000111111 0.7369999885559082
0000101010011010011010000101001011101110000000110100101111111110100 0.41819998621940613
0100101010010010010010000110010101100000100110100100101011101100100 0.9169999957084656
0100101010010010010010000110010101100000100110100100101011101100100 0.9013000130653381
0100010001011000010100011111101101100001100101011010001010001100010 0.28949999809265137
0100100010000101101001000111010111000001000011110110011110100111110 0.5415999889373779
0001010100000010110101000101011100101100101101101011000100101111000 0.6973999738693237
0100001111001100000001000111010100100111100101101110101111001100111 0.8895999789237976
0000101011001001101101100001000010100101101111100100101011010010101 0.09799999743700027
1101000000011010010010000110010101100000100110001111110110110100110 0
0100101010010010010010000110010101111101000101101111000101101101110 0.947700023651123
0001010110001010110001000110010001101000100110100000101011101110001 0.09929999709129333
1101000001000001101101100001000010100101101111001111101110110000110 0.39329999685287476
0001010100000010110001000101011100100110101101111010110100001110101 0.5523999929428101
0101001111001100000001000111010100101100101101111010101110101110101 0.1647000014781952
0100000010000100101001000111000111000011101001001010000010100001110 0.8446999788284302
0000110010010110100101110011111110100000100011101100101011111110100 0.4171999990940094
0000110011111110001111101011010010000100000011101100001011100101100 0.8877999782562256
0001010100000010110000000101011110100100101111001111001101001101001 0.9060999751091003
1101110001001001101101100000011000111010101101101100100110101111101 0.8995000123977661
0100101010011001101101100000011000111010101111000100101110101100101 0.869700014591217
1101110011000010010010000110010101100000100110101100101011101101100 0.9276000261306763
1100110011010000110011010001100011101110001100101000101000010100011 0.5927000045776367
1101110011001001101101100000011000111010100000111100101011110111001 0.9214000105857849
0000001111001100000001000111011100100111111111110110101101111110000 0.08169999718666077
0001100001000010111100111001010100101110101101101010101110101001100 0.6937999725341797
0001010110000010110001000110010101100100100110100100101011101110001 0.08780000358819962
0000101010011010010010000110000001111101000101101111000101110101110 0.9287999868392944
0001010100000010110001000101011100100111100101101111000101001111011 0.9697999954223633
Generation 5
0001010100000010110001000101011100100111100101101111000101001111011 0.9697999954223633
0001010000000111110000000101011100110110101101101111001101001101000 0.9154999852180481
0000110100000010110001000101011110100100101111001111000101011101101 0.9585000276565552
0100101010000010110001000101011100100111100101100100101011101101111 0.10320000350475311
1101110001001001101101100000111000111010100011101100001011100101100 0.8133999705314636
0000110011111110001111101011010010000100001101101100100110101111101 0.9546999931335449
1100110011010000110011010001100011100000100110100100101011111100001 0.7940999865531921
0100101010010010010010000110010101101110001000101000101000000100110 0.510200023651123
0000110011111110001111101011010010000110000011101100001110101001100 0.14380000531673431
0001100001000000111100111001010100101010101101101010101011100101100 0.9474999904632568
1101110011001001101101100000011000101010101011001100101110101111100 0.9221000075340271
0000110010000101101001100111010111000001100101101100001010001101101 0.8754000067710876
0000110100000010110001000100011100110110101101101111000101011111110 0.9521999955177307
0101011100000010110001001101011100100111100101011010000010101101110 0.9531999826431274
0001010100000010010001000101011100100110101110101111101011111111011 0.9208999872207642
0100101010011001101101100000011001111010101101000100101110100100101 0.9100000262260437
0001010100001010101101100000011000101010100000111100101011111101001 0.5501999855041504
1101111011001001010000000101011110100100101111001111001101000111001 0.8633000254631042
0101010100000010110001000101011100100111101101101111101001001111011 0.9592000246047974
0001010100000010110001000101011100100111100100101111000111110111011 0.9031000137329102
0000110100000010110001000101011100110110101101101110001101011101100 0.9445000290870667
1100001111001100000001010111010100100111100101100111000111001100111 0.8978000283241272
0000101010011001101100000110000001111101000111000110100001110100100 0.8278999924659729
0000101010011010010011100000011000111010101111101101001110101101111 0.09799999743700027
0001010100000010110101000101011100101100000011101100001011101111100 0.942799985408783
0000110011111110001111101011010010000100101101101011000100100101000 0.5116000175476074
0001010100010010110001000101011100100110101101110010100101001110001 0
0001010100000010110001000111011100100111100101101111001111001111011 0.9571999907493591
0100101010010010010010000110110101100000100110100100101011101101110 0.09799999743700027
0001010100000010110001000101011100100111100101101111000100101100100 0.9646000266075134
1100010001101010100101010111011000111111000011101100000101001100100 0.8812000155448914
0000110010010010001111101011010010000000100101101110001001011111011 0.9276000261306763
1101110011000010111100111001010100100000100110101110101011101101100 0.9248999953269958
1001100001000010010010000110010101101110101101101000101110101001100 0.16830000281333923
0000101010011010011010000110000001111101000100011011000011100111110 0.5960999727249146
0101000011101110100101110011111110100100000011101110000101110101110 0
0100101010011001101101100000011000111010100101001111001101001111111 0.8216999769210815
0001010100000110110001000101011100100111101111000100100110101100001 0.2167000025510788
1101110011001101101101100000010010000100000000111100101011110111001 0.9083999991416931
0000110011111110001111101011011000111010100011101100001011100101100 0.9419999718666077
0100101011010010010010000110010101100000100110100100101011101100100 0.9293000102043152
0100101010010010010010000110010101100000100111100100101011101100100 0.9351000189781189
0100101010010010010010000110010101111101000101101111101101101100100 0.9333999752998352
0100101010010010010010000110010101100000100110100100000011101001110 0.09799999743700027
0001010100000010110110110101011110100100101111101111000110001100001 0.2451000064611435
0100110001011101010000000111101101000100011001000111101101000101011 0.863099992275238
1101110011111110001011101011010010111110000011101100001110101101101 0
0000110011001001101101100000011000000100101111001100101011100101100 0.958899974822998
0100010100001100000001000111011110100110101111111111000101001100101 0.8968999981880188
0100001111000010110000000101010100100101100101101100101111001111110 0.9027000069618225
0001010100000010110001000101011100100111100101101111000101001111011 0.9697999954223633
Generation 6
0001010100000010110001000101011100100111100101101111000101001111011 0.9697999954223633
1101110011001001101001100000011000101010101110101110101011101101100 0.9153000116348267
1001010100000010110001000101011100100100101111101111100101000111011 0.95660001039505
1101111011001001010000000101011110100111100101001111001101001111001 0.796999990940094
0000110100000010110001000101011100110110101101101110001101010101101 0.9138000011444092
1101110011001101101101100000010010000000000000111100101011111111000 0.6935999989509583
0001010100000010110001000101011100100111100101101111000101001110001 0.11739999800920486
0001010100000010110001000101011100100111100101111111000100111101110 0.10100000351667404
0001010100000010110001000101011100100111100101101111001101001101110 0.9006999731063843
0001010000000111100000000101011100110110101101101111000100101100000 0.8546000123023987
0000110100000010110001000001010100100000100110101111001011011101100 0.6376000046730042
1101110011000010111100111101011110100100101111001110100101101101101 0.11349999904632568
0100101010011001101101100000011001111010100101101111101110101100100 0.9358000159263611
0100101010010010010010000110010101111101011101000100101101100100101 0.8962000012397766
1100010011111110001111101011011000111001100101101100001011000101101 0.9394000172615051
0000101111001100000001010111010100100110100011100111000111101100110 0.9121000170707703
1101110011001101101101100000010100100000000000111100101011110111001 0.8953999876976013
1101110011000010111100111001010010000100100110101110101011101101100 0.9176999926567078
0000110011110010111100111001010100111010100011101100001011100101100 0.9182000160217285
1101110011011110001111101011011000100000100110101111101011101101010 0
0000110011111110001111101111010110000100101101101111001110101101101 0.9316999912261963
0001010000001111110000000101011100110110101101101100100101000111000 0.8062999844551086
0100101010000010110001001101011100101111101101011010000010100100111 0.10279999673366547
0101011100011001101101100000011001111010100101000100101110101101100 0
0001010100000010010001000101011100100110101110101111101011110111110 0.10279999673366547
0001100001000000111100111001010100101010111101101010101010101101001 0.8587999939918518
0001100001000000111100111001010100101010100101101010101011100100100 0.9230999946594238
0001010100000010110001000101011100100111101101101111000100101101100 0.9682000279426575
0001100001000000111100111001010100101010101101101011001011101101100 0.9520999789237976
0001010000000111110000000101011100110110101101101110101101000101000 0.9068999886512756
1101110011000010110100111000010100100000100110101110101011101101100 0.8894000053405762
1101110011000010111100111001010100100000100110101110101011101101100 0.9215999841690063
0000110011001001101101100000011000000100101111001100101011101111101 0.8629999756813049
0000110011111111001111101011010010000100001101101100100110100101100 0.9469000101089478
0000110100001100000001000111011100100110000011101111100101001100101 0.9200000166893005
0100010011111110011111101011010010000110101111111100001110101001100 0.2378000020980835
1101110011001001101101100000011000111011101011001100101110101101110 0.11349999904632568
0100110001011101010000000111101101010100111001000111101101000111001 0.6098999977111816
0000110011111110001111100101010100110110101101101110001011100101100 0.9283000230789185
0000110100000010110001001011011000111010100011101100001101011101100 0.9157999753952026
1101110001001001101101100000111000111010101101101111000101010111100 0.9585999846458435
0000110100000010110001000100011100110110100011101100001011101101110 0.09799999743700027
0100000000000010110000000101010100100101100101101100101111001101010 0.871999979019165
0001011111000111110000000101011100110110101101101111001101001111100 0.954200029373169
1101110011000010111100111001010100100000100100101111000111111101110 0.09799999743700027
0001010100000010110001000101011100100111100110101110101011100111001 0.9185000061988831
0001010100000010110101000101011100101100000011101110101011100101100 0.9516000151634216
0001100001000000111100011001010100101010101101101000001011101111101 0.9282000064849854
0000110011111110010001000101011100100111101101101100000110110111111 0.8827000260353088
0001010100000010101111101011010010000100000100101111000111101111001 0.7860000133514404
0001010100000010110001000101011100100111100101101111000101001111011 0.9697999954223633
Generation 7
0001010100000010110001000101011100100111100101101111000101001111011 0.9697999954223633
0000110100000010110001001011011000111010100011101111101111011100100 0.9408000111579895
0100101010011001101111100000011001111010100101101100001100101101100 0.9509000182151794
0000110100000010110001000000111000111010101101101100001101011111100 0.9380000233650208
1101110001001001101101101011011000111010100011101111000101011101110 0.11349999904632568
0100101010011001101101100000011001111010100101101111101010101101100 0.9577999711036682
1100010011111110001111101011011000110111100110101110101011000011101 0.9021999835968018
0001010100000010110001000101011100101001100101101100001011100101001 0.9121000170707703
0000101111001100000000000101010100100110100011100111001111101101011 0.8759999871253967
0100100010000010110001010111010100100101100101101100100111001100110 0.9333000183105469
0001010100000010110001100111011100100110000101101111100101001100100 0.9503999948501587
0000110100001100000001000101011100100111100011101111001101001101111 0.09799999743700027
1100010011111110001111101011011000111001100101101100001110000100101 0.949999988079071
0100101010011001101101100000011001111010100101101111101011101101100 0.9607999920845032
0001010100000010110001000101011100110111100110101110101011100101100 0.916100025177002
0101110011000010111100111001010010000100100100101110101011101111001 0.9132999777793884
0000110011110010110001010111010100100110100011101100001011100100100 0.9193999767303467
0000101111001100001100111001010100111010100011100111000111101101110 0.9200000166893005
0000110100000010110011001011011000111010100101101111101110111101100 0.9591000080108643
0100101010011001101101100000011001111010100011101100001101001100100 0.9239000082015991
0001100001001000111001010111010100101010101101101000001011101111111 0.11349999904632568
0000101111001100000100011001010100100110100011100111000111101100100 0.9107000231742859
0001100001000000111100111011011000101010101101101000001011001101100 0.953499972820282
1100010011111110001111101001010100111001100101101111001011100101101 0.9351000189781189
0000110011110010111100111001011000111011101011001100101110101101010 0.8269000053405762
0101110011000001101101100000010100111010100010101100001011100101100 0.9287999868392944
1100101010010010010010000110010101111101000110001100101011100101101 0.09799999743700027
0001110011000010111100111001010010000100111101100100101101101100100 0.967199981212616
0100001010010010010010000110010111111101100101101000101101000101111 0.0982000008225441
0100000001001011110000000101010100100101011101000100101111101100000 0.07649999856948853
0000110100000010110001001011011000111010100101101111000100101100100 0.9624999761581421
0001010000000111100000000101011100110110101011101100001101011101000 0.9028000235557556
1101110001001001110101000101011100101100000011101110101001010101100 0.9319000244140625
0001010100000010101101100000111000111010101101101111000111100111100 0.9692999720573425
0000111100000010110001000101011100110100101101101110001101001101101 0.9240999817848206
0101000100000010110001000101011100100111100100001111000101010110001 0.10869999974966049
1001010110000010100001000101011100100100101111001110101011101101101 0.9276000261306763
1100110011001001101001100000011001101010101110101111100101000111010 0.8628000020980835
1101110001001001100101100000111000111010101101101111000101010111100 0.9372000098228455
0000110011110110111100111001010100111010100011101100001011100101100 0.9308000206947327
0000110011101110001111000101011100110100101101101110001101010101101 0.9348999857902527
1000110100001010110001101111010010000110101101101111001110101101101 0.9623000025749207
0000110011000010111100111101011110100100101111101100100101100101101 0.9117000102996826
0001110011111111001111101011010010000100001101001110100110100101100 0
0100101010011110001111101000001001111010100101101111101110101101100 0.9598000049591064
1100010011101001101101100011011000111001100101101100001011000100101 0.9429000020027161
0001000100000010100100111000010100100100100110101111001011101101100 0.7754999995231628
1101110011000010111111101011010010000100000100101110100111101111001 0.9383000135421753
0001010100000010110001000100010100100111100110101111100101000111101 0.1080000028014183
0000110100001100010001000111011100100110000011101110101011101100001 0.892799973487854
0001010100000010110001000101011100100111100101101111000101001111011 0.9697999954223633
Generation 8
0001010100000010110001000101011100100111100101101111000101001111011 0.9697999954223633
0001111100000010110001000111011100110100100011101100001101011101101 0.09799999743700027
0000110100000011110001001011011000111010101101101111101111001100100 0.9605000019073486
0001010100000010110001000101011100100100101111001110101011101111101 0.7800999879837036
1001010110100010100001000101011100100111100101101111000101001001011 0.0957999974489212
0001100001000000111100111011011100110110101101101100001101011101100 0.9394000172615051
0001010000000111100000000101011000101010101011101000001011001101000 0.9176999926567078
0001010110000010100001000101011100100100101111101101100101100101101 0.0982000008225441
1001110011000010111100111101011110100100101111001110101011101101101 0.8180000185966492
1101110001001001110101000101011100111001100101101100001101000100100 0.9035000205039978
1100000011111110001111101011011000101100000011101110101110010101101 0.09799999743700027
1100010011111110001111101001010100110010100101101011001011101101100 0.9366999864578247
0100101010011001101101100000011001111001100011101100001101000100101 0.24120000004768372
0001010100000010101101100000111000111010100101101111000101000111100 0.9697999954223633
0001010100000010110001100111011100100110001101101110100001101100100 0.9573000073432922
0100110011000001101101100000010100111010100010101100001011101101100 0.5795999765396118
0100101010011001101001100000011001111010100101101111101010100001100 0.21369999647140503
0000110011101110001111000101011100110100101101101100001001010101101 0.8561999797821045
0001010100000010110001000101011100100001000101101110001011100101001 0.8871999979019165
1000110100001010110001101111010000111010100011101111101111011100100 0.9146999716758728
0000010100000010110001001011010010000110101101101111001110101111101 0.9351999759674072
1101010001001001100101100000111000111010101101101011000101010111100 0.9139999747276306
1101110001001001100101100000111000111010101001101111000100010101100 0.9387000203132629
1100010010000010110001000101011100101001100101101100001011000101101 0.90829998254776
0001010100000010110001000101011100110111101101101110101011101101100 0.9620000123977661
0001100001000000111100111011011000101110100110111000001011001100100 0.9111999869346619
1101010110000010100001000101011100100100111111001110101011101101101 0.786899983882904
1001010110000010100011000101011100100100101111001110101011101101101 0.8228999972343445
0001010100000000101101100000111000111010101101101100001011100101100 0.9277999997138977
0101110011000011101101100000010100111010100010101111000111100111100 0.9394000172615051
1101110001001001100101000101011100101100000011101110100101011101110 0.10090000182390213
0001010100000010110001100111011100100110000101101111101001000100100 0.9449999928474426
0001110011000010101100111001010010100100100101101111101010101101100 0.9663000106811523
0100101010011001111101100001011001111010111101100100101101101100100 0.919700026512146
0001100001000100111100111011011000101010101101101000001011001101110 0.890999972820282
0010001111001100001100111001010100111010100011100111000111101101100 0
0000110011000010110001001011011000111010100101101111000111101100101 0.9585000276565552
1101110100000010111111101011010010000100000100101110100100101111000 0.5976999998092651
1100010011111110001111111011011000111001100101100110101011000010101 0.6682000160217285
1100010011111110001111101011011000110111100110101100001110000101101 0.7390999794006348
1101110001001110001111101000111000111010101101101111000101010111100 0.9038000106811523
1100010011111001100101100001010100111001100101101111001011100101101 0.9318000078201294
0100101010011110001111101001001001111010100101101111101010101101100 0.9521999955177307
0001010100000010110001000101011100110011100110101110101011100101100 0.9329000115394592
0000101100000010110001000111011001111110100011101100001101001100100 0.9456999897956848
0101010010011001101101100000011100100110000101101111100101001100100 0
0000010011111010001111101011011100100110100111111110101111000001000 0.5629000067710876
1101010000000111100000000101011000110111101011101100001100011111101 0.09799999743700027
0000110110000010101101100000011001111010100011101100001101001100100 0.9553999900817871
0100101010011001110001001111011000111010100101101111000101101100100 0.9415000081062317
0001010100000010110001000101011100100111100101101111000101001111011 0.9697999954223633
Generation 9
0001010100000010101101100000111000111010100101101111000101000111100 0.9697999954223633
0000010100000010110101101011010010000110100111101111001110001110100 0.13379999995231628
1101110001001001100101100000111000101010101001101100001110000001101 0.5392000079154968
1100010011111110001111101011011000110111100110101111000100010101100 0.8982999920845032
0001100001000000111000111011011100110110101101111000001101011100100 0.9379000067710876
0001100001000000111100111011011000101110100110101100001011001101100 0.8258000016212463
0100101010011110001111101011011000110111100110101111101010101101101 0.8278999924659729
1100010011111110001111101001001001111010100101101100001110000101100 0.9162999987602234
0100101010011001111101000001011001111010111101100100101101101100100 0.9200999736785889
0000111110000010101101100000010001111010100011001100001101001100100 0.9614999890327454
0000101100000010110001000111011001111110100011101100001101001100100 0.9345999956130981
0001010100000010110001000101011100110111101001101110101011101101100 0.9502999782562256
1100010011111110001111101001010100110010100101101111000111101101101 0.9513999819755554
0000110011000010110001001011011000111010100101101011001011101100100 0.9614999890327454
1000110100001010110000101111010000111010100001100100101101011100100 0.9325000047683716
0100101010011001111101100001011001111010111111101111101111101100100 0.9196000099182129
1000110001001001110101000101011000111010100101101111000110001100100 0.934499979019165
0101110011000010110001001011011100111001100101101100001101100100101 0.9549999833106995
0100110011000010110001001011011001111010100101100100101101101100100 0.9358999729156494
0000101010011001011101100001001000111010111101101111000111101100101 0.9613000154495239
0000110100000011110001001011011000111010101111101111101111001100100 0.9214000105857849
1000110100001010110001101111010000111010100000101111101111011100100 0.8845000267028809
0001010100000010110001100111011100100010001101101110000001010100101 0.9671000242233276
0000110011101110001111000101011100110100101101101100100001101101100 0.9625999927520752
1100010010000010110001000101011100101001100101101100001110100111101 0.8733999729156494
0000010100000010110001001011010010000110101101101111001011001101101 0.9394000172615051
0100101010011001110001101001010100110010101101101011001001101101100 0.948199987411499
1100010011111110001111001111011000111010100101101111000111101100100 0.8989999890327454
1001110011111001101101100101010101111001101111001111001011100001101 0
1100010011000010111100111101011110100100111101101110101011101101101 0.9193000197410583
0001010100000010110001000101011100100100100101101011001011101101100 0.9717000126838684
1000010011111110001111101001010100110010101111001110101011101111101 0.573199987411499
1101110001001001100101100000111000111010101001101101001101101100100 0.9132000207901001
0100101010011001111101100001011001111010111101100110100100010101100 0.9487000107765198
0001010100000010110001000101011100110110100110101110101011101101100 0.9355999827384949
0001100001000000111100111011011000101011100110111000001011000100100 0.9308000206947327
1100010011111110001111101001010100110010100101101011001011101101100 0.9218000173568726
1100010011111110001111101001010101110010100101101011001011101101100 0.895799994468689
0100101010011001111101100001011001111010100010101111101110101100100 0.9465000033378601
1100110110001010110001101111010000111011111101100100101101011100100 0.9492999911308289
1100010011111001100111101000110100111001101100101111001011100101101 0.8173999786376953
1101110001001110001101100001011000101010101101101111000101010111100 0.9606999754905701
1000110100001010110001101111010000111010100001101111101111001110100 0.1882999986410141
0100110011000011101101100000010100111010100010101111000111110101100 0.37290000915527344
0001100001000000111100111011011000101010101101101000001011001101100 0.9535999894142151
0001100001000100101100111011011000101110100110111000001011001100110 0.09799999743700027
1101110001001001100101100000111000111010101001101111100101101100100 0.8906999826431274
0100101010011001110001001111011000111010100101101111000100010101100 0.9567999839782715
0001110011000010101100111001011100110100101101101100001001010101100 0.9635000228881836
0000110011100110001111000101010010100100100101101111101010101101101 0.8903999924659729
0001010100000010101101100000111000111010100101101111000101000111100 0.9697999954223633
Generation 10
0001010100000010110001000101011100100100100101101011001011101101100 0.9717000126838684
1100010011111001100101100000111000111010100101101110001110000100100 0.8877999782562256
1101110001001110001111101001001001111010101001101101001101101101100 0.941100001335144
1100110110001010110001001111010000111011111101100100101001011101100 0.9638000130653381
0001100001000000111100111101011000101011100110111000001111000100100 0.8962000012397766
1001111001001110001101100001011000101010100110101111000011101101100 0.9316999912261963
0001010100000010110001000101011100110110101101101110101101010101100 0.9692000150680542
0001100001000000111000111011011100110110100011011000001110011100100 0.8952000141143799
0000111110000010101101100000010001111010101101101100001101001100100 0.933899998664856
0001010100000010110001001011011100111010101111101111101111101100110 0.09799999743700027
0000110100000011110001000101011000110110100110101110101011001101100 0.6279000043869019
0100110000000000101101100000111000111010100101100111000101000110100 0.5796999931335449
0001010111000010110001001011011001111010100101101100101101101101100 0.9589999914169312
1000110100001010110000101111010000111010100001100100101100111100100 0.9352999925613403
0001100001000000111000111011011100110010101101111000001101001100101 0.955299973487854
0000111110000010101101100000010001111010100010001100001101011110100 0.19419999420642853
0001010100000010001101100001011000101010101101101111000101010100100 0.9520000219345093
1101110001001100110001100111011100100010001101101110000001010111101 0.11349999904632568
0000111110000010101101100001011100111001100011001100001101001100100 0.9578999876976013
0101110011000010110001001010010001111010100101101100001101100100101 0.9563999772071838
0001100001000000111100111011011000101011101001101000001011000100100 0.9337000250816345
0001010100000010110001000101011100110111100110111110101001101101100 0.9165999889373779
1100010011111110001111001001001001111010100101101100001101000101101 0.9373000264167786
0101110011000010110001001011011100111001100101101100001110100000100 0.4327000081539154
0001010100000010111100111011011000101011100110111000001011101101100 0.9433000087738037
0001100001000000110001000101011100110110100110101110101011000100100 0.9327999949455261
1101110001000010101101100100010001111010101001101111100101101100100 0.9645000100135803
0000111110001001100101110000111000111010100011001100001101001100100 0.9641000032424927
0001100001000000111100110001011000111010100110101111000011001101100 0.8144000172615051
0001010100000010101101101010101000101110100100101100000101000111100 0.9351999759674072
0100101010011001111101100001011001111010100001101111111111101100100 0.9257000088691711
0101110011000010110001001011011100111001100110101100001110100100101 0.8773000240325928
0001010100000010101101100000111000111011100101101111000101000111100 0.9652000069618225
0001010100000010101101100000111001111010100101101111000101000111100 0.9621999859809875
0001010100000010110001000101011100110111101001101101001101101001110 0.8999999761581421
1101110001001001100101100000111000111010101001101110101011101100100 0.902999997138977
0100101010011001110001001110011000111010101001101111000100000100100 0.9332000017166138
1101110001001001100101100000111000111010100101101101001101111101100 0.9377999901771545
0000110011000010100001001011011000111010100101101011101011101100101 0.9638000130653381
0100101010011110001111101011011000110111100110101111001010101101100 0.9262999892234802
0001010100000010110001000101011100100110100110101100101001101100100 0.9348999857902527
0100001010011001111101000001011001111010111101100110101111101101100 0.8758999705314636
0100101010001110001111100000010001111010100011001100001001001100101 0.9117000102996826
0000111110000010101101101011011000110111100110101111101110101101100 0.570900022983551
0001010100000010110001000101011100110110100111101110101001001100100 0.9498999714851379
0001010100000010110001100111011100100010000100101110000011110101101 0.8828999996185303
0000110100000011110001100101011100100010001101101111101111001100101 0.9666000008583069
0001010100000010110001001011011000111010101111101110000001010100100 0.9610999822616577
0001100001000000110000111011011100101010101101101000001011001100100 0.9271000027656555
0001100001000000111100111011011001110110101101111000001101011101100 0.9610000252723694
0001010100000010110001000101011100100100100101101011001011101101100 0.9717000126838684
[0.9211000204086304, 0.9697999954223633, 0.9697999954223633, 0.9697999954223633, 0.9697999954223633, 0.9697999954223633, 0.9697999954223633, 0.9697999954223633, 0.9717000126838684, 0.9717000126838684]
[0, 0, 0, 1, 0, 1, 0, 1, 0, 0, 0, 0, 0, 0, 1, 0, 1, 1, 0, 0, 0, 1, 0, 0, 0, 1, 0, 1, 0, 1, 1, 1, 0, 0, 1, 0, 0, 1, 0, 0, 1, 0, 0, 1, 0, 1, 1, 0, 1, 0, 1, 1, 0, 0, 1, 0, 1, 1, 1, 0, 1, 1, 0, 1, 1, 0, 0] 0.9717000126838684 0.7509191934754249