Downloading data from https://storage.googleapis.com/tensorflow/tf-keras-datasets/mnist.npz
11493376/11490434 [==============================] - 0s 0us/step
11501568/11490434 [==============================] - 0s 0us/step
Generation 1
1000010101000111111010001111001111001101100010000000101001110001000 0.1420000046491623
1100011100011010010110100101010010000000111010000001000100000010001 0.11309999972581863
1101101111010010000000001100001110001000001000100010100010100100101 0.8953999876976013
1100000000000101010011000101111111100001111101010001000110001011000 0.13179999589920044
1000010000000000011111010110110011110100001100111111010011111010101 0.09799999743700027
0100101010111010010110010010101011110010001000001011000000011011110 0.36039999127388
1000010110011000011011101011001000110101100110010011000001111100011 0.26010000705718994
1110101111000111000100100001010011101110110110101110010111000101101 0.7329999804496765
1000001111101010100100110110001001100010001101101000111001011010011 0.1031000018119812
1100110010010011100010100111001110000011111000110101001010101011010 0.8248999714851379
1100111010100110101010001100011001010111000110110000001001011001111 0.09799999743700027
0100111100011001001000011001011000000100000010001111011111011000110 0.8504999876022339
1000110100111100111000110101001110100110000111001111100001000001110 0.4406999945640564
0100111001111100001001101110100100000001001110000001101000101111000 0.1242000013589859
1100100111110011011111111000010100001100001101101001010111010010101 0.689300000667572
0000110100000010101001001001100010001110000110011011011001001111000 0.10360000282526016
0000111010011011110100101100001101011111110111111010110100101000000 0.056299999356269836
0000011101001000010000001110011001100100001001010110000101100100100 0.9154999852180481
0000001100010011001010101001010001001111001111110100000011101111110 0.9319999814033508
1000110010010100101111100111100010000101101101010011011110011110100 0.06949999928474426
0100001011100101100100101011011110100100001011011100000011111110000 0.07259999960660934
0000110000110100000110101100111110011101000111011100011100011111101 0.8985000252723694
1000011001111010101101100001010101111111001010100000001101010000111 0.8166000247001648
0001101000001111110011100011010000000111100110011011010001001001110 0.7450000047683716
0100111110000011100110010011100101011100110000001011000111100011110 0.18000000715255737
[0.9319999814033508]
[0, 0, 0, 0, 0, 0, 1, 1, 0, 0, 0, 1, 0, 0, 1, 1, 0, 0, 1, 0, 1, 0, 1, 0, 1, 0, 0, 1, 0, 1, 0, 0, 0, 1, 0, 0, 1, 1, 1, 1, 0, 0, 1, 1, 1, 1, 1, 1, 0, 1, 0, 0, 0, 0, 0, 0, 1, 1, 1, 0, 1, 1, 1, 1, 1, 1, 0] 0.9319999814033508 0.7499687350355089
Generation 2
0000001100010011001010101001010001001111001111110100000011101111110 0.9319999814033508
0000011101001000010000001110011001100100001001010110001100010101100 0.9564999938011169
1100111010010011100010100111001110000011111001100101010111010011111 0.9556000232696533
0000011101001000000110100100111110011100001001010110001100011101100 0.9520999789237976
0000001100010011001010101001010001001111001111110100000011101111110 0.9319999814033508
0001001000001111000100100001010011101110110110101110010110001101100 0.9179999828338623
0000011101001000010000001110011001100100001001010110000101100100100 0.9154999852180481
0000110000110100000110101100111110011111001111110100011100011111100 0.911300003528595
0000110000110100000110101100111110011101000111011100011100011111101 0.8985000252723694
1000110100111100100000000101001110001000001000100010100010100100101 0.8968999981880188
1101101111010010000000001100001110001000001000100010100010100100101 0.8953999876976013
1100100111110011011111101000010101111111001010100000001101010000101 0.8737000226974487
0000110000110100000110101100111110011101000111011100011110011111101 0.8592000007629395
0100111100011001001000011001011000000100000010001111011111011000110 0.8504999876022339
0000110000110100000110101100111110011101000111011100011100011111101 0.8375999927520752
0100111100011001001000011001111000000100000010001111011111011000110 0.8323000073432922
1100110010010011100010100111001110000011111000110101001010101011010 0.8248999714851379
1000011001111010101101100001010101111111001010100000001101010000111 0.8166000247001648
0100111100011001001000011001011000000100000010001111011111011000110 0.802299976348877
0001101000001111110011100011010000000111100110011011010001001001110 0.7450000047683716
1110101111000111000100100001010011101110110110101110010111000101101 0.7329999804496765
1100100111110011011111111000010100001100001101101001010111010010101 0.689300000667572
1000011001111010101101100001010101111111000111011000001101011011101 0.6754000186920166
0000001100010011001010101001010001001111001000100000001101010110111 0.5264000296592712
1100010010010011100010100111010100000011111000101001010110101011111 0.48429998755455017
1000110100111110111000110101001110100110000111001111100001001001110 0.482699990272522
Generation 3
0000011101001000010000001110011001100100001001010110001100010101100 0.9564999938011169
0000011101001000010000001100010001100100001001010110000101010100101 0.9571999907493591
0000011101001000010000001110011001100100001001010110001100010101100 0.9564999938011169
1000110100101100000110100000111110011100000001010110101100000101101 0.9556999802589417
0000011101001000000110100100111110011100001001010110001100011111100 0.9556999802589417
1100111010010011100010100111001110000011111001100101010111010011111 0.9556000232696533
1000111101001000000110100100111110011100001001010110001100011100101 0.9544000029563904
0000011101001001100010100111001110000011111001100101010111011101101 0.9527999758720398
0000011101001000000110100100111110011100001001010110001100011101100 0.9520999789237976
0000011101000000010000001110011001100100001001010110000111000101100 0.9520000219345093
0000011101001000010000001110011001100100000001010110011110010101110 0.9488000273704529
0000001100010011001010101001010001001111001111110100000011101111110 0.9319999814033508
0001001000001111000100100001010011101110110110101110010110001101100 0.9179999828338623
0000011101001000010000001110011001100100001001010110000101100100100 0.9154999852180481
0000110000110100000110101100111110011111001111110100011100011111100 0.911300003528595
0000110000110100000110101000111110011101000111011100011100011100101 0.90829998254776
0000110000110100000110101100111110011101000111011100011100011111101 0.8985000252723694
1000110100111100100000000101001110001000001000100010100010100100101 0.8968999981880188
1101101111010010000000001100001110001000001000100010100010100100101 0.8953999876976013
1100111010010010000110100100111010111100001001010110001100010011110 0.8783000111579895
1100100111110011011111101000010101111111001010100000001101010000101 0.8737000226974487
0001101000001111110011100011010000000110110110101110010110001001110 0.8636000156402588
0000110000110100000110101100111110011101000111011100011110011111101 0.8592000007629395
1000110000110100000110101100111110011111001111110000011100011101100 0.8590999841690063
0000011101001000010000001110011001100100001001010110010101000001101 0.8565999865531921
0100111100011001001000011001011000000100000010001111011111011000110 0.8504999876022339
Generation 4
0000011101001000010000001100010001100100001001010110000101010100101 0.9571999907493591
0000011111010001100010100011001110000011111001110101010111100100101 0.9674000144004822
0000011101001000010000001100010001100100001001010110000101010100101 0.9571999907493591
0000011101001000010000001110011001100100001001010110001100010101100 0.9564999938011169
1000110100101100000110100000111110011100000001010110101100000101101 0.9556999802589417
0000011101001000000110100100111110011100001001010110001100011111100 0.9556999802589417
1100111010010011100010100111001110000011111001100101010111010011111 0.9556000232696533
1000111101001000000110100100111110011100001001010110001100011100101 0.9544000029563904
0000011101001001100010100111001110000011111001100101010111011101101 0.9527999758720398
0000011101001000000110100100111110011100001001010110001100011101100 0.9520999789237976
0000011101000000010000001110011001100100001001010110000111000101100 0.9520000219345093
0000011101001000010000001110011001100100000001010110011110010101110 0.9488000273704529
0001001000001111000100100001010011101110110110101111011110001101100 0.9438999891281128
1101101111011010000000011100001110001000001000100010100010100100101 0.9422000050544739
0000110000010010000000001100001111001101001001011110011100011111101 0.9381999969482422
1100111010010010000110100100111010111100001001010110101100010011111 0.9368000030517578
0000001100010011001010101001010001001111001111110100000011101111110 0.9319999814033508
1000110100101100000110100000111110011100000001010110000100000101100 0.9291999936103821
1101101111010010000000001100001110001000011011110010100011101111101 0.9258999824523926
1000110100111100100000000100010101111111001010100000001100010100101 0.9228000044822693
0001001000001111000100100001010011101110110110101110010110001101100 0.9179999828338623
0000011101001000010000001110011001100100001001010110000101100100100 0.9154999852180481
0000110000110100000110101100111110011111001111110100011100011111100 0.911300003528595
1101101111010010000000001100001110001000001000100010100010100100101 0.9101999998092651
0000110000110100000110101000111110011101000111011100011100011100101 0.90829998254776
0101001000011111000100100001010011111110110110101110011110001101101 0.9027000069618225
Generation 5
0000011111010001100010100011001110000011111001110101010111100100101 0.9674000144004822
0000011111010001100010100011001110000011111001110101010111100100101 0.9674000144004822
0000011111010001100010100011001100000011111001110101001101000100101 0.9623000025749207
1101101111011010000000011100001110001000001111110100011010111101100 0.9621000289916992
0000011101001000010000001100010001100100001001010110000101010100101 0.9571999907493591
0000011101001000010000001110011001100100001001010110001100010101100 0.9564999938011169
1000110100101100000110100000111110011100000001010110101100000101101 0.9556999802589417
0000011101001000000110100100111110011100001001010110001100011111100 0.9556999802589417
1100111010010011100010100111001110000011111001100101010111010011111 0.9556000232696533
1000111101001000000110100100111110011100001001010110001100011100101 0.9544000029563904
1000110100101100000110100000111110011100000001010110110111100101101 0.9542999863624573
0000011101001001100010100111001110000011111001100101010111011101101 0.9527999758720398
0000011101001000000110100100111110011100001001010110001100011101100 0.9520999789237976
0000011101000000010000001110011001100100001001010110000111000101100 0.9520000219345093
0000011101001000010000001110011001100100000001010110011110010101110 0.9488000273704529
0001001000001111000100100001010011101110110110101111011110001101100 0.9438999891281128
1101101111011010000000011100001110001000001000100010100010100100101 0.9422000050544739
0000110000010010000000001100001111001101001001011110011100011111101 0.9381999969482422
1101101111110010000000001100001111001101001001011110011100011111101 0.9380999803543091
1100111010010010000110100100111010111100001001010110101100010011111 0.9368000030517578
0001001000001111000100100001010011101110110000101110010110000100101 0.9354000091552734
0001001000001111000100100001010011101110110000101110100010000100101 0.9330999851226807
0000001100010011001010101001010001001111001111110100000011101111110 0.9319999814033508
1000110100101100000110100000111110011100000001010110000100000101100 0.9291999936103821
1101101111010010000000001100001110001000011011110010100011101111101 0.9258999824523926
1000110100111100100000000100010101111111001010100000001100010100101 0.9228000044822693
Generation 6
0000011111010001100010100011001110000011111001110101010111100100101 0.9674000144004822
0000011111010001100010100011001110000011111001110101010111100100101 0.9674000144004822
1101101111011010000000011100001110001000001111110100011010111101100 0.9660000205039978
1101101111011010000000011100001110001000001111110100011010111101100 0.9642999768257141
1101101111010010000000001100001110001000011001010110100101101111101 0.9628000259399414
0001001000001111000100100011001110000011111001101111011110101100101 0.9624000191688538
0000011111010001100010100011001100000011111001110101001101000100101 0.9623000025749207
1101101111011010000000011100001110001000001111110100011010111101100 0.9621000289916992
1101101011011010000100011100001110001000001111110100011010111101100 0.9617999792098999
1000110100101100000110100000111110001110110001010110111111101101101 0.9616000056266785
1101101111011010000100011100001110001000001000100010100011101100101 0.9605000019073486
1101101111010010000000001100001010001000011001110010100011101111101 0.9578999876976013
0000011101001000010000001100010001100100001001010110000101010100101 0.9571999907493591
0000011101001000010000001110011001100100001001010110001100010101100 0.9564999938011169
0000011111010001100010100011001110000011111001110101010111100100101 0.9562000036239624
1000110100101100000110100000111110011100000001010110101100000101101 0.9556999802589417
0000011101001000000110100100111110011100001001010110001100011111100 0.9556999802589417
1100111010010011100010100111001110000011111001100101010111010011111 0.9556000232696533
1000111101001000000110100100111110011100001001010110001100011100101 0.9544000029563904
1000110100101100000110100000111110011100000001010110110111100101101 0.9542999863624573
0000011101001001100010100111001110000011111001100101010111011101101 0.9527999758720398
0000011101001000000110100100111110011100001001010110001100011101100 0.9520999789237976
0000011101000000010000001110011001100100001001010110000111000101100 0.9520000219345093
1101101111010010000000001100110001001111001111110100000011101111101 0.9501000046730042
0000011101001000010000001110011001100100000001010110011110010101110 0.9488000273704529
0001001000001111000100100001010011101110110110101111011110001101100 0.9438999891281128
Generation 7
0000011111010001100010100011001110000011111001110101010111100100101 0.9674000144004822
0000011111010001100010100011001110000011111001110101010111100100101 0.9674000144004822
1101101111011010000000011100001110001000001111110100011010111101100 0.9660000205039978
1101101111011010000000011100001110001000001111110100011010111101100 0.9642999768257141
1101101111010010000000001100001110001000011001010110100101101111101 0.9628000259399414
0001001000001111000100100011001110000011111001100111011110101100101 0.9627000093460083
0001001000001111000100100011001110000011111001101111011110101100101 0.9624000191688538
0000011111010001100010100011001100000011111001110101001101000100101 0.9623000025749207
1101101111011010000000011100001110001000001111110100011010111101100 0.9621000289916992
1101101011011010000100011100001110001000001111110100011010111101100 0.9617999792098999
0001001000001111100100100011001110000011011001100101010111101100101 0.9617999792098999
1000110100101100000110100000111110001110110001010110111111101101101 0.9616000056266785
1100011111010001110010100011001100000011111001100101010111010001111 0.9610000252723694
1101101111011010000100011100001110001000001000100010100011101100101 0.9605000019073486
1000111110101100000110110000111110011100000001010110100100000111101 0.9580000042915344
1101101111010010000000001100001010001000011001110010100011101111101 0.9578999876976013
1100110100101100000110100000101110011100000001010110100011100100101 0.9577000141143799
1101111111011010000000001100001010001000011001110011011110001111101 0.9577000141143799
0001001000001111000100100011001110000011111001101111111110001101101 0.9573000073432922
0000011101001000010000001100010001100100001001010110000101010100101 0.9571999907493591
1101101111010010000000001100001110001000011001010111100101101111101 0.9569000005722046
0000011101001000010000001110011001100100001001010110001100010101100 0.9564999938011169
0000011111010001100010100011001110000011111001110101010111100100101 0.9562000036239624
1000110100101100000110100000111110011100000001010110101100000101101 0.9556999802589417
0000011101001000000110100100111110011100001001010110001100011111100 0.9556999802589417
1100111010010011100010100111001110000011111001100101010111010011111 0.9556000232696533
Generation 8
0000011111010001100010100011001110000011111001110101010111100100101 0.9674000144004822
1101101100001111000100100011001110001000001001101111011110101100101 0.9682000279426575
1101101011011010000100011100001010001010001111110011011110001101100 0.9679999947547913
0000011111010001100010100011001110000011111001110101010111100100101 0.9674000144004822
1101101111011010000000011100001110001000001111110100011010111101100 0.9660000205039978
1101101111011010000000011100001110001000001111110100011010111101100 0.9642999768257141
1101111111011010000000001100001010101000011001010110100101001111101 0.9642000198364258
1101101111010010000000001100001110001000011001010110100101101111101 0.9628000259399414
0001001000001111000100100011001110000011111001100111011110101100101 0.9627000093460083
0001001000001111000100100011001110000011111001101111011110101100101 0.9624000191688538
0000011111010001100010100011001100000011111001110101001101000100101 0.9623000025749207
1101101111011010000000011100001110001000001111110100011010111101100 0.9621000289916992
1101101011011010000100011100001110000010111011110101011110111100101 0.9620000123977661
0001001000001111100100100011001110000011011001101111010111101100101 0.961899995803833
1101101011011010000100011100001110001000001111110100011010111101100 0.9617999792098999
0001001000001111100100100011001110000011011001100101010111101100101 0.9617999792098999
1000110100101100000110100000111110001110110001010110111111101101101 0.9616000056266785
1100011111010001110010100011001100000011111001100101010111010001111 0.9610000252723694
1100110100101100000110100000101110011100000001010111011110100100101 0.9606999754905701
1101101111011010000100011100001110001000001000100010100011101100101 0.9605000019073486
1101101111011010000000011100001110001000001111110100011010111100100 0.9603000283241272
1101101011011010000100011100001110001001011001110110100101111101100 0.958899974822998
1101101011011010000100011100001110001000001111110100011010111101100 0.9581999778747559
1000111110101100000110110000111110011100000001010110100100000111101 0.9580000042915344
1101101111010010000000001100001010001000011001110010100011101111101 0.9578999876976013
0001001000001111000100100011001110000011111001101111111110001101101 0.9578999876976013
Generation 9
1101101100001111000100100011001110001000001001101111011110101100101 0.9682000279426575
1101101100001111000100100011001110001000001001101111011110101100101 0.9682000279426575
1101101011011010000100011100001010001010001111110011011110001101100 0.9679999947547913
0000011111010001100010100011001110000011111001110101010111100100101 0.9674000144004822
1101111011011010000100100011001110000011011001101111010111101101100 0.9666000008583069
1101101111011010000000011100001110001000001111110100011010111101100 0.9660000205039978
1101111111011011100100001100001010101000011001010110100111001100101 0.9653000235557556
1101101111011010000000011100001110001000001111110100011010111101100 0.9642999768257141
1101111111011010000000001100001010101000011001010110100101001111101 0.9642000198364258
0001001000001111100100100000101110000110010001010110111111101101101 0.9629999995231628
1101101111010010000000001100001110001000011001010110100101101111101 0.9628000259399414
0001001000001111000100100011001110000011111001100111011110101100101 0.9627000093460083
0001001000001111000100100011001110000011111001101111011110101100101 0.9624000191688538
0000011111010001100010100011001100000011111001110101001101000100101 0.9623000025749207
1101101111011010000000011100001110001000001111110100011010111101100 0.9621000289916992
1101101011011010000100011100001110000010111011110101011110111100101 0.9620000123977661
0001001001001111100100101011001110001010001111110011011111001101101 0.9620000123977661
0001001000001111100100100011001110000011011001101111010111101100101 0.961899995803833
1101101011011010000100011100001110001000001111110100011010111101100 0.9617999792098999
0001001000001111100100100011001110000011011001100101010111101100101 0.9617999792098999
1000110100101100000110100000111110001110110001010110111111101101101 0.9616000056266785
1101101011011010000100011100001110011100000001010110100101111101100 0.9616000056266785
1100110100101100001110100000101110011100000001010111010110101100101 0.9610999822616577
1100011111010001110010100011001100000011111001100101010111010001111 0.9610000252723694
1100110100101100000110100000101110011100000001010111011110100100101 0.9606999754905701
1101101111011010000100011100001110001000001000100010100011101100101 0.9605000019073486
Generation 10
1101101100001111000100100011001110001000001001101111011110101100101 0.9682000279426575
1101101111011010000000011100001110001000011001110101010011100100101 0.9704999923706055
1101101101011010000100011100011110001000001001110110111111101100101 0.9693999886512756
1101101100001111000100100011001110001000001001101111011110101100101 0.9682000279426575
1101101011011010000100011100001010001010001111110011011110001101100 0.9679999947547913
0000011111010001100010100011001110000011111001110101010111100100101 0.9674000144004822
1101111011011010000100100011001110000011011001101111010111101101100 0.9666000008583069
1101101111011010000000011100001110001000001111110100011010111101100 0.9660000205039978
1101111111011011100100001100001010101000011001010110100111001100101 0.9653000235557556
1101101111011010000000000000111110001000010001010100011010111101100 0.9652000069618225
1101101111011010000000011100001110001000001111110100011010111101100 0.9642999768257141
1101111111011010000000001100001010101000011001010110100101001111101 0.9642000198364258
1000110100101100000110100000111110011100000001010111011110100101101 0.9638000130653381
0001001000001111100100100000101110000110010001010110111111101101101 0.9629999995231628
1101101111010010000000001100001110001000011001010110100101101111101 0.9628000259399414
0001001000001111000100100011001110000011111001100111011110101100101 0.9627000093460083
0001001000001111000100100011001110000011111001101111011110101100101 0.9624000191688538
0000011111010001100010100011001100000011111001110101001101000100101 0.9623000025749207
1101101111011010000000011100001110001000001111110100011010111101100 0.9621000289916992
0000011111010001100010100011001010000011101111110100011110111101100 0.9621000289916992
1101101011011010000100011100001110000010111011110101011110111100101 0.9620000123977661
0001001001001111100100101011001110001010001111110011011111001101101 0.9620000123977661
0001001000001111100100100011001110000011011001101111010111101100101 0.961899995803833
1101101011011010000100011100001110001000001111110100011010111101100 0.9617999792098999
0001001000001111100100100011001110000011011001100101010111101100101 0.9617999792098999
1000110100101100000110100000111110001110110001010110111111101101101 0.9616000056266785
Generation 11
1101101111011010000000011100001110001000011001110101010011100100101 0.9704999923706055
1101101111011010000000011100001110001000011001110101010011100100101 0.9704999923706055
1101101101011010000100011100011110001000001001110110111111101100101 0.9693999886512756
1101101100001111000100100011001110001000001001101111011110101100101 0.9682000279426575
1101101011011010000100011100001010001010001111110011011110001101100 0.9679999947547913
0000011111010001100010100011001110000011111001110101010111100100101 0.9674000144004822
1101111011011010000100100011001110000011011001101111010111101101100 0.9666000008583069
1101101111011010000000011100001110001000001111110100011010111101100 0.9660000205039978
1101111111011011100100001100001010101000011001010110100111001100101 0.9653000235557556
1101101111011010000000000000111110001000010001010100011010111101100 0.9652000069618225
1101101111011010000000011100001110001000001111110100011010111101100 0.9642999768257141
1101111111011010000000001100001010101000011001010110100101001111101 0.9642000198364258
1000110100101100000110100000111110011100000001010111011110100101101 0.9638000130653381
1101101011011010000100011100001110000110010001010110111010101101100 0.963699996471405
1101101011011011000000011100011110001000001111110100011110111100100 0.9635000228881836
0001001000001111100100100000101110000110010001010110111111101101101 0.9629999995231628
1101101111010010000000001100001110001000011001010110100101101111101 0.9628000259399414
0001001000001111000100100011001110000011111001100111011110101100101 0.9627000093460083
0001001000001111000100100011001110000011111001101111011110101100101 0.9624000191688538
0000011111010001100010100011001100000011111001110101001101000100101 0.9623000025749207
1101101111011010000000011100001110001000001111110100011010111101100 0.9621000289916992
0000011111010001100010100011001010000011101111110100011110111101100 0.9621000289916992
1101101011011010000100011100001110000010111011110101011110111100101 0.9620000123977661
0001001001001111100100101011001110001010001111110011011111001101101 0.9620000123977661
0001001000001111100100100011001110000011011001101111010111101100101 0.961899995803833
1000110100100010000000001110001110001000011001010110100101101101101 0.961899995803833
Generation 12
1101101111011010000000011100001110001000011001110101010011100100101 0.9704999923706055
1101101111011010000000011100001110001000011001110101010011100100101 0.9704999923706055
1101101101011010000100011100011110001000001001110110111111101100101 0.9693999886512756
1101101100001111000100100011001110001000001001101111011110101100101 0.9682000279426575
1101101011011010000100011100001010001010001111110011011110001101100 0.9679999947547913
0000011111010001100010100011001110000011111001110101010111100100101 0.9674000144004822
1101101111011010000000011100001110001000011111110100011110100100100 0.9668999910354614
1101101011011010000100011100001110000010111011110101011110111100101 0.96670001745224
1101111011011010000100100011001110000011011001101111010111101101100 0.9666000008583069
1101101111011010000000011100001110001000001111110100011010111101100 0.9660000205039978
1101111111011011100100001100001010101000011001010110100111001100101 0.9653000235557556
1101101111011010000000000000111110001000010001010100011010111101100 0.9652000069618225
1100011111010001100010100011001110000011111001110101001101000100101 0.964900016784668
1101101111011010000000011100001110001000001111110100011010111101100 0.9642999768257141
1101111111011010000000001100001010101000011001010110100101001111101 0.9642000198364258
1000110100101100000110100000111110011100000001010111011110100101101 0.9638000130653381
1101101011011010000100011100001110000110010001010110111010101101100 0.963699996471405
1101101011011011000000011100011110001000001111110100011110111100100 0.9635000228881836
0001001000001111100100100000101110000110010001010110111111101101101 0.9629999995231628
1101101111010010000000001100001110001000011001010110100101101111101 0.9628000259399414
0001001000001111000100100011001110000011111001100111011110101100101 0.9627000093460083
0001001000001111000100100011001110000011111001101111011110101100101 0.9624000191688538
0000011111010001100010100011001100000011111001110101001101000100101 0.9623000025749207
1101101111011010000000011100001110001000001111110100011010111101100 0.9621000289916992
0000011111010001100010100011001010000011101111110100011110111101100 0.9621000289916992
1101101011011010000100011100001110000010111011110101011110111100101 0.9620000123977661
Generation 13
1101101111011010000000011100001110001000011001110101010011100100101 0.9704999923706055
1101101111011010000000011100001110001000011001110101010011100100101 0.9704999923706055
0000011111010001100010100011001110000011111001110101001101000100101 0.9700999855995178
1000111111011010000000011100001100011100000011010111011110100100101 0.9700999855995178
1101101101011010000100011100011110001000001001110110111111101100101 0.9693999886512756
1101101011011010000100011100001010001010001111110011011110001101100 0.968999981880188
1101101100001111000100100011001110001000001001101111011110101100101 0.9682000279426575
1101101011011010000100011100001010001010001111110011011110001101100 0.9679999947547913
0000011111010001100010100011001110000011111001110101010111100100101 0.9674000144004822
1101101111011010000000011100001110001000011111110100011110100100100 0.9668999910354614
1101101011011010000100011100001110000010111011110101011110111100101 0.96670001745224
1101111011011010000100100011001110000011011001101111010111101101100 0.9666000008583069
1101101111011010000000011100001110001000001111110100011010111101100 0.9660000205039978
1101111111011011100100001100001010101000011001010110100111001100101 0.9653000235557556
1101101111011010000000000000111110001000010001010100011010111101100 0.9652000069618225
0001001000001111000100100011001110000011111001101111010111111100101 0.9649999737739563
1100011111010001100010100011001110000011111001110101001101000100101 0.964900016784668
1101101111011010000000011100001110001000001111110100011010111101100 0.9642999768257141
1101111111011010000000001100001010101000011001010110100101001111101 0.9642000198364258
1000110100101100000110100000111110011100000001010111011110100101101 0.9638000130653381
1101101011011010000100011100001110000110010001010110111010101101100 0.963699996471405
1101101011011011000000011100011110001000001111110100011110111100100 0.9635000228881836
0001001000001111100100100000101110000110010001010110111111101101101 0.9629999995231628
1101101011011010000100011100001110000010111011110111011110110100101 0.9628999829292297
1101001000001111000100100011001110000011111001100111011110101100101 0.9628999829292297
1101101111010010000000001100001110001000011001010110100101101111101 0.9628000259399414
Generation 14
1101101111011010000000011100001110001000011001110101010011100100101 0.9704999923706055
1101101111011010000000011100001110001000011001110101010011100100101 0.9704999923706055
1101101011011011000000011100011110011000001111110101011110111100100 0.9704999923706055
0001001000001111000100100011001110001000001001101111011111101100101 0.970300018787384
0000011111010001100010100011001110000011111001110101001101000100101 0.9700999855995178
1000111111011010000000011100001100011100000011010111011110100100101 0.9700999855995178
1101101101011010000100011100011110001000001001110110111111101100101 0.9693999886512756
1101101011011010000100011100001010001010001111110011011110001101100 0.968999981880188
1101101011011010000000011100001100000010111011110101011110101100101 0.968999981880188
1101101100001111000100100011001110001000001001101111011110101100101 0.9682000279426575
1101101011011010000100011100001010001010001111110011011110001101100 0.9679999947547913
0000011111010001100010100011001110000011111001110101010111100100101 0.9674000144004822
1101101111011010000000011100001110001000011111110100011110100100100 0.9668999910354614
1101101011011010000100011100001110000010111011110101011110111100101 0.96670001745224
1101111011011010000100100011001110000011011001101111010111101101100 0.9666000008583069
1101101111011010000000011100001110001000001111110100011010111101100 0.9660000205039978
1101111111011011100100001100001010101000011001010110100111001100101 0.9653000235557556
1101101111011010000000000000111110001000010001010100011010111101100 0.9652000069618225
1000111111011010000100011100001110011100000011010111011110110100101 0.9652000069618225
0000011111010001100010100011001110000011111001110101001101000100101 0.9650999903678894
1101001100001111000100100011001110000011111001100111011110101100101 0.9650999903678894
0001001000001111000100100011001110000011111001101111010111111100101 0.9649999737739563
1100011111010001100010100011001110000011111001110101001101000100101 0.964900016784668
1101101011011010000100011100001010001010111001101111010110111100101 0.9646000266075134
1101101111011010000000011100001110001000001111110100011010111101100 0.9642999768257141
1101111111011010000000001100001010101000011001010110100101001111101 0.9642000198364258
Generation 15
1101101111011010000000011100001110001000011001110101010011100100101 0.9704999923706055
1101101111011010000000011100001011001100011001110111011111110100101 0.9718000292778015
1101101011011011000000011100011110011000001111110101011110111100100 0.9714999794960022
1101101111011010000000011100001110001000011001110101010011100100101 0.9704999923706055
1101101011011011000000011100011110011000001111110101011110111100100 0.9704999923706055
0001001000001111000100100011001110001000001001101111011111101100101 0.970300018787384
0000011111010001100010100011001110000011111001110101001101000100101 0.9700999855995178
1000111111011010000000011100001100011100000011010111011110100100101 0.9700999855995178
1101101101011010000100011100011110001000001001110110111111101100101 0.9693999886512756
1101101011011010000100011100001010001010001111110011011110001101100 0.968999981880188
1101101011011010000000011100001100000010111011110101011110101100101 0.968999981880188
1101101100001111000100100011001110001000001001101111011110101100101 0.9682000279426575
1101101011011010000100011100001010001010001111110011011110001101100 0.9679999947547913
1000111111011010000100011100001110011100001011010111011111001100101 0.9674999713897705
0000011111010001100010100011001110000011111001110101010111100100101 0.9674000144004822
1101101111011010000000011100001110001000011111110100011110100100100 0.9668999910354614
1101101011011010000100011100001110000010111011110101011110111100101 0.96670001745224
1101111011011010000100100011001110000011011001101111010111101101100 0.9666000008583069
1101101111011010000000011100001110001000001111110100011010111101100 0.9660000205039978
1101111111011011100100001100001010101000011001010110100111001100101 0.9653000235557556
1101101111011010000000000000111110001000010001010100011010111101100 0.9652000069618225
1000111111011010000100011100001110011100000011010111011110110100101 0.9652000069618225
0000011111010001100010100011001110000011111001110101001101000100101 0.9650999903678894
1101001100001111000100100011001110000011111001100111011110101100101 0.9650999903678894
0001001000001111000100100011001110000011111001101111010111111100101 0.9649999737739563
1100011111010001100010100011001110000011111001110101001101000100101 0.964900016784668
Generation 16
1101101111011010000000011100001011001100011001110111011111110100101 0.9718000292778015
1101101111011010000000011100001011001100011001110111011111110100101 0.9718000292778015
1101101011011011000000011100011110011000001111110101011110111100100 0.9714999794960022
1101111011011010000100100011001110000011011001101111011101000111100 0.9714999794960022
1101101111011010000000011100001110001000011001110101010011100100101 0.9704999923706055
1101101011011011000000011100011110011000001111110101011110111100100 0.9704999923706055
0001001000001111000100100011001110001000001001101111011111101100101 0.970300018787384
0000011111010001100010100011001110000011111001110101001101000100101 0.9700999855995178
1000111111011010000000011100001100011100000011010111011110100100101 0.9700999855995178
1101101101011010000100011100011110001000001001110110111111101100101 0.9693999886512756
1101101011011010000100011100001010001010001111110011011110001101100 0.968999981880188
1101101011011010000000011100001100000010111011110101011110101100101 0.968999981880188
1101101100001111000100100011001110001000001001101111011110101100101 0.9682000279426575
1101101011011010000100011100001010001010001111110011011110001101100 0.9679999947547913
1101111011011010000100011100001110011100001011010111011111001100101 0.9679999947547913
1000111111011010000100011100001110011100001011010111011111001100101 0.9674999713897705
0000011111010001100010100011001110000011111001110101010111100100101 0.9674000144004822
1101111111011011100100001100001010101000011001010101000101000100101 0.9670000076293945
1101101111011010000000011100001110001000011111110100011110100100100 0.9668999910354614
1101101011011010000100011100001110000010111011110101011110111100101 0.96670001745224
1101111011011010000100100011001110000011011001101111010111101101100 0.9666000008583069
1101101111011010000000011100001110001000001111110100011010111101100 0.9660000205039978
1101111111011011100100001100001010101000011001010110100111001100101 0.9653000235557556
1101101111011010000000000000111110001000010001010100011010111101100 0.9652000069618225
1000111111011010000100011100001110011100000011010111011110110100101 0.9652000069618225
0000011111010001100010100011001110000011111001110101001101000100101 0.9650999903678894
Generation 17
1101101111011010000000011100001011001100011001110111011111110100101 0.9718000292778015
1101101111011010000000011100001011001100011001110111011111110100101 0.9718000292778015
1101101011011011000000011100011110011000001111110101011110111100100 0.9714999794960022
1101111011011010000100100011001110000011011001101111011101000111100 0.9714999794960022
1101101111011010000000011100001110001000011001110101010011100100101 0.9704999923706055
1101101011011011000000011100011110011000001111110101011110111100100 0.9704999923706055
0001001000001111000100100011001110001000001001101111011111101100101 0.970300018787384
0000011111010001100010100011001110000011111001110101001101000100101 0.9700999855995178
1000111111011010000000011100001100011100000011010111011110100100101 0.9700999855995178
1101101101011010000100011100011110001000001001110110111111101100101 0.9693999886512756
1101101011011010000100011100001010001010001111110011011110001101100 0.968999981880188
1101101011011010000000011100001100000010111011110101011110101100101 0.968999981880188
1101101100001111000100100011001110001000001001101111011110101100101 0.9682000279426575
1101101011011010000100011100001010001010001111110011011110001101100 0.9679999947547913
1101111011011010000100011100001110011100001011010111011111001100101 0.9679999947547913
1000111111011010010100011100001110011010001011010111011101001100101 0.9678000211715698
1101101101011010000100011100011110001000001001101111011111101100101 0.9677000045776367
1000111111011010000100011100001110011100001011010111011111001100101 0.9674999713897705
0000011111010001100010100011001110000011111001110101010111100100101 0.9674000144004822
1101111111011011100100001100001010101000011001010101000101000100101 0.9670000076293945
1101101111011010000000011100001110001000011111110100011110100100100 0.9668999910354614
1101101011011010000100011100001110000010111011110101011110111100101 0.96670001745224
1101111011011010000100100011001110000011011001101111010111101101100 0.9666000008583069
1101101111011010000000011100001110001000001111110100011010111101100 0.9660000205039978
1101111111011011100100001100001010101000011001010110100111001100101 0.9653000235557556
1101101111011010000000000000111110001000010001010100011010111101100 0.9652000069618225
Generation 18
1101101111011010000000011100001011001100011001110111011111110100101 0.9718000292778015
1101111111011011100100001100001010101000011001010110100111001100101 0.972599983215332
1101101111011010000000011100001011001100011001110111011111110100101 0.9718000292778015
1101101011011011000000011100011110011000001111110101011110111100100 0.9714999794960022
1101111011011010000100100011001110000011011001101111011101000111100 0.9714999794960022
1101101111011010000000011100001110001000011001110101010011100100101 0.9704999923706055
1101101011011011000000011100011110011000001111110101011110111100100 0.9704999923706055
0001001000001111000100100011001110001000001001101111011111101100101 0.970300018787384
0000011111010001100010100011001110000011111001110101001101000100101 0.9700999855995178
1000111111011010000000011100001100011100000011010111011110100100101 0.9700999855995178
1101101101011010000100011100011110001000001001110110111111101100101 0.9693999886512756
1101101011011010000100011100001010001010001111110011011110001101100 0.968999981880188
1101101011011010000000011100001100000010111011110101011110101100101 0.968999981880188
1101101100001111000100100011001110001000001001101111011110101100101 0.9682000279426575
1101101011011010000100011100001010001010001111110011011110001101100 0.9679999947547913
1101111011011010000100011100001110011100001011010111011111001100101 0.9679999947547913
1101111111011011100000001100001010101000011001010110101111001100101 0.9678999781608582
1000111111011010010100011100001110011010001011010111011101001100101 0.9678000211715698
1101101101011010000100011100011110001000001001101111011111101100101 0.9677000045776367
1000111111011010000100011100001110011100001011010111011111001100101 0.9674999713897705
0000011111010001100010100011001110000011111001110101010111100100101 0.9674000144004822
1101111111011011100100001100001010101000011001010101000101000100101 0.9670000076293945
0000111111010001100010100100001110000011111001110101001100000100101 0.9670000076293945
1101101111011010000000011100001110001000011111110100011110100100100 0.9668999910354614
1101101011011010000100011100001110000010111011110101011110111100101 0.96670001745224
1101111011011010000100100011001110000011011001101111010111101101100 0.9666000008583069
Generation 19
1101111111011011100100001100001010101000011001010110100111001100101 0.972599983215332
1101111111011011100100001100001010101000011001010110100111001100101 0.972599983215332
1101101111011010000000011100001011001100011001110111011111110100101 0.9718000292778015
1101101011011011000000011100011110011000001111110101011101001100100 0.9715999960899353
1101101011011011000000011100011110011000001111110101011110111100100 0.9714999794960022
1101111011011010000100100011001110000011011001101111011101000111100 0.9714999794960022
1101101111011010000000011100001110001000011001110101010011100100101 0.9704999923706055
1101101011011011000000011100011110011000001111110101011110111100100 0.9704999923706055
0001001000001111000100100011001110001000001001101111011111101100101 0.970300018787384
0000011111010001100010100011001110000011111001110101001101000100101 0.9700999855995178
1000111111011010000000011100001100011100000011010111011110100100101 0.9700999855995178
0100011111011001100010100100001110000011111001110101011111100100101 0.9696000218391418
1101101101011010000100011100011110001000001001110110111111101100101 0.9693999886512756
1101101011011010000100011100001010001010001111110011011110001101100 0.968999981880188
1101101011011010000000011100001100000010111011110101011110101100101 0.968999981880188
1101101100001111000100100011001110001000001001101111011110101100101 0.9682000279426575
1101101011011010000100011100001010001010001111110011011110001101100 0.9679999947547913
1101111011011010000100011100001110011100001011010111011111001100101 0.9679999947547913
1101111111011011100000001100001010101000011001010110101111001100101 0.9678999781608582
1000111111011010010100011100001110011010001011010111011101001100101 0.9678000211715698
1101101101011010000100011100011110001000001001101111011111101100101 0.9677000045776367
0000111111010000100010110100001100000011111001110101001100000100101 0.9675999879837036
1000111111011010000100011100001110011100001011010111011111001100101 0.9674999713897705
0000011111010001100010100011001110000011111001110101010111100100101 0.9674000144004822
1101111111011011100100001100001010101000011001010101000101000100101 0.9670000076293945
0000111111010001100010100100001110000011111001110101001100000100101 0.9670000076293945
Generation 20
1101111111011011100100001100001010101000011001010110100111001100101 0.972599983215332
1000111111011010010100011100001110011010001011010111011101001100101 0.9731000065803528
1101111111011011100100001100001010101000011001010110100111001100101 0.972599983215332
1101101111011010000000011100001011001100011001110111011111110100101 0.9718000292778015
1101101011011011000000011100011110011000001111110101011101001100100 0.9715999960899353
1101101011011011000000011100011110011000001111110101011110111100100 0.9714999794960022
1101111011011010000100100011001110000011011001101111011101000111100 0.9714999794960022
1101101111011010000000011100001110001000011001110101010011100100101 0.9704999923706055
1101101011011011000000011100011110011000001111110101011110111100100 0.9704999923706055
0001001000001111000100100011001110001000001001101111011111101100101 0.970300018787384
0000011111010001100010100011001110000011111001110101001101000100101 0.9700999855995178
1000111111011010000000011100001100011100000011010111011110100100101 0.9700999855995178
0100011111011001100010100100001110000011111001110101011111100100101 0.9696000218391418
1101101101011010000100011100011110001000001001110110111111101100101 0.9693999886512756
1101101011011010000100011100001010001010001111110011011110001101100 0.968999981880188
1101101011011010000000011100001100000010111011110101011110101100101 0.968999981880188
1101101100001111000100100011001110001000001001101111011110101100101 0.9682000279426575
1101101011011010000100011100001010001010001111110011011110001101100 0.9679999947547913
1101111011011010000100011100001110011100001011010111011111001100101 0.9679999947547913
1101111111011011100000001100001010101000011001010110101111001100101 0.9678999781608582
1000111111011010010100011100001110011010001011010111011101001100101 0.9678000211715698
1101101101011010000100011100011110001000001001101111011111101100101 0.9677000045776367
0000111111010000100010110100001100000011111001110101001100000100101 0.9675999879837036
1000111111011010000100011100001110011100001011010111011111001100101 0.9674999713897705
0000011111010001100010100011001110000011111001110101010111100100101 0.9674000144004822
1101111111011011100100001100001010101000011001010101000101000100101 0.9670000076293945
Generation 21
1000111111011010010100011100001110011010001011010111011101001100101 0.9731000065803528
1000111111011010010100011100001110011010001011010111011101001100101 0.9731000065803528
1101111111011011100100001100001010101000011001010110100111001100101 0.972599983215332
1101101111011010000000011100001011001100011001110111011111110100101 0.9718000292778015
1101101011011011000000011100011110011000001111110101011101001100100 0.9715999960899353
1101101011011011000000011100011110011000001111110101011110111100100 0.9714999794960022
1101111011011010000100100011001110000011011001101111011101000111100 0.9714999794960022
1101101111011010000000011100001110001000011001110101010011100100101 0.9704999923706055
1101101011011011000000011100011110011000001111110101011110111100100 0.9704999923706055
0001001000001111000100100011001110001000001001101111011111101100101 0.970300018787384
1000111111011010010100111100001110011010001011010111011111001101101 0.9702000021934509
0000011111010001100010100011001110000011111001110101001101000100101 0.9700999855995178
1000111111011010000000011100001100011100000011010111011110100100101 0.9700999855995178
0100011111011001100010100100001110000011111001110101011111100100101 0.9696000218391418
1101101101011010000100011100011110001000001001110110111111101100101 0.9693999886512756
1101101011011011000000011100011100000011001111110101011111100100101 0.9692000150680542
1101101011011010000100011100001010001010001111110011011110001101100 0.968999981880188
1101101011011010000000011100001100000010111011110101011110101100101 0.968999981880188
1000111111011010011100011100001110011110001011010110011101001100101 0.968999981880188
1101101100001111000100100011001110001000001001101111011110101100101 0.9682000279426575
1101101011011010000100011100001010001010001111110011011110001101100 0.9679999947547913
1101111011011010000100011100001110011100001011010111011111001100101 0.9679999947547913
1101111111011011100000001100001010101000011001010110101111001100101 0.9678999781608582
1000111111011010010100011100001110011010001011010111011101001100101 0.9678000211715698
1101101101011010000100011100011110001000001001101111011111101100101 0.9677000045776367
0000111111010000100010110100001100000011111001110101001100000100101 0.9675999879837036
Generation 22
1000111111011010010100011100001110011010001011010111011101001100101 0.9731000065803528
1000111111011010010100011100001110011010001011010111011101001100101 0.9731000065803528
1101111111011011100100001100001010101000011001010110100111001100101 0.972599983215332
1101101111011010000000011100001011001100011001110111011111110100101 0.9718000292778015
1101101011011011000000011100011110011000001111110101011101001100100 0.9715999960899353
1101101011011011000000011100011110011000001111110101011110111100100 0.9714999794960022
1101111011011010000100100011001110000011011001101111011101000111100 0.9714999794960022
1000111111011010010100110100001100000011111001110111011110000101101 0.9710000157356262
1101101111011010000000011100001110001000011001110101010011100100101 0.9704999923706055
1101101011011011000000011100011110011000001111110101011110111100100 0.9704999923706055
0001001000001111000100100011001110001000001001101111011111101100101 0.970300018787384
1000111111011010010100111100001110011010001011010111011111001101101 0.9702000021934509
0000011111010001100010100011001110000011111001110101001101000100101 0.9700999855995178
1000111111011010000000011100001100011100000011010111011110100100101 0.9700999855995178
0100011111011001100010100100001110000011111001110101011111100100101 0.9696000218391418
1101101101011010000100011100011110001000001001110110111111101100101 0.9693999886512756
1000111111011010010100011100001110011010001011010111011100001101101 0.9692999720573425
1101101011011011000000011100011100000011001111110101011111100100101 0.9692000150680542
1101101011011010000100011100001010001010001111110011011110001101100 0.968999981880188
1101101011011010000000011100001100000010111011110101011110101100101 0.968999981880188
1000111111011010011100011100001110011110001011010110011101001100101 0.968999981880188
1000110111011010010100111100001110011010001011010111011111000100101 0.968999981880188
1101101100001111000100100011001110001000001001101111011110101100101 0.9682000279426575
1101101011011010000100011100001010001010001111110011011110001101100 0.9679999947547913
1101111011011010000100011100001110011100001011010111011111001100101 0.9679999947547913
1101111111011011100000001100001010101000011001010110101111001100101 0.9678999781608582
Generation 23
1000111111011010010100011100001110011010001011010111011101001100101 0.9731000065803528
1000111111011010010100011100001110011010001011010111011101001100101 0.9731000065803528
1101111111011011100100001100001010101000011001010110100111001100101 0.972599983215332
1000111111011010010100110100011100000011111001010101011100000101101 0.9725000262260437
1000111111011010010100110100001100000011111001110111011110000101101 0.9721999764442444
1101101111011010000000011100001011001100011001110111011111110100101 0.9718000292778015
1101101011011011000000011100011110011000001111110101011101001100100 0.9715999960899353
1101101011011011000000011100011110011000001111110101011110111100100 0.9714999794960022
1101111011011010000100100011001110000011011001101111011101000111100 0.9714999794960022
1000111111011010010100110100001100000011111001110111011110000101101 0.9710000157356262
1101101011011011000000011100001100000011001111110101011111100100101 0.97079998254776
1101101111011010000000011100001110001000011001110101010011100100101 0.9704999923706055
1101101011011011000000011100011110011000001111110101011110111100100 0.9704999923706055
1101101111011010000000011100000110001000011001110001011101101100101 0.9703999757766724
0001001000001111000100100011001110001000001001101111011111101100101 0.970300018787384
1000111111011010010100111100001110011010001011010111011111001101101 0.9702000021934509
0000011111010001100010100011001110000011111001110101001101000100101 0.9700999855995178
1000111111011010000000011100001100011100000011010111011110100100101 0.9700999855995178
0100011111011001100010100100001110000011111001110101011111100100101 0.9696000218391418
1101101101011010000100011100011110001000001001110110111111101100101 0.9693999886512756
1000111111011010010100011100001110011010001011010111011100001101101 0.9692999720573425
1101101011011011000000011100011100000011001111110101011111100100101 0.9692000150680542
1101101011011010000100011100001010001010001111110011011110001101100 0.968999981880188
1101101011011010000000011100001100000010111011110101011110101100101 0.968999981880188
1000111111011010011100011100001110011110001011010110011101001100101 0.968999981880188
1000110111011010010100111100001110011010001011010111011111000100101 0.968999981880188
Generation 24
1000111111011010010100011100001110011010001011010111011101001100101 0.9731000065803528
1101111011011011000100100011001100000011111001010001011100000101101 0.9745000004768372
1000111111011010010100011100001110011010001011010111011101001100101 0.9731000065803528
1101111111011011100100001100001010101000011001010110100111001100101 0.972599983215332
1000111111011010010100110100011100000011111001010101011100000101101 0.9725000262260437
1000111111011010010100110100001100000011111001110111011110000101101 0.9721999764442444
1101101111011010000000011100001011001100011001110111011111110100101 0.9718000292778015
1101101011011011000000011100011110011000001111110101011101001100100 0.9715999960899353
1101101011011011000000011100011110011000001111110101011110111100100 0.9714999794960022
1101111011011010000100100011001110000011011001101111011101000111100 0.9714999794960022
1000111111011010010100110100001100000011111001110111011110000101101 0.9710000157356262
1101101011011011000000011100001100000011001111110101011111100100101 0.97079998254776
1000111111011010010100110100011110100011011001101111011101000111100 0.9706000089645386
1101101111011010000000011100001110001000011001110101010011100100101 0.9704999923706055
1101101011011011000000011100011110011000001111110101011110111100100 0.9704999923706055
1101101111011010000000011100000110001000011001110001011101101100101 0.9703999757766724
0001001000001111000100100011001110001000001001101111011111101100101 0.970300018787384
1000111111011010010100111100001110011010001011010111011111001101101 0.9702000021934509
0000011111010001100010100011001110000011111001110101001101000100101 0.9700999855995178
1000111111011010000000011100001100011100000011010111011110100100101 0.9700999855995178
0100011111011001100010100100001110000011111001110101011111100100101 0.9696000218391418
1101101101011010000100011100011110001000001001110110111111101100101 0.9693999886512756
1000111111011010010100011100001110011010001011010111011100001101101 0.9692999720573425
1000111111011010010100110100011100000011111001010101111100000101101 0.9692999720573425
1101101011011011000000011100011100000011001111110101011111100100101 0.9692000150680542
1101101011011010000100011100001010001010001111110011011110001101100 0.968999981880188
Generation 25
1101111011011011000100100011001100000011111001010001011100000101101 0.9745000004768372
1101111011011011000100100011001100000011111001010001011100000101101 0.9745000004768372
1101101111011010000000011100000110001000011001110001011111001100101 0.9739999771118164
1000111111011010010100011100001110011010001011010111011101001100101 0.9731000065803528
1101111111011011100100001100001010101000011001010110100111001100101 0.972599983215332
1000111111011010010100110100011100000011111001010101011100000101101 0.9725000262260437
1000111111011010010100110100001100000011111001110111011110000101101 0.9721999764442444
1101101111011010000000011100001011001100011001110111011111110100101 0.9718000292778015
1101101011011011000000011100011110011000001111110101011101001100100 0.9715999960899353
1101101011011011000000011100011110011000001111110101011110111100100 0.9714999794960022
1101111011011010000100100011001110000011011001101111011101000111100 0.9714999794960022
1000111111011010010100110100001100000011111001110111011110000101101 0.9710000157356262
1101101011011011000000011100001100000011001111110101011111100100101 0.97079998254776
1000111111011010010100011100001110011010001011010111011101001100101 0.9707000255584717
1000111111011010010100110100011110100011011001101111011101000111100 0.9706000089645386
1101101111011010000000011100001110001000011001110101010011100100101 0.9704999923706055
1101101011011011000000011100011110011000001111110101011110111100100 0.9704999923706055
1101101111011010000000011100000110001000011001110001011101101100101 0.9703999757766724
0001001000001111000100100011001110001000001001101111011111101100101 0.970300018787384
1000111111011010010100111100001110011010001011010111011111001101101 0.9702000021934509
0000011111010001100010100011001110000011111001110101001101000100101 0.9700999855995178
1000111111011010000000011100001100011100000011010111011110100100101 0.9700999855995178
0100011111011001100010100100001110000011111001110101011111100100101 0.9696000218391418
1101101101011010000100011100011110001000001001110110111111101100101 0.9693999886512756
1000111111011010010100011100001110011010001011010111011100001101101 0.9692999720573425
1000111111011010010100110100011100000011111001010101111100000101101 0.9692999720573425
Generation 26
1101111011011011000100100011001100000011111001010001011100000101101 0.9745000004768372
1101111011011011000100100011001100000011111001010001011100000101101 0.9745000004768372
1101101111011010000000011100000110001000011001110001011111001100101 0.9739999771118164
1000111111011010010100011100001110011010001011010111011101001100101 0.9731000065803528
1101111111011011100100001100001010101000011001010110100111001100101 0.972599983215332
1000111111011010010100110100011100000011111001010101011100000101101 0.9725000262260437
1000111111011010010100110100001100000011111001110111011110000101101 0.9721999764442444
1101101111011010000000011100001011001100011001110111011111110100101 0.9718000292778015
1101101011011011000000011100011110011000001111110101011101001100100 0.9715999960899353
1101101011011011000000011100011110011000001111110101011110111100100 0.9714999794960022
1101111011011010000100100011001110000011011001101111011101000111100 0.9714999794960022
1000111111011010010100110100001100000011111001110111011110000101101 0.9710000157356262
1101101011011011000000011100001100000011001111110101011111100100101 0.97079998254776
1000111111011010010100011100001110011010001011010111011101001100101 0.9707000255584717
1000111111011010010100110100011110100011011001101111011101000111100 0.9706000089645386
1101101111011010000000011100001110001000011001110101010011100100101 0.9704999923706055
1101101011011011000000011100011110011000001111110101011110111100100 0.9704999923706055
1101101111011010000000011100000110001000011001110001011101101100101 0.9703999757766724
0001001000001111000100100011001110001000001001101111011111101100101 0.970300018787384
1000111111011010010100111100001110011010001011010111011111001101101 0.9702000021934509
0000011111010001100010100011001110000011111001110101001101000100101 0.9700999855995178
1000111111011010000000011100001100011100000011010111011110100100101 0.9700999855995178
1000111111011010010100011100001110011010001011010101011010001100101 0.9696999788284302
0100011111011001100010100100001110000011111001110101011111100100101 0.9696000218391418
1101101101011010000100011100011110001000001001110110111111101100101 0.9693999886512756
1000111111011010010100011100001110011010001011010111011100001101101 0.9692999720573425
Generation 27
1101111011011011000100100011001100000011111001010001011100000101101 0.9745000004768372
1101111011011011000100100011001100000011111001010001011100000101101 0.9745000004768372
1101101111011010000000011100000110001000011001110001011111001100101 0.9739999771118164
1000111111011010010100011100001110011010001011010111011101001100101 0.9731000065803528
1101111111011011100100001100001010101000011001010110100111001100101 0.972599983215332
1000111111011010010100110100011100000011111001010101011100000101101 0.9725000262260437
1000111111011010010100110100001100000011111001110111011110000101101 0.9721999764442444
1101101111011010000000011100001011001100011001110111011111110100101 0.9718000292778015
1101101011011011000000011100011110011000001111110101011101001100100 0.9715999960899353
1101101011011011000000011100011110011000001111110101011110111100100 0.9714999794960022
1101111011011010000100100011001110000011011001101111011101000111100 0.9714999794960022
1000111111011010010100110100001100000011111001110111011110000101101 0.9710000157356262
1101101011011011000000011100001100000011001111110101011111100100101 0.97079998254776
1000111111011010010100011100001110011010001011010111011101001100101 0.9707000255584717
1000111111011010010100110100011110100011011001101111011101000111100 0.9706000089645386
1101101111011010000000011100001110001000011001110101010011100100101 0.9704999923706055
1101101011011011000000011100011110011000001111110101011110111100100 0.9704999923706055
1101101111011010000000011100000110001000011001110001011101101100101 0.9703999757766724
0001001000001111000100100011001110001000001001101111011111101100101 0.970300018787384
1101111011011011000100110011001100000011111001011011011110001101101 0.970300018787384
1000111111011010010100111100001110011010001011010111011111001101101 0.9702000021934509
0000011111010001100010100011001110000011111001110101001101000100101 0.9700999855995178
1000111111011010000000011100001100011100000011010111011110100100101 0.9700999855995178
1000111111011010010100011100001110011010001011010101011010001100101 0.9696999788284302
0100011111011001100010100100001110000011111001110101011111100100101 0.9696000218391418
1101101101011010000100011100011110001000001001110110111111101100101 0.9693999886512756
Generation 28
1101111011011011000100100011001100000011111001010001011100000101101 0.9745000004768372
1101111011011011000100100011001100000011111001010001011100000101101 0.9745000004768372
1101101111011010000000011100000110001000011001110001011111001100101 0.9739999771118164
1101101011011011000000011100011100000011001111110101011111100100101 0.9732999801635742
1000111111011010010100011100001110011010001011010111011101001100101 0.9731000065803528
1101111111011011100100001100001010101000011001010110100111001100101 0.972599983215332
1000111111011010010100110100011100000011111001010101011100000101101 0.9725000262260437
1000111111011010010100110100001100000011111001110111011110000101101 0.9721999764442444
1000111111011010010100111100001110011010001011010111011111101101101 0.972100019454956
1101101111011010000000011100001011001100011001110111011111110100101 0.9718000292778015
1101101011011011000000011100011110011000001111110101011101001100100 0.9715999960899353
1101101011011011000000011100011110011000001111110101011110111100100 0.9714999794960022
1101111011011010000100100011001110000011011001101111011101000111100 0.9714999794960022
1000111111011010010100110100001100000011111001110111011110000101101 0.9710000157356262
1101101011011011000000011100001110111000001111110101011101001100100 0.9708999991416931
1101101011011011000000011100001100000011001111110101011111100100101 0.97079998254776
1000111111011010010100011100001110011010001011010111011101001100101 0.9707000255584717
1000111111011010010100110100011110100011011001101111011101000111100 0.9706000089645386
1101101111011010000000011100001110001000011001110101010011100100101 0.9704999923706055
1101101011011011000000011100011110011000001111110101011110111100100 0.9704999923706055
1101101111011010000000011100000110001000011001110001011101101100101 0.9703999757766724
0001001000001111000100100011001110001000001001101111011111101100101 0.970300018787384
1101111011011011000100110011001100000011111001011011011110001101101 0.970300018787384
1000111111011010010100111100001110011010001011010111011111001101101 0.9702000021934509
0000011111010001100010100011001110000011111001110101001101000100101 0.9700999855995178
1000111111011010000000011100001100011100000011010111011110100100101 0.9700999855995178
Generation 29
1101111011011011000100100011001100000011111001010001011100000101101 0.9745000004768372
1101111011011011000100100011001100000011111001010001011100000101101 0.9745000004768372
1101101111011010000000011100000110001000011001110001011111001100101 0.9739999771118164
1101101011011011000000011100011100000011001111110101011111100100101 0.9732999801635742
1000111111011010010100011100001110011010001011010111011101001100101 0.9731000065803528
1101111111011011100100001100001010101000011001010110100111001100101 0.972599983215332
1000111111011010010100110100011100000011111001010101011100000101101 0.9725000262260437
1000111111011010010100110100001100000011111001110111011110000101101 0.9721999764442444
1000111111011010010100111100001110011010001011010111011111101101101 0.972100019454956
1101101111011010000000011100001011001100011001110111011111110100101 0.9718000292778015
1100101110011010010100110100011110000011111001110111011101000101100 0.9718000292778015
1101101011011011000000011100011110011000001111110101011101001100100 0.9715999960899353
1101101011011011000000011100011110011000001111110101011110111100100 0.9714999794960022
1101111011011010000100100011001110000011011001101111011101000111100 0.9714999794960022
1000111111011010010100110100001100000011111001110111011110000101101 0.9710000157356262
1101101011011011000000011100001110111000001111110101011101001100100 0.9708999991416931
1000111101011010010100111100001110010011111001010101011100100101101 0.9708999991416931
1101101011011011000000011100001100000011001111110101011111100100101 0.97079998254776
1000111111011010010100011100001110011010001011010111011101001100101 0.9707000255584717
1000111111011010010100110100011110100011011001101111011101000111100 0.9706000089645386
1101101111011010000000011100001110001000011001110101010011100100101 0.9704999923706055
1101101011011011000000011100011110011000001111110101011110111100100 0.9704999923706055
1101101111011010000000011100000110001000011001110001011101101100101 0.9703999757766724
0001001000001111000100100011001110001000001001101111011111101100101 0.970300018787384
1101111011011011000100110011001100000011111001011011011110001101101 0.970300018787384
1000111111011010010100111100001110011010001011010111011111001101101 0.9702000021934509
Generation 30
1101111011011011000100100011001100000011111001010001011100000101101 0.9745000004768372
1101111011011011000100100011001100000011111001010001011100000101101 0.9745000004768372
1101101111011010000000011100000110001000011001110001011111001100101 0.9739999771118164
1101101011011011000000011100011100000011001111110101011111100100101 0.9732999801635742
1000111111011010010100011100001110011010001011010111011101001100101 0.9731000065803528
1101111111011011100100001100001010101000011001010110100111001100101 0.972599983215332
1000111111011010010100110100011100000011111001010101011100000101101 0.9725000262260437
1000111111011010010100110100001100000011111001110111011110000101101 0.9721999764442444
1000111111011010010100111100001110011010001011010111011111101101101 0.972100019454956
1101101111011010000000011100001011001100011001110111011111110100101 0.9718000292778015
1100101110011010010100110100011110000011111001110111011101000101100 0.9718000292778015
1101101011011011000000011100011110011000001111110101011101001100100 0.9715999960899353
1101101011011011000000011100011110011000001111110101011110111100100 0.9714999794960022
1101111011011010000100100011001110000011011001101111011101000111100 0.9714999794960022
1000111111011010010100110100001100000011111001110111011110000101101 0.9710000157356262
1101101011011011000000011100001110111000001111110101011101001100100 0.9708999991416931
1000111101011010010100111100001110010011111001010101011100100101101 0.9708999991416931
1101101011011011000000011100001100000011001111110101011111100100101 0.97079998254776
1000111111011010010100011100001110011010001011010111011101001100101 0.9707000255584717
1000111111011010010100110100011110100011011001101111011101000111100 0.9706000089645386
1101101111011010000000011100001110001000011001110101010011100100101 0.9704999923706055
1101101011011011000000011100011110011000001111110101011110111100100 0.9704999923706055
1101101111011010000000011100000110001000011001110001011101101100101 0.9703999757766724
0001001000001111000100100011001110001000001001101111011111101100101 0.970300018787384
1101111011011011000100110011001100000011111001011011011110001101101 0.970300018787384
1000111111011010010100111100001110011010001011010111011111001101101 0.9702000021934509
[0.9319999814033508, 0.9564999938011169, 0.9571999907493591, 0.9674000144004822, 0.9674000144004822, 0.9674000144004822, 0.9674000144004822, 0.9682000279426575, 0.9682000279426575, 0.9704999923706055, 0.9704999923706055, 0.9704999923706055, 0.9704999923706055, 0.9704999923706055, 0.9718000292778015, 0.9718000292778015, 0.9718000292778015, 0.972599983215332, 0.972599983215332, 0.9731000065803528, 0.9731000065803528, 0.9731000065803528, 0.9731000065803528, 0.9745000004768372, 0.9745000004768372, 0.9745000004768372, 0.9745000004768372, 0.9745000004768372, 0.9745000004768372, 0.9745000004768372]
[1, 1, 0, 1, 1, 1, 1, 0, 1, 1, 0, 1, 1, 0, 1, 1, 0, 0, 0, 1, 0, 0, 1, 0, 0, 0, 1, 1, 0, 0, 1, 1, 0, 0, 0, 0, 0, 0, 1, 1, 1, 1, 1, 0, 0, 1, 0, 1, 0, 0, 0, 1, 0, 1, 1, 1, 0, 0, 0, 0, 0, 1, 0, 1, 1, 0, 1] 0.9745000004768372 0.8066694448391596