Downloading data from https://storage.googleapis.com/tensorflow/tf-keras-datasets/mnist.npz
11493376/11490434 [==============================] - 0s 0us/step
11501568/11490434 [==============================] - 0s 0us/step
Generation 1
1100100010010011101111101101100000101000110101010001111010100010100 0.37059998512268066
1000001011011000010100100100011000101100110000000000010101010001001 0.09950000047683716
1101110010001011010110010101000111100111100010000001001011110010011 0.17790000140666962
0100110001111101111000001110110100110100010011111110000110111010010 0.11720000207424164
1110010001000110100100011000101010110111011111001110000101100011101 0.9072999954223633
1000100101001110011101100110101110111000101010101101101001101001001 0.40549999475479126
0010110101000001100100110110011011110110010000100111011001101111111 0.3366999924182892
0000001101011100100101000011110111101101011001101100111000100100100 0.8960999846458435
0101111101001101001110101011000110111111010010110010100011100101001 0.3156000077724457
0101110000001100101001101100010101001110000100011111111101000110000 0.10029999911785126
1100001111010101110101011011101111010111101100001111110100111111100 0.7333999872207642
0100010011110101111110010011011101101100110101000100101111000110001 0.12110000103712082
0000110010111011111101110010001111110001010011100110001101011001011 0.5600000023841858
0000111111001001101101011101110011010011111111100111110110010100000 0.6589999794960022
0000111100111111010000100101111101001111110011011110011111010111011 0.9330999851226807
1001110000001100000111110001111010100001000000111111101001011101110 0.35659998655319214
0100110001000101011100101000100110011101111100000110100110010111001 0.12710000574588776
0100010000110001000100010011000010000011110111111000101101110111100 0.0957999974489212
0100010000111011000000001001111110010101000110111010100010011110100 0.10660000145435333
1100110011010000000000110000101100001000011100110111111001001100110 0.07909999787807465
1100011011100001010111101110111000110111010011100111000011100011011 0.4722000062465668
1100000110000011001000001001100110011100111110010101100011101110101 0.09489999711513519
0100011110011011001101011111100011001010111110110111110110111110010 0.0869000032544136
0100110010111001110010111100000001001001010011000101111100101100000 0.11789999902248383
1000011101111010100001011100101000001000011100100110011110001101010 0.47749999165534973
[0.9330999851226807]
[0, 0, 0, 0, 1, 1, 1, 1, 0, 0, 1, 1, 1, 1, 1, 1, 0, 1, 0, 0, 0, 0, 1, 0, 0, 1, 0, 1, 1, 1, 1, 1, 0, 1, 0, 0, 1, 1, 1, 1, 1, 1, 0, 0, 1, 1, 0, 1, 1, 1, 1, 0, 0, 1, 1, 1, 1, 1, 0, 1, 0, 1, 1, 1, 0, 1, 1] 0.9330999851226807 0.806742695470651
Generation 2
0000111100111111010000100101111101001111110011011110011111010111011 0.9330999851226807
0000111110111111010000100101111101001111110011011110011111010111011 0.9395999908447266
0000111100111111010000100101111101001111110011011110011111010111011 0.9330999851226807
0000111100111111010000100101111101001111110011011110011111010111011 0.9175000190734863
0000001101011100100100000011110111101000101010101100101001101000101 0.9074000120162964
1110010001000110100100011000101010110111011111001110000101100011101 0.9072999954223633
1110010001000110100100011000101010110111011111001110011101100011111 0.9039999842643738
0000001101011100100101000011110111101101011001101100111000100100100 0.8960999846458435
1000011101111010100001011100101000001000011100100101011110001101011 0.7786999940872192
1100001111010101110101011011101111010111101100001111110100111111100 0.7333999872207642
1000101101011100100110000011110111101101011001101100111001101100001 0.6905999779701233
1000100101001110011101100110101110111101011001101101111000100101000 0.6607999801635742
0000111111001001101101011101110011010011111111100111110110010100000 0.6589999794960022
0000110010111011111101110010001111110001010011100110001101011001011 0.5600000023841858
0100010011110100111110010101111101001111110011011110101111010111011 0.5309000015258789
0000111100011111010000100101100110001111110011011110000110010111001 0.49549999833106995
1000100101001110011101101110101110111000101010101110101101101001000 0.492000013589859
1000011101111010100001011100101000001000011100100110011110001101010 0.47749999165534973
1100011011100001010111101110111000110111010011100111000011100011011 0.4722000062465668
1000100101001110011101100110101110111000101010101101101001101001001 0.40549999475479126
0100110001000100100001011100101000001000011100100110011110001101010 0.40380001068115234
0000110010001011010000100101111111001111110011011110001011010010011 0.4011000096797943
1100100010010011101111101101100000101000110101010001111010100010100 0.37059998512268066
1001110000001100000111110001111010100001000000111111101001011101110 0.35659998655319214
0000110010111011111101110010001111100001010011100110000101011001011 0.3504999876022339
0010110101000001100100110110011011110110010000100111011001101111111 0.3366999924182892
Generation 3
0000111110111111010000100101111101001111110011011110011111010111011 0.9395999908447266
1110010001000110100100011000101010110111110011011110011110110111011 0.9592999815940857
0000111110111111010000100101111101001111110011011110011111010111011 0.9395999908447266
0000111100011111010000100101100110001111011111001110000101010011101 0.9373999834060669
0000111100111111010000100101111101001111110011011110011111010111011 0.9330999851226807
0000111100111111010000100101111101001111110011011110011111010111011 0.9175000190734863
1110010001000110100100011000101010110111011111001100111001101111101 0.9103000164031982
0000001101011100100100000011110111101000101010101100101001101000101 0.9074000120162964
1110010001000110100100011000101010110111011111001110000101100011101 0.9072999954223633
1110010001000110100100011000101010110111011111001110011101100011111 0.9039999842643738
0000001101011100100101000011110111101101011001101100111000100100100 0.8960999846458435
0000010101001110011101100110101110110101001001101001111000100101010 0.8827999830245972
1100100010010011101111101101100100101000110101010000111000100100100 0.8784999847412109
1000100001001110011101100110101010110111011111101101111101100011110 0.8758999705314636
0000111111001001101101011000100010110111011111001110011111011101110 0.8585000038146973
0000001101011100100100000011110111101000101010101100110001100100100 0.8410000205039978
1000011101111100100100000010101000001000011100100101001001101101111 0.829800009727478
1110010001000110100100011000101110111101011001011110011000100101001 0.8296999931335449
0000001101011100100101000011110111101101011001101100101000101000101 0.7876999974250793
1000011101111010100001011100101000001000011100100101011110001101011 0.7786999940872192
0000111100111110100101011000101001001111110011011110011111010011101 0.7343999743461609
1100001111010101110101011011101111010111101100001111110100111111100 0.7333999872207642
1000100101001111010000101110101110111000101010101110111111010111000 0.7109000086784363
1000101101011100100110000011110111101101011001101100111001101100001 0.6905999779701233
0000111100111111010101011011101111010111101011011110010100010111001 0.6815000176429749
1100001111010101110000100101111101001111111100001111111111111111110 0.6714000105857849
Generation 4
1110010001000110100100011000101010110111110011011110011110110111011 0.9592999815940857
1110010001000110100100011000101010110111011111001110011100100011111 0.9649999737739563
1110010001000110100100011000101010110111110011011110011110110111011 0.9592999815940857
0000111111001001101101011011110110110111011111001110011111111100100 0.9553999900817871
1110010001000110100100011000101010110111011111001010011111100111011 0.9452000260353088
0000111110111111010000100101111101001111110011011110011111010111011 0.9395999908447266
0000111100011111010000100101100110001111011111001110000101010011101 0.9373999834060669
0000111100111111010000100101111101001111110011011110011111010111011 0.9330999851226807
1100100010010011101111101101100100101000110101010000111110110101110 0.9309999942779541
0000111100111111010000100101111101001111110011011110011101010011111 0.9308000206947327
1110010001000110100100011000101010110111011111001110000101100011101 0.9240999817848206
0000111100111111010000100101111101001111110011011110011111010111011 0.9175000190734863
1110010001000110100100011000101010110111011111001100111001101111101 0.9103000164031982
0000001101011100100100000011110111101000101010101100101001101000101 0.9074000120162964
1110010001000110100100011000101010110111011111001110000101100011101 0.9072999954223633
1110010001000110100100011000101010110111011111001110011101100011111 0.9039999842643738
0000010101000110100100011000101010110101011111001110011101100011110 0.8981000185012817
0000001101011100100101000011110111101101011001101100111000100100100 0.8960999846458435
0000001101011100100100000011110111101001011111101100101000100011111 0.8910999894142151
1110010001000110100100011000101010110110101010001110011101101000101 0.8877000212669373
0000010101001110011101100110101110110101001001101001111000100101010 0.8827999830245972
1100100010010011101111101101100100101000110101010000111000100100100 0.8784999847412109
1000100001001110011101100110101010110111011111101101111101100011110 0.8779000043869019
1000100001001110011101100110101010110111011111101101111101100011110 0.8758999705314636
0000111111001001101101011000100010110111011111001110011111011101110 0.8585000038146973
0000001101011100100100000011110111101000101010101100110001100100100 0.8410000205039978
Generation 5
1110010001000110100100011000101010110111011111001110011100100011111 0.9649999737739563
1110010001000110100100011000101010110111011111001110011100100011111 0.9649999737739563
1110010001000110100100011000101010110111110011011110011110110111011 0.9592999815940857
0000111111001001101101011011110110110111011111001110011111111100100 0.9553999900817871
1110010001000110100100011000101010110011011111001110011101100011111 0.9553999900817871
1110010001000110100100011000101010110111011111001010011111100111011 0.9452000260353088
0000111110111111010000100101111101001111110011011110011111010111011 0.9395999908447266
1110010001000110100100011000101010110111011010101010011001100011111 0.9394999742507935
0000111100011111010000100101100110001111011111001110000101010011101 0.9373999834060669
0100001101011100100101000011110111101100101001101100111001101100101 0.9347000122070312
0000111100111111010000100101111101001111110011011110011111010111011 0.9330999851226807
1110010001000110100100011000101010110111011111001110000101100011101 0.932699978351593
1100100010010011101111101101100100101000110101010000111110110101110 0.9309999942779541
0000111100111111010000100101111101001111110011011110011101010011111 0.9308000206947327
0000010101011100100101000110101110110101001001001000111000100101110 0.9282000064849854
1110010001000110100100011000101010110111011111001110000101100011101 0.9240999817848206
0000111100111111010000100101111101001111110011011110011111010111011 0.9175000190734863
1110010001000110100100011101100111101011010101001100011100110101111 0.9114999771118164
1110010001000110100100011000101010110111011111001100111001101111101 0.9103000164031982
0000001101011100100100000011110111101000101010101100101001101000101 0.9074000120162964
1110010001000110100100011000101010110111011111001110000101100011101 0.9072999954223633
1110010001000110100100011000101010110111011111001110011101100011111 0.9039999842643738
1110011001000111100100011000101010110100110101011000011101100101101 0.9036999940872192
1100001101011100100101000011110010110111011111001100111001100100101 0.9021999835968018
0000010101000110100100011000101010110101011111001110011101100011110 0.8981000185012817
0000001101011100100101000011110111101101011001101100111000100100100 0.8960999846458435
Generation 6
1110010001000110100100011000101010110111011111001110011100100011111 0.9649999737739563
1110010001000110100100011000101010110111011111001110011100100011111 0.9649999737739563
1110010001000110100100011000101010110111110011011110011110110111011 0.9592999815940857
0000111111001001101101011011110110110111011111001110011111111100100 0.9553999900817871
1110010001000110100100011000101010110011011111001110011101100011111 0.9553999900817871
0100100010010011101101000011110111101100111001010000111110110101110 0.9503999948501587
0000111110111111010000100101110111101101011001001100011111010100101 0.9483000040054321
1100100010010011101111101101100100101000110101010000111110110101110 0.9483000040054321
1110011001000111100100000011110111101101011001101100111000100101101 0.9474999904632568
1100100010010011101111101101100100101000110101010000111101100101100 0.9470999836921692
0000111111001001101101011011110110110111011101101100011111100100100 0.9466999769210815
1110010001000110100100011000101010110111011111001010011111100111011 0.9452000260353088
0000111110111111010000100101111101001111110011011110011111010111011 0.9395999908447266
1110010001000110100100011000101010110111011010101010011001100011111 0.9394999742507935
0000001101011100100101011010111010110100110101011000011101100100110 0.939300000667572
0000001101011100100100000011110111101100101001101100111001101100101 0.9376999735832214
0000111100011111010000100101100110001111011111001110000101010011101 0.9373999834060669
0100001101011100100101000011110111101100101001101100111001101100101 0.9347000122070312
0000111100111111010000100101111101001111110011011110011111010111011 0.9330999851226807
1110010001000110100100011000101010110111011111001110000101100011101 0.932699978351593
1100100010010011101111101101100100101000110101010000111110110101110 0.9309999942779541
0000111100111111010000100101111101001111110011011110011101010011111 0.9308000206947327
1100100010010011101111101101100100101000110101010000111110110101110 0.9307000041007996
0000010101011100100101000110101110110101001001001000111000100101110 0.9282000064849854
1110010001000110100100011000101010110111011111001110000101100011101 0.9240999817848206
0000111100111111010000100101111101001111110011011110011111010111011 0.9175000190734863
Generation 7
1110010001000110100100011000101010110111011111001110011100100011111 0.9649999737739563
1110010001000110100100011000101010110111011111001110011100100011111 0.9649999737739563
0000111100011111010000100101101101001111011011001110011111010011111 0.9599000215530396
0000111110111111010000100101111101001111110011011110011111010111011 0.9596999883651733
1110010001000110100100011000101010110111110011011110011110110111011 0.9592999815940857
0000111111001001101101011011110110110111011111001110011111111100100 0.9553999900817871
1110010001000110100100011000101010110011011111001110011101100011111 0.9553999900817871
0000111110111111010000100101110111101101011001001100011011010100101 0.954200029373169
1110011000000111100100000111111101011111110001011110011101010101101 0.9531000256538391
0000111110111111010000100100110111101101011001001100011111010100101 0.9521999955177307
0000111100011111010000100101111101001111110011011110011101010011111 0.951200008392334
0100100010010011101101000011110111101100111001010000111110110101110 0.9503999948501587
0000111111001001101100001011100110110111011101101100011111111100100 0.9491999745368958
1110011001000111100100000011110101001111110011011110011000110101101 0.9488999843597412
0000111110111111010000100101110111101101011001001100011111010100101 0.9483000040054321
1100100010010011101111101101100100101000110101010000111110110101110 0.9483000040054321
1110011001000111100100000011110111101101011001101100111000100101101 0.9474999904632568
1100100010010011101111101101100100101000110101010000111101100101100 0.9470999836921692
0000111111001001101101011011110110110111011101101100011111100100100 0.9466999769210815
1110010001000110100100011000101010110111011111001010011111100111011 0.9452000260353088
1110010101000110100100011000101000110111110011011110011110110111011 0.9451000094413757
0000111110111111010000100101111101001111110011011110011111010111011 0.9395999908447266
1110010001000110100100011000101010110111011010101010011001100011111 0.9394999742507935
0000001101011100100101011010111010110100110101011000011101100100110 0.939300000667572
0000001101011100100100000011110111101100101001101100111001101100101 0.9376999735832214
0000111100011111010000100101100110001111011111001110000101010011101 0.9373999834060669
Generation 8
1110010001000110100100011000101010110111011111001110011100100011111 0.9649999737739563
1110010001000110100100011000101010110111011111001110011100100011111 0.9649999737739563
0000111100011111010000100101101101001111011011111110011101010011111 0.9613000154495239
0000111100011111010000100101101101001111011011001110011111010011111 0.9599000215530396
0000111110111111010000100101111101001111110011011110011111010111011 0.9596999883651733
1110010001000110100100011000101010110111110011011110011110110111011 0.9592999815940857
0000111111001001101101011011110110110111011111001110011111111100100 0.9553999900817871
1110010001000110100100011000101010110011011111001110011101100011111 0.9553999900817871
1100100010010011101111101101110101001111110011011110011101110101100 0.9545000195503235
0000111110111111010000100101110111101101011001001100011011010100101 0.954200029373169
1110011000000111100100000111111101011111110001011110011101010101101 0.9531000256538391
0000111111001000101100010011110111101101011001101100111111111100101 0.9523000121116638
0000111110111111010000100100110111101101011001001100011111010100101 0.9521999955177307
0000111100011111010000100101111101001111110011011110011101010011111 0.951200008392334
0000111110101111101100100101111101000011110011011110011111111100100 0.9509000182151794
0000111111001001101101001011110101001111110011011110011000111101100 0.9508000016212463
0000011100011111010000100111100110001111011011011110000101010011111 0.9506000280380249
0100100010010011101101000011110111101100111001010000111110110101110 0.9503999948501587
0000111100011111010000100101111101001111110011001110011111010011111 0.9498999714851379
0000111111001001101100001011100110110111011101101100011111111100100 0.9491999745368958
1110011001000111100100000011110101001111110011011110011000110101101 0.9488999843597412
0000111110111111010000100101110111101101011001001100011111010100101 0.9483000040054321
1100100010010011101111101101100100101000110101010000111110110101110 0.9483000040054321
1110011001000111100100000011110111101101011001101100111000100101101 0.9474999904632568
1100100010010011101111101101100100101000110101010000111101100101100 0.9470999836921692
0000111111001001101101011011110110110111011101101100011111100100100 0.9466999769210815
Generation 9
1110010001000110100100011000101010110111011111001110011100100011111 0.9649999737739563
1110010001000110100100011000101010110111011111001110011100100011111 0.9649999737739563
0000111100011111010000100101101101001111011011111110011101010011111 0.9613000154495239
0000111100011111010000100101101101001111011011001110011111010011111 0.9599000215530396
0000111110111111010000100101111101001111110011011110011111010111011 0.9596999883651733
1110010001000110100100011000101010110111110011011110011110110111011 0.9592999815940857
0000111111001000101100010011110111101001011001101100111000110100101 0.9592000246047974
1110010001000110100100011000101010110011011111001110011000100011111 0.9585000276565552
0100100010010011101101000010110111101100111001010000111110110101110 0.9571999907493591
0000111111001001101101011011110110110111011111001110011111111100100 0.9553999900817871
1110010001000110100100011000101010110011011111001110011101100011111 0.9553999900817871
1100100010010011101111101101110101001111110011011110011101110101100 0.9545000195503235
0000111110111111010000100101110111101101011001001100011011010100101 0.954200029373169
1110011000000111100100000111111101011111110001011110011101010101101 0.9531000256538391
0000111111001000101100010011110111101101011001101100111111111100101 0.9523000121116638
0000111110111111010000100100110111101101011001001100011111010100101 0.9521999955177307
0000111100011111010000100101111101001111110011011110011101010011111 0.951200008392334
0000111110101111101100100101111101000011110011011110011111111100100 0.9509000182151794
0000111111001001101101001011110101001111110011011110011000111101100 0.9508000016212463
1110010001000110100100011000101010110011011111001110011111100011110 0.9506999850273132
0000011100011111010000100111100110001111011011011110000101010011111 0.9506000280380249
0100100010010011101101000011110111101100111001010000111110110101110 0.9503999948501587
0000111100011111010000100101111101001111110011001110011111010011111 0.9498999714851379
0000111111001001101100001011100110110111011101101100011111111100100 0.9491999745368958
1110011001000111100100000011110101001111110011011110011000110101101 0.9488999843597412
0000111110111111010000100101110111101101011001001100011111010100101 0.9483000040054321
Generation 10
1110010001000110100100011000101010110111011111001110011100100011111 0.9649999737739563
1110010001000110100100011000101010110111011111001110011100100011111 0.9649999737739563
1110011000000111100100000111111101010111110001011100011011010100101 0.9617999792098999
0000111100011111010000100101101101001111011011111110011101010011111 0.9613000154495239
0000111100011111010000100101101101001111011011001110011111010011111 0.9599000215530396
0000111110111111010000100101111101001111110011011110011111010111011 0.9596999883651733
1110011000000111100100000111111101011111110001011110011001010001111 0.9593999981880188
1110010001000110100100011000101010110111110011011110011110110111011 0.9592999815940857
0000111111001000101100010011110111101001011001101100111000110100101 0.9592000246047974
0000111010111111110000100101110110101101011001001110011110100101101 0.9591000080108643
1110010001000110100100011000101010110011011111001110011000100011111 0.9585000276565552
0100100010010011101101000010110111101100111001010000111110110101110 0.9571999907493591
0000111111001001101100001011110110110111011101101110011001110101101 0.9567999839782715
0000111111001001101101011011110110110111011111001110011111111100100 0.9553999900817871
1110010001000110100100011000101010110011011111001110011101100011111 0.9553999900817871
1100100010010011101111101101110101001111110011011110011101110101100 0.9545000195503235
0000111110111111010000100101110111101101011001001100011011010100101 0.954200029373169
0000111110111111010000100101110111101101011001101110011101010101101 0.9534000158309937
1110011000000111100100000111111101011111110001011110011101010101101 0.9531000256538391
0000111111001000101100010011110111101101011001101100111111111100101 0.9523000121116638
0000111110111111010000100100110111101101011001001100011111010100101 0.9521999955177307
0000111100011111010000100101111101001111110011011110011101010011111 0.951200008392334
0000111110101111101100100101111101000011110011011110011111111100100 0.9509000182151794
0000111111001001101101001011110101001111110011011110011000111101100 0.9508000016212463
1110010001000110100100011000101010110011011111001110011111100011110 0.9506999850273132
0000011100011111010000100111100110001111011011011110000101010011111 0.9506000280380249
Generation 11
1110010001000110100100011000101010110111011111001110011100100011111 0.9649999737739563
1110011000000111100100000111110101010111010001011100011011010100101 0.9682000279426575
1110011000000111100100000111111101001101011001011100111011111100101 0.9667999744415283
1110010001000110100100011000101010110111011111001110011100100011111 0.9649999737739563
1110011000000111100100000111111101010111110001011100011011010100101 0.9617999792098999
0000111100011111010000100101101101001111011011111110011101010011111 0.9613000154495239
0000111111001000101100010011110111110111110001101100011111010100101 0.9613000154495239
0000111111001000101100010111110111101001011001101100111000110100101 0.9609000086784363
0100100010010011101101000011111111101100111001010110011101010101101 0.9599999785423279
0000111100011111010000100101101101001111011011001110011111010011111 0.9599000215530396
0000111110111111010000100101111101001111110011011110011111010111011 0.9596999883651733
1110011000000111100100000111111101011111110001011110011001010001111 0.9593999981880188
1110010001000110100100011000101010110111110011011110011110110111011 0.9592999815940857
0000111111001000101100010011110111101001011001101100111000110100101 0.9592000246047974
0000111010111111110000100101110110101101011001001110011110100101101 0.9591000080108643
1110010001000110100100011000101010110011011111001110011000100011111 0.9585000276565552
0100100010010011101101000010110111101100111001010000111110110101110 0.9571999907493591
0000111111001001101100001011110110110111011101101110011001110101101 0.9567999839782715
0000111111001001101101011011110110110111011111001110011111111100100 0.9553999900817871
1110010001000110100100011000101010110011011111001110011101100011111 0.9553999900817871
0000111111001001101101001010110101101110111001010000111110110101100 0.954800009727478
1100100010010011101111101101110101001111110011011110011101110101100 0.9545000195503235
0000111110111111010000100101110111101101011001001100011011010100101 0.954200029373169
0000111110111111010000100101110111101101011001101110011101010101101 0.9534000158309937
1110011000000111100100000111111101011111110001011110011101010101101 0.9531000256538391
0000111111001000101100010011110111101101011001101100111111111100101 0.9523000121116638
Generation 12
1110011000000111100100000111110101010111010001011100011011010100101 0.9682000279426575
1110011000000111100100000111111101001101011001011100011011110100101 0.9696999788284302
1110011000000111100100000111110101010111010001011100011011010100101 0.9682000279426575
1110011000000111100100000111111101001101011001011100111011111100101 0.9667999744415283
1110010001000110100100011000101010110111011111001110011100100011111 0.9649999737739563
1110010011000110100100011000101010110111010001011100011100010001111 0.9635000228881836
1110011000000111100100000111111101010111110001001110011011010100101 0.963100016117096
1110011000000111100100000111110101010111010001011100111011011100101 0.9620000123977661
1110011000000111100100000111111101010111110001011100011011010100101 0.9617999792098999
0000111100011111010000100101101101001111011011111110011101010011111 0.9613000154495239
0000111111001000101100010011110111110111110001101100011111010100101 0.9613000154495239
0000111111001000101100010111110111101001011001101100111000110100101 0.9609000086784363
0100100010010011101101000011111111101100111001010110011101010101101 0.9599999785423279
0000111100011111010000100101101101001111011011001110011111010011111 0.9599000215530396
0000111110111111010000100101111101001111110011011110011111010111011 0.9596999883651733
1110011000000111100100000111111101011111110001011110011001010001111 0.9593999981880188
1110010001000110100100011000101010110111110011011110011110110111011 0.9592999815940857
0000111111001000101100010011110111101001011001101100111000110100101 0.9592000246047974
0000111010111111110000100101110110101101011001001110011110100101101 0.9591000080108643
1110010001000110100100011000101010110011011111001110011000100011111 0.9585000276565552
1110011000000111100100000111111101011111110001011110011001010001111 0.9577999711036682
0100100010010011101101000010110111101100111001010000111110110101110 0.9571999907493591
0000111111001001101100001011110110110111011101101110011001110101101 0.9567999839782715
0000111111001001101101011011110110110111011111001110011111111100100 0.9553999900817871
1110010001000110100100011000101010110011011111001110011101100011111 0.9553999900817871
0000111111001001101101001010110101101110111001010000111110110101100 0.954800009727478
Generation 13
1110011000000111100100000111111101001101011001011100011011110100101 0.9696999788284302
1110011000000111100100000111111101001101011001011100011011110100101 0.9696999788284302
1110011000000111100100000111110101010111010001011100011011010100101 0.9682000279426575
1110011000000111100100000111111101001101011001011100111011111100101 0.9667999744415283
1110010001000110100100011000101010110111011111001110011100100011111 0.9649999737739563
1110010011000110100100011000101010110111010001011100011100010001111 0.9635000228881836
1110011000000111100100000111111101010111110001001110011011010100101 0.963100016117096
1110011000000111100100000111110101010111010001011100111011011100101 0.9620000123977661
1110011000000111100100000111111101010111110001011100011011010100101 0.9617999792098999
0000111100011111010000100101101101001111011011111110011101010011111 0.9613000154495239
0000111111001000101100010011110111110111110001101100011111010100101 0.9613000154495239
0000111111001000101100010111110111101001011001101100111000110100101 0.9609000086784363
0100100010010011101101000011111111101100111001010110011101010101101 0.9599999785423279
0000111100011111010000100101101101001111011011001110011111010011111 0.9599000215530396
0000111110111111010000100101111101001111110011011110011111010111011 0.9596999883651733
1110011000000111100100000111111101011111110001011110011001010001111 0.9593999981880188
1110010001000110100100011000101010110111110011011110011110110111011 0.9592999815940857
0000111111001000101100010011110111101001011001101100111000110100101 0.9592000246047974
0000111010111111110000100101110110101101011001001110011110100101101 0.9591000080108643
1110010001000110100100011000101010110011011111001110011000100011111 0.9585000276565552
1110011000000111100100000111111101011111110001011110011001010001111 0.9577999711036682
0000110111001000101100010011110111110111110001101110011111010100101 0.9574999809265137
0100100010010011101101000010110111101100111001010000111110110101110 0.9571999907493591
0000111111001001101100001011110110110111011101101110011001110101101 0.9567999839782715
0000111111001001101101011011110110110111011111001110011111111100100 0.9553999900817871
1110010001000110100100011000101010110011011111001110011101100011111 0.9553999900817871
Generation 14
1110011000000111100100000111111101001101011001011100011011110100101 0.9696999788284302
1110011000000111100100000111111101001101011001011100011011110100101 0.9696999788284302
1110011000000111100100000111110101010111010001011100011011010100101 0.9682000279426575
1110011000000111100100000111111101001101011001011100111011111100101 0.9667999744415283
1110010001000110100100011000101010110111011111001110011100100011111 0.9649999737739563
1110010011000110100100011000101010110111010001011100011100010001111 0.9635000228881836
0000111100011111010000100101101101001101011011111110011101010011111 0.9635000228881836
1110011000000111100100000111111101010111110001001110011011010100101 0.963100016117096
1110011000000111100100000111110101010111010001011100111011011100101 0.9620000123977661
1110011000000111100100000111111101010111110001011100011011010100101 0.9617999792098999
0000111100011111010000100101101101001111011011111110011101010011111 0.9613000154495239
0000111111001000101100010011110111110111110001101100011111010100101 0.9613000154495239
0000111111001000101100010111110111101001011001101100111000110100101 0.9609000086784363
0100100010010011101101000011111111101100111001010110011101010101101 0.9599999785423279
0000111100011111010000100101101101001111011011001110011111010011111 0.9599000215530396
0000111110111111010000100101111101001111110011011110011111010111011 0.9596999883651733
1110011000000111100100000111111101011111110001011110011001010001111 0.9593999981880188
1110010001000110100100011000101010110111110011011110011110110111011 0.9592999815940857
0000111111001000101100010011110111101001011001101100111000110100101 0.9592000246047974
0000111010111111110000100101110110101101011001001110011110100101101 0.9591000080108643
0000111100011111010000101101101101001111011011011110011111010011111 0.9585999846458435
1110010001000110100100011000101010110011011111001110011000100011111 0.9585000276565552
1110011000000111100100000111111101011111110001011110011001010001111 0.9577999711036682
0000110111001000101100010011110111110111110001101110011111010100101 0.9574999809265137
0100100010010011101101000011111111000100110001010110011000100111101 0.9573000073432922
0100100010010011101101000010110111101100111001010000111110110101110 0.9571999907493591
Generation 15
1110011000000111100100000111111101001101011001011100011011110100101 0.9696999788284302
1110011000000111100100000111111101001101011001011100011011110100101 0.9696999788284302
1110011000000111100100000111110101010111010001011100011011010100101 0.9682000279426575
1110011000000111100100000111111101001101011001011100111011111100101 0.9667999744415283
1110010001000110100100001000101010110110110011011110011110110111011 0.9661999940872192
0000111100011111010000100101101001001111011011011110011101010011111 0.965499997138977
1110010001000110100100011000101010110111011111001110011100100011111 0.9649999737739563
1110010011000110100100011000101010110111010001011100011100010001111 0.9635000228881836
0000111100011111010000100101101101001101011011111110011101010011111 0.9635000228881836
1110011000000111100100000111111101010111110001001110011011010100101 0.963100016117096
1110011000000111100100000111110101010111010001011100111011011100101 0.9620000123977661
1110011000000111100100000111111101010111110001011100011011010100101 0.9617999792098999
1110010001000110100100011000001010110011011111001110011000100011111 0.9614999890327454
0000111100011111010000100101101101001111011011111110011101010011111 0.9613000154495239
0000111111001000101100010011110111110111110001101100011111010100101 0.9613000154495239
0000111111001000101100010111110111101001011001101100111000110100101 0.9609000086784363
0000111100011111010000100101101101001101011001011100011101010011111 0.9609000086784363
0100100010010011101101000011111111101100111001010110011101010101101 0.9599999785423279
0000111100011111010000100101101101001111011011001110011111010011111 0.9599000215530396
0000111110111111010000100101111101001111110011011110011111010111011 0.9596999883651733
1110011000000111100100011000101010100111011111011100111100111101011 0.9596999883651733
1110011000000111100100000111111101011111110001011110011001010001111 0.9593999981880188
1110010001000110100100011000101010110111110011011110011110110111011 0.9592999815940857
0000111111001000101100010011110111101001011001101100111000110100101 0.9592000246047974
0000111010111111110000100101110110101101011001001110011110100101101 0.9591000080108643
0000111100011111010000101101101101001111011011011110011111010011111 0.9585999846458435
Generation 16
1110011000000111100100000111111101001101011001011100011011110100101 0.9696999788284302
1110011000000111100100000111111101001101011001011100011011110100101 0.9696999788284302
1110011000000111100100000111110101010111010001011100011011010100101 0.9682000279426575
1110011000000111100100000111111101001101011001011100111011111100101 0.9667999744415283
1110010001000110100100001000101010110110110011011110011110110111011 0.9661999940872192
0000111100011111010000100101101001001111011011011110011101010011111 0.965499997138977
1110010011000110100100011000101010110111010001011100011101010001111 0.965499997138977
1110010001000110100100011000101010110111011111001110011100100011111 0.9649999737739563
1110010011000110100100011000101010110111010001011100011100010001111 0.9635000228881836
0000111100011111010000100101101101001101011011111110011101010011111 0.9635000228881836
0000111010111111110000100101010110101101011001001110011110110101101 0.9632999897003174
1110011000000111100100000111111101010111110001001110011011010100101 0.963100016117096
1110011000000111100100000111110101010111010001011100111011011100101 0.9620000123977661
1110011000000111100100000111111101010111110001011100011011010100101 0.9617999792098999
1110010001000110100100011000001010110011011111001110011000100011111 0.9614999890327454
0000111100011111010000100101101101001111011011111110011101010011111 0.9613000154495239
0000111111001000101100010011110111110111110001101100011111010100101 0.9613000154495239
0000111111001000101100010111110111101001011001101100111000110100101 0.9609000086784363
0000111100011111010000100101101101001101011001011100011101010011111 0.9609000086784363
0100100010010011101101000011111111101100111001010110011101010101101 0.9599999785423279
0000111100011111010000100101101101001111011011001110011111010011111 0.9599000215530396
0000111110111111010000100101111101001111110011011110011111010111011 0.9596999883651733
1110011000000111100100011000101010100111011111011100111100111101011 0.9596999883651733
1110011000000111100100000111111101011111110001011110011001010001111 0.9593999981880188
1110010001000110100100011000101010110111110011011110011110110111011 0.9592999815940857
0000111111001000101100010011110111101001011001101100111000110100101 0.9592000246047974
Generation 17
1110011000000111100100000111111101001101011001011100011011110100101 0.9696999788284302
1110011000000111100100000111111101001101011001011100011011110100101 0.9696999788284302
1110011000000111100100000111110101010111010001011100011011010100101 0.9682000279426575
1110011000000111100100000111111101001101011001011100111011111100101 0.9667999744415283
1110010001000110100100001000101010110110110011011110011110110111011 0.9661999940872192
0000111100011111010000100101101001001111011011011110011101010011111 0.965499997138977
1110010011000110100100011000101010110111010001011100011101010001111 0.965499997138977
1110010001000110100100011000101010110111011111001110011100100011111 0.9649999737739563
1110010011000110100100011000101010110111010001011100011100010001111 0.9635000228881836
0000111100011111010000100101101101001101011011111110011101010011111 0.9635000228881836
0000111010111111110000100101010110101101011001001110011110110101101 0.9632999897003174
1110011000000111100100000111111101010111110001001110011011010100101 0.963100016117096
0000111111001000101100010011110111101001011001101100110000110100101 0.9625999927520752
1110011000000111100100000111110101010111010001011100111011011100101 0.9620000123977661
1110011000000111100100000111111101010111110001011100011011010100101 0.9617999792098999
1110010011000110100100011000100010110111010001011110011001000001111 0.9617000222206116
1110010001000110100100011000001010110011011111001110011000100011111 0.9614999890327454
0000111100011111010000100101101101001111011011111110011101010011111 0.9613000154495239
0000111111001000101100010011110111110111110001101100011111010100101 0.9613000154495239
0000111111001000101100010111110111101001011001101100111000110100101 0.9609000086784363
0000111100011111010000100101101101001101011001011100011101010011111 0.9609000086784363
0100100010010011101101000011111111101100111001010110011101010101101 0.9599999785423279
0000111100011111010000100101101101001111011011001110011111010011111 0.9599000215530396
0000111110111111010000100101111101001111110011011110011111010111011 0.9596999883651733
1110011000000111100100011000101010100111011111011100111100111101011 0.9596999883651733
1110011000000111100100000111111101011111110001011110011001010001111 0.9593999981880188
Generation 18
1110011000000111100100000111111101001101011001011100011011110100101 0.9696999788284302
1110011000000111100100000111111101001101011001011100011011110100101 0.9696999788284302
1110011000000111100100000111110101010111010001011100011011010100101 0.9682000279426575
1110011000000111100100000111111101001101011001011100111011111100101 0.9667999744415283
1110010001000110100100001000101010110110110011011110011110110111011 0.9661999940872192
0000111100011111010000100101101001001111011011011110011101010011111 0.965499997138977
1110010011000110100100011000101010110111010001011100011101010001111 0.965499997138977
1110010001000110100100011000101010110111011111001110011100100011111 0.9649999737739563
1110010011000110100100011000101010110111010001011100011100010001111 0.9635000228881836
0000111100011111010000100101101101001101011011111110011101010011111 0.9635000228881836
0000111010111111110000100101010110101101011001001110011110110101101 0.9632999897003174
1110011000000111100100000111111101010111110001001110011011010100101 0.963100016117096
0000111111001000101100010011110111101001011001101100110000110100101 0.9625999927520752
1110011000000111100100000111110101010111010001011100111011011100101 0.9620000123977661
1110011000000111100100000111111101010111110001011100011011010100101 0.9617999792098999
1110010011000110100100011000100010110111010001011110011001000001111 0.9617000222206116
1110010001000110100100011000001010110011011111001110011000100011111 0.9614999890327454
0000111100011111010000100101101101001111011011111110011101010011111 0.9613000154495239
0000111111001000101100010011110111110111110001101100011111010100101 0.9613000154495239
0000111111001000101100010111110111101001011001101100111000110100101 0.9609000086784363
0000111100011111010000100101101101001101011001011100011101010011111 0.9609000086784363
0100100010010011101101000011111111101100111001010110011101010101101 0.9599999785423279
0000111100011111010000100101101101001111011011001110011111010011111 0.9599000215530396
0000111110111111010000100101111101001111110011011110011111010111011 0.9596999883651733
1110011000000111100100011000101010100111011111011100111100111101011 0.9596999883651733
1110011000000111100100000111111101011111110001011110011001010001111 0.9593999981880188
Generation 19
1110011000000111100100000111111101001101011001011100011011110100101 0.9696999788284302
1110011000000111100100000111111101001101011001011100011011110100101 0.9696999788284302
1110011000000111100100000111110101010111010001011100011011010100101 0.9682000279426575
1110011000000111100100000111111101001101011001011100111011111100101 0.9667999744415283
1110010001000110100100001000101010110110110011011110011110110111011 0.9661999940872192
0000111100011111010000100101101001001111011011011110011101010011111 0.965499997138977
1110010011000110100100011000101010110111010001011100011101010001111 0.965499997138977
1110010001000110100100011000101010110111011111001110011100100011111 0.9649999737739563
1100100010010011101001000011111111101100111001010110011100110101101 0.9649999737739563
1110010011000110100100011000101010110111010001011100011100010001111 0.9635000228881836
0000111100011111010000100101101101001101011011111110011101010011111 0.9635000228881836
0000111010111111110000100101010110101101011001001110011110110101101 0.9632999897003174
1110011000000111100100000111111101010111110001001110011011010100101 0.963100016117096
0000111100011111010000100101101101001101011001011100011101000011111 0.9627000093460083
0000111111001000101100010011110111101001011001101100110000110100101 0.9625999927520752
1110011000000111100100000111110101010111010001011100111011011100101 0.9620000123977661
1110011000000111100100000111111101010111110001011100011011010100101 0.9617999792098999
1110010011000110100100011000100010110111010001011110011001000001111 0.9617000222206116
1110010001000110100100011000001010110011011111001110011000100011111 0.9614999890327454
0000111100011111010000100101101101001111011011111110011101010011111 0.9613000154495239
0000111111001000101100010011110111110111110001101100011111010100101 0.9613000154495239
0000111111001000101100010111110111101001011001101100111000110100101 0.9609000086784363
0000111100011111010000100101101101001101011001011100011101010011111 0.9609000086784363
1110010001000110100100011000001010110011011111001110011000100011111 0.960099995136261
0100100010010011101101000011111111101100111001010110011101010101101 0.9599999785423279
0000111100011111010000100101101101001111011011001110011111010011111 0.9599000215530396
Generation 20
1110011000000111100100000111111101001101011001011100011011110100101 0.9696999788284302
1110011000000111100100000111111101001101011001011100011011110100101 0.9696999788284302
1110011000000111100100000111110101010111010001011100011011010100101 0.9682000279426575
1110011000000111100100000111111101001101011001011100111011111100101 0.9667999744415283
1110010001000110100100001000101010110110110011011110011110110111011 0.9661999940872192
1110000001000110100100001000101101001101011011011110011110110111011 0.9661999940872192
1100100010010011111001000001111111100100101001010110011000110111101 0.9661999940872192
0000111100011111010000100101101001001111011011011110011101010011111 0.965499997138977
1110010011000110100100011000101010110111010001011100011101010001111 0.965499997138977
1110010001000110100100011000101010110111011111001110011100100011111 0.9649999737739563
1100100010010011101001000011111111101100111001010110011100110101101 0.9649999737739563
0000111100011111010000100101101101001111011011111110011101010011111 0.9642000198364258
0000111100011011010000100101101101001111011011001110011111010011111 0.9639999866485596
1110010011000110100100011000101010110111010001011100011100010001111 0.9635000228881836
0000111100011111010000100101101101001101011011111110011101010011111 0.9635000228881836
0000111010111111110000100101010110101101011001001110011110110101101 0.9632999897003174
0000111100011111010100100101101101001111011011111110011101010011111 0.9631999731063843
1110011000000111100100000111111101010111110001001110011011010100101 0.963100016117096
1110010001000100100100011000101010110110110011011110011100100011111 0.963100016117096
0000111100011111010000100101101101001101011001011100011101000011111 0.9627000093460083
0000111111001000101100010011110111101001011001101100110000110100101 0.9625999927520752
1110011000000111100100000111110101010111010001011100111011011100101 0.9620000123977661
1110011000000111100100000111111101010111110001011100011011010100101 0.9617999792098999
1110010011000110100100011000100010110111010001011110011001000001111 0.9617000222206116
1110010001000110100100011000001010110011011111001110011000100011111 0.9614999890327454
0000111100011111010000100101101101001111011011111110011101010011111 0.9613000154495239
Generation 21
1110011000000111100100000111111101001101011001011100011011110100101 0.9696999788284302
1110011000000111100100000111111101001101011001011100011011110100101 0.9696999788284302
1110011000000111100100000111110101010111010001011100011011010100101 0.9682000279426575
1110011000000111100100000111111101001101011001011100111011111100101 0.9667999744415283
1110010001000110100100001000101010110110110011011110011110110111011 0.9661999940872192
1110000001000110100100001000101101001101011011011110011110110111011 0.9661999940872192
1100100010010011111001000001111111100100101001010110011000110111101 0.9661999940872192
0000111100011111010000100101101001001111011011011110011101010011111 0.965499997138977
1110010011000110100100011000101010110111010001011100011101010001111 0.965499997138977
1110010001000110100100011000101010110111011111001110011100100011111 0.9649999737739563
1100100010010011101001000011111111101100111001010110011100110101101 0.9649999737739563
0000111100011111010000100101101101001111011001011100011101010011111 0.964900016784668
0000111100011111000001100101101001001111011011011110011101000011111 0.9646999835968018
0000111100011111010000100101101101001111011011111110011101010011111 0.9642000198364258
0000111100011011010000100101101101001111011011001110011111010011111 0.9639999866485596
1110010011000110100100011000101010110111010001011100011100010001111 0.9635000228881836
0000111100011111010000100101101101001101011011111110011101010011111 0.9635000228881836
0000111010111111110000100101010110101101011001001110011110110101101 0.9632999897003174
0000111100011111010100100101101101001111011011111110011101010011111 0.9631999731063843
1110011000000111100100000111111101010111110001001110011011010100101 0.963100016117096
1110010001000100100100011000101010110110110011011110011100100011111 0.963100016117096
0000111100011111010000100101101101001101011001011100011101000011111 0.9627000093460083
0000111111001000101100010011110111101001011001101100110000110100101 0.9625999927520752
1110011000000111100100000111110101010111010001011100111011011100101 0.9620000123977661
1110011000000111100100000111111101010111110001011100011011010100101 0.9617999792098999
1110010011000110100100011000100010110111010001011110011001000001111 0.9617000222206116
Generation 22
1110011000000111100100000111111101001101011001011100011011110100101 0.9696999788284302
1110011000000111100100000111111101001101011001011100011011110100101 0.9696999788284302
1110011000000111100100000111110101010111010001011100011011010100101 0.9682000279426575
1110011000000111100100000111111101001101011001011100111011111100101 0.9667999744415283
1110010001000110100100001000101010110110110011011110011110110111011 0.9661999940872192
1110000001000110100100001000101101001101011011011110011110110111011 0.9661999940872192
1100100010010011111001000001111111100100101001010110011000110111101 0.9661999940872192
0000111111001000101100010011101111001111011001101100110101010011111 0.9656000137329102
0000111100011111010000100101101001001111011011011110011101010011111 0.965499997138977
1110010011000110100100011000101010110111010001011100011101010001111 0.965499997138977
0000111110010011101001000011111101101100111001010110011101000101101 0.965399980545044
1110010001000110100100011000101010110111011111001110011100100011111 0.9649999737739563
1100100010010011101001000011111111101100111001010110011100110101101 0.9649999737739563
1110010001000100101100011000101011110111011011011110011101000011111 0.9649999737739563
0000111100011111010000100101101101001111011001011100011101010011111 0.964900016784668
0000111100011111000001100101101001001111011011011110011101000011111 0.9646999835968018
0000111100011111010000100101101101001111011011111110011101010011111 0.9642000198364258
0000111100011011010000100101101101001111011011001110011111010011111 0.9639999866485596
1110010011000110100100011000101010110111010001011100011100010001111 0.9635000228881836
0000111100011111010000100101101101001101011011111110011101010011111 0.9635000228881836
0000111010111111110000100101010110101101011001001110011110110101101 0.9632999897003174
0000111100011111010100100101101101001111011011111110011101010011111 0.9631999731063843
1110011000000111100100000111111101010111110001001110011011010100101 0.963100016117096
1110010001000100100100011000101010110110110011011110011100100011111 0.963100016117096
0000111100011111010000100101101101001101011001011100011101000011111 0.9627000093460083
0000111111001000101100010011110111101001011001101100110000110100101 0.9625999927520752
Generation 23
1110011000000111100100000111111101001101011001011100011011110100101 0.9696999788284302
1110011000000111100100000111111101001101011001011100011011110100101 0.9696999788284302
1110011000000111100100000111110101010111010001011100011011010100101 0.9682000279426575
1110011000000111100100000111111101001101011001011100111011111100101 0.9667999744415283
0000110111001000101100010011101111001111011001101100110101010011111 0.96670001745224
1110010001000110100100001000101010110110110011011110011110110111011 0.9661999940872192
1110000001000110100100001000101101001101011011011110011110110111011 0.9661999940872192
1100100010010011111001000001111111100100101001010110011000110111101 0.9661999940872192
0000111111001000101100010011101111001111011001101100110101010011111 0.9656000137329102
0000111100011111010000100101101001001111011011011110011101010011111 0.965499997138977
1110010011000110100100011000101010110111010001011100011101010001111 0.965499997138977
0000111110010011101001000011111101101100111001010110011101000101101 0.965399980545044
1110010001000110100100011000101010110111011111001110011100100011111 0.9649999737739563
1100100010010011101001000011111111101100111001010110011100110101101 0.9649999737739563
1110010001000100101100011000101011110111011011011110011101000011111 0.9649999737739563
0000111100011111010000100101101101001111011001011100011101010011111 0.964900016784668
0000111100011111000001100101101001001111011011011110011101000011111 0.9646999835968018
0000111100011111010000100101101101001111011011111110011101010011111 0.9642000198364258
0000111100011011010000100101101101001111011011001110011111010011111 0.9639999866485596
1110011000000111100100000111111101010111110001001110011011010101101 0.9635999798774719
1110010011000110100100011000101010110111010001011100011100010001111 0.9635000228881836
0000111100011111010000100101101101001101011011111110011101010011111 0.9635000228881836
0000111010111111110000100101010110101101011001001110011110110101101 0.9632999897003174
1110010001000110100100001000101010110110110011011100011101010101011 0.9632999897003174
0000111100011111010100100101101101001111011011111110011101010011111 0.9631999731063843
1110011000000111100100000111111101010111110001001110011011010100101 0.963100016117096
Generation 24
1110011000000111100100000111111101001101011001011100011011110100101 0.9696999788284302
1110011000000111100100000111111101001101011001011100011011110100101 0.9696999788284302
1110011000000111100100000111110101010111010001011100011011010100101 0.9682000279426575
0000110111001000110000100101101101001111011001011100010101010011111 0.9681000113487244
1110011000000111100100000111111101001101011001011100111011111100101 0.9667999744415283
0000110111001000101100010011101111001111011001101100110101010011111 0.96670001745224
0000110100011100101100010011101111001111011001011100011101010011111 0.96670001745224
1110010001000110100100001000101010110110110011011110011110110111011 0.9661999940872192
1110000001000110100100001000101101001101011011011110011110110111011 0.9661999940872192
1100100010010011111001000001111111100100101001010110011000110111101 0.9661999940872192
0000111111001000101100010011101111001111011001101100110101010011111 0.9656000137329102
0000111100011111010000100101101001001111011011011110011101010011111 0.965499997138977
1110010011000110100100011000101010110111010001011100011101010001111 0.965499997138977
0000111110010011101001000011111101101100111001010110011101000101101 0.965399980545044
0000110011001000101100010011101111001111011001101100110101010011111 0.9650999903678894
1110010001000110100100011000101010110111011111001110011100100011111 0.9649999737739563
1100100010010011101001000011111111101100111001010110011100110101101 0.9649999737739563
1110010001000100101100011000101011110111011011011110011101000011111 0.9649999737739563
0000111100011111010000100101101101001111011001011100011101010011111 0.964900016784668
0000111100011111000001100101101001001111011011011110011101000011111 0.9646999835968018
0000111100011111001100010011101111001111011001101100111101010011111 0.9645000100135803
0000111100011111010000100101101101001111011011111110011101010011111 0.9642000198364258
0000111100011011010000100101101101001111011011001110011111010011111 0.9639999866485596
1110011000000111100100000111111101010111110001001110011011010101101 0.9635999798774719
1110010011000110100100011000101010110111010001011100011100010001111 0.9635000228881836
0000111100011111010000100101101101001101011011111110011101010011111 0.9635000228881836
Generation 25
1110011000000111100100000111111101001101011001011100011011110100101 0.9696999788284302
1110011000000111100100000111111101001101011001011100011011110100101 0.9696999788284302
1110011000000111100100000111110101010111010001011100011011010100101 0.9682000279426575
0000110111001000110000100101101101001111011001011100010101010011111 0.9681000113487244
1110011000000111100100000111111101001101011001011100111011111100101 0.9667999744415283
0000110111001000101100010011101111001111011001101100110101010011111 0.96670001745224
0000110100011100101100010011101111001111011001011100011101010011111 0.96670001745224
1110010011000110100100001000101010110111010001011101011100010011111 0.9666000008583069
1110010001000110100100001000101010110110110011011110011110110111011 0.9661999940872192
1110000001000110100100001000101101001101011011011110011110110111011 0.9661999940872192
1100100010010011111001000001111111100100101001010110011000110111101 0.9661999940872192
1110010001000110100100011000101010110011011111001111011100100011111 0.9660999774932861
0000111111001000101100010011101111001111011001101100110101010011111 0.9656000137329102
0000111100011111010000100101101001001111011011011110011101010011111 0.965499997138977
1110010011000110100100011000101010110111010001011100011101010001111 0.965499997138977
0000111110010011101001000011111101101100111001010110011101000101101 0.965399980545044
0000110011001000101100010011101111001111011001101100110101010011111 0.9650999903678894
1110010001000110100100011000101010110111011111001110011100100011111 0.9649999737739563
1100100010010011101001000011111111101100111001010110011100110101101 0.9649999737739563
1110010001000100101100011000101011110111011011011110011101000011111 0.9649999737739563
1110010001000100101100011000101011110111011011011110011101010011111 0.9649999737739563
0000111100011111010000100101101101001111011001011100011101010011111 0.964900016784668
0000111100011111000001100101101001001111011011011110011101000011111 0.9646999835968018
0000111100011111001100010011101111001111011001101100111101010011111 0.9645000100135803
0000111100011111010000000101101101001111011011111110011100100011111 0.9643999934196472
0000111100011111010100011000101010001111011011011010011100100011111 0.9643999934196472
Generation 26
1110011000000111100100000111111101001101011001011100011011110100101 0.9696999788284302
1110011000000111100100000111111101001101011001011100011011110100101 0.9696999788284302
1110011000000111100100000111110101010111010001011100011011010100101 0.9682000279426575
0000110111001000110000100101101101001111011001011100010101010011111 0.9681000113487244
1110011000000111100100000111111101001101011001011100111011111100101 0.9667999744415283
0000110111001000101100010011101111001111011001101100110101010011111 0.96670001745224
0000110100011100101100010011101111001111011001011100011101010011111 0.96670001745224
1110010011000110100100001000101010110111010001011101011100010011111 0.9666000008583069
1110010001000110100100001000101010110110110011011110011110110111011 0.9661999940872192
1110000001000110100100001000101101001101011011011110011110110111011 0.9661999940872192
1100100010010011111001000001111111100100101001010110011000110111101 0.9661999940872192
1110010001000110100100011000101010110011011111001111011100100011111 0.9660999774932861
0000111111001000101100010011101111001111011001101100110101010011111 0.9656000137329102
0000111100011111010000100101101001001111011011011110011101010011111 0.965499997138977
1110010011000110100100011000101010110111010001011100011101010001111 0.965499997138977
0000111110010011101001000011111101101100111001010110011101000101101 0.965399980545044
0000110011001000101100010011101111001111011001101100110101010011111 0.9650999903678894
1110010001000110100100011000101010110111011111001110011100100011111 0.9649999737739563
1100100010010011101001000011111111101100111001010110011100110101101 0.9649999737739563
1110010001000100101100011000101011110111011011011110011101000011111 0.9649999737739563
1110010001000100101100011000101011110111011011011110011101010011111 0.9649999737739563
0000111100011111010000100101101101001111011001011100011101010011111 0.964900016784668
0000111100011111000001100101101001001111011011011110011101000011111 0.9646999835968018
0000111100011111001100010011101111001111011001101100111101010011111 0.9645000100135803
0000111100011111001100100101101001001111111001101100111101010011111 0.9645000100135803
0000111100011111010000000101101101001111011011111110011100100011111 0.9643999934196472
Generation 27
1110011000000111100100000111111101001101011001011100011011110100101 0.9696999788284302
1110011001000111100100000111110101010111010001011100011011010100101 0.9697999954223633
1110011000000111100100000111111101001101011001011100011011110100101 0.9696999788284302
0000111100011111010000000100101011110111011011111110011100100011111 0.9692000150680542
1110010011000110100100001000101010110111010001011101011100100011111 0.9688000082969666
1110011000000111100100000111110101010111010001011100011011010100101 0.9682000279426575
0000110111001000110000100101101101001111011001011100010101010011111 0.9681000113487244
1110011000000111100100000111111101001101011001011100111011111100101 0.9667999744415283
0000110111001000101100010011101111001111011001101100110101010011111 0.96670001745224
0000110100011100101100010011101111001111011001011100011101010011111 0.96670001745224
1110010011000110100100001000101010110111010001011101011100010011111 0.9666000008583069
1110010001000110100100001000101010110110110011011110011110110111011 0.9661999940872192
1110000001000110100100001000101101001101011011011110011110110111011 0.9661999940872192
1100100010010011111001000001111111100100101001010110011000110111101 0.9661999940872192
1110010001000110100100011000101010110011011111001111011100100011111 0.9660999774932861
0000111111001000101100010011101111001111011001101100110101010011111 0.9656000137329102
0000111100011111010000100101101001001111011011011110011101010011111 0.965499997138977
1110010011000110100100011000101010110111010001011100011101010001111 0.965499997138977
0000111110010011101001000011111101101100111001010110011101000101101 0.965399980545044
0000110011001000101100010011101111001111011001101100110101010011111 0.9650999903678894
1110010001000110100100011000101010110111011111001110011100100011111 0.9649999737739563
1100100010010011101001000011111111101100111001010110011100110101101 0.9649999737739563
1110010001000100101100011000101011110111011011011110011101000011111 0.9649999737739563
1110010001000100101100011000101011110111011011011110011101010011111 0.9649999737739563
0000111100011111010000100101101101001111011001011100011101010011111 0.964900016784668
0000111100011111000001100101101001001111011011011110011101000011111 0.9646999835968018
Generation 28
1110011001000111100100000111110101010111010001011100011011010100101 0.9697999954223633
1110011001000111100100000111110101010111010001011100011011010100101 0.9697999954223633
1110011000000111100100000111111101001101011001011100011011110100101 0.9696999788284302
0000111100011111010000000100101011110111011011111110011100100011111 0.9692000150680542
1110010011000110100100001000101010110111010001011101011100100011111 0.9688000082969666
1110011000000111100100000111110101010111010001011100011011010100101 0.9682000279426575
0000110111001000110000100101101101001111011001011100010101010011111 0.9681000113487244
1110010001000110100100001000101010110110110011011110011101010011111 0.9679999947547913
0000111100011111010000000100101011110111001001010110011100110011111 0.9674999713897705
1110011000000111100100000111111101001101011001011100111011111100101 0.9667999744415283
0000110111001000101100010011101111001111011001101100110101010011111 0.96670001745224
0000110100011100101100010011101111001111011001011100011101010011111 0.96670001745224
1110010011000110100100001000101010110111010001011101011100010011111 0.9666000008583069
1110010001000110100100001000101010110110110011011110011110110111011 0.9661999940872192
1110000001000110100100001000101101001101011011011110011110110111011 0.9661999940872192
1100100010010011111001000001111111100100101001010110011000110111101 0.9661999940872192
1110010001000110100100011000101010110011011111001111011100100011111 0.9660999774932861
1110010001000100101100011000101011110111011011111110011100100011111 0.9659000039100647
0000111111001000101100010011101111001111011001101100110101010011111 0.9656000137329102
0000111100011111010000100101101001001111011011011110011101010011111 0.965499997138977
1110010011000110100100011000101010110111010001011100011101010001111 0.965499997138977
0000111110010011101001000011111101101100111001010110011101000101101 0.965399980545044
0000110011001000101100010011101111001111011001101100110101010011111 0.9650999903678894
1110010001000110100100011000101010110111011111001110011100100011111 0.9649999737739563
1100100010010011101001000011111111101100111001010110011100110101101 0.9649999737739563
1110010001000100101100011000101011110111011011011110011101000011111 0.9649999737739563
Generation 29
1110011001000111100100000111110101010111010001011100011011010100101 0.9697999954223633
0000111100011111010000000101101001001111011011111110011100100011111 0.9710999727249146
1110010011000110100100001000101010110111010001011101011100010011111 0.9702000021934509
1110011001000111100100000111110101010111010001011100011011010100101 0.9697999954223633
1110011000000111100100000111111101001101011001011100011011110100101 0.9696999788284302
0000111100011111010000000100101011110111011011111110011100100011111 0.9692000150680542
0000111100011111010000000100101011110111011011111110011100100011111 0.968999981880188
1110010011000110100100001000101010110111010001011101011100100011111 0.9688000082969666
1110011000000111100100000111110101010111010001011100011011010100101 0.9682000279426575
0000110111001000110000100101101101001111011001011100010101010011111 0.9681000113487244
1110010001000110100100001000101010110110110011011110011101010011111 0.9679999947547913
1110010011000110100100001001101101010111010001011100011001010100101 0.9678000211715698
0000111100011111010000000100101011110111001001010110011100110011111 0.9674999713897705
1110011000000111100100000111111101001101011001011100111011111100101 0.9667999744415283
0000110111001000101100010011101111001111011001101100110101010011111 0.96670001745224
0000110100011100101100010011101111001111011001011100011101010011111 0.96670001745224
1110010011000110100100001000101010110111010001011101011100010011111 0.9666000008583069
0000111100011111010000100100101011110111011011011110011101010011111 0.9664000272750854
0000111100011111010000000100101011110111001001010111011100110011111 0.9664000272750854
1110010001000110100100001000101010110110110011011110011110110111011 0.9661999940872192
1110000001000110100100001000101101001101011011011110011110110111011 0.9661999940872192
1100100010010011111001000001111111100100101001010110011000110111101 0.9661999940872192
1110010001000110100100011000101010110011011111001111011100100011111 0.9660999774932861
1110010001000100101100011000101011110111011011111110011100100011111 0.9659000039100647
0000111111001000101100010011101111001111011001101100110101010011111 0.9656000137329102
0000111100011111010000100101101001001111011011011110011101010011111 0.965499997138977
Generation 30
0000111100011111010000000101101001001111011011111110011100100011111 0.9710999727249146
0000111100011111010000000101101001001111011011111110011100100011111 0.9710999727249146
1110010011000110100100001000101010110111010001011101011100010011111 0.9702000021934509
1110011001000111100100000111110101010111010001011100011011010100101 0.9697999954223633
1110011000000111100100000111111101001101011001011100011011110100101 0.9696999788284302
0000111100011111010000000100101011110111011011111110011100100011111 0.9692000150680542
0000111100011111010000000100101011110111011011111110011100100011111 0.968999981880188
1110010011000110100100001000101010110111010001011101011100100011111 0.9688000082969666
1110011000000111100100000111110101010111010001011100011011010100101 0.9682000279426575
0000110111001000110000100101101101001111011001011100010101010011111 0.9681000113487244
1110010001000110100100001000101010110110110011011110011101010011111 0.9679999947547913
1110010011000110100100001001101101010111010001011100011001010100101 0.9678000211715698
0000111100011111010000000100101011110111001001010110011100110011111 0.9674999713897705
0000111100011111010000000101101011110111011011111110011100100011111 0.9671000242233276
1110011000000111100100000111111101001101011001011100111011111100101 0.9667999744415283
0000110111001000101100010011101111001111011001101100110101010011111 0.96670001745224
0000110100011100101100010011101111001111011001011100011101010011111 0.96670001745224
1110010011000110100100001000101010110111010001011101011100010011111 0.9666000008583069
0000111100011111010000100100101011110111011011011110011101010011111 0.9664000272750854
0000111100011111010000000100101011110111001001010111011100110011111 0.9664000272750854
1110010001000110100100001000101010110110110011011110011110110111011 0.9661999940872192
1110000001000110100100001000101101001101011011011110011110110111011 0.9661999940872192
1100100010010011111001000001111111100100101001010110011000110111101 0.9661999940872192
1110010001000110100100011000101010110011011111001111011100100011111 0.9660999774932861
1110010001000100101100011000101011110111011011111110011100100011111 0.9659000039100647
0000111111001000101100010011101111001111011001101100110101010011111 0.9656000137329102
[0.9330999851226807, 0.9395999908447266, 0.9592999815940857, 0.9649999737739563, 0.9649999737739563, 0.9649999737739563, 0.9649999737739563, 0.9649999737739563, 0.9649999737739563, 0.9649999737739563, 0.9682000279426575, 0.9696999788284302, 0.9696999788284302, 0.9696999788284302, 0.9696999788284302, 0.9696999788284302, 0.9696999788284302, 0.9696999788284302, 0.9696999788284302, 0.9696999788284302, 0.9696999788284302, 0.9696999788284302, 0.9696999788284302, 0.9696999788284302, 0.9696999788284302, 0.9696999788284302, 0.9697999954223633, 0.9697999954223633, 0.9710999727249146, 0.9710999727249146]
[0, 0, 0, 0, 1, 1, 1, 1, 0, 0, 0, 1, 1, 1, 1, 1, 0, 1, 0, 0, 0, 0, 0, 0, 0, 1, 0, 1, 1, 0, 1, 0, 0, 1, 0, 0, 1, 1, 1, 1, 0, 1, 1, 0, 1, 1, 1, 1, 1, 1, 1, 0, 0, 1, 1, 1, 0, 0, 1, 0, 0, 0, 1, 1, 1, 1, 1] 0.9710999727249146 0.8168366958076756