Downloading data from https://storage.googleapis.com/tensorflow/tf-keras-datasets/mnist.npz
11493376/11490434 [==============================] - 0s 0us/step
11501568/11490434 [==============================] - 0s 0us/step
Generation 1
0000101001111000010001110110100000010101010100100000010111000101001 0.40560001134872437
0000101010111110111100001100000111111000001100000110101110011110100 0.07769999653100967
1000000010111100110010010000011111100111001111111101111001100101010 0.49720001220703125
0000110000010111100011011101011110010110011011111000100110001110111 0.4814999997615814
0000100100001110010110010000010100111111100010001011111001010100000 0.12530000507831573
0001001100011011000001010011110000011101111110001111000111111010001 0.07699999958276749
0000111010000101001001001101111010011100011000101010110101011110100 0.13210000097751617
0000100110110111100010101111001111110100100100101110001000010100101 0.9480999708175659
1100010010100100001100101101011010001110111011011000000110000110101 0.12030000239610672
1100010111101001111100100101010000100110000010110000110110110101010 0.8759999871253967
0000110000101101110100101000001010111000101111010000000100101000010 0.14569999277591705
1100010001000011010111110000010110111010010111110010101001111110010 0.07779999822378159
1100010000100111001100001011110001010111001110010010001110100001100 0.21459999680519104
1000001000000111001011101101100100000011010111111100010000110001011 0.15389999747276306
1100010001011011111011010101110111111110001110110100011010100111111 0.10100000351667404
1010100000000100000000100110011110110110100000011001001011010110100 0.0957999974489212
0101010000010011000111010011100110101011110011011101110101101100010 0.31610000133514404
1101001101001011101010110011001111010000011111000100000001111010011 0.15230000019073486
0000110100011100011011111101101111011100111000100010110011110010101 0.5507000088691711
1100111010100111010000111111010011010000001111011100110001110101001 0.7983999848365784
1100010101010100110010000010001110111001011010000100101110101110011 0.12970000505447388
1110100010000100010110001000000010011000001100111111001110111101001 0.5914000272750854
1101010001011001101100001101000001011111000101110001111001101000100 0.271699994802475
0000110100101110001011011100001000001110100001000101110010110101101 0.9340999722480774
1100010100101001100010110110011001101011000111111100011011101100011 0.910099983215332
[0.9480999708175659]
[0, 0, 0, 0, 1, 0, 0, 1, 1, 0, 1, 1, 0, 1, 1, 1, 1, 0, 0, 0, 1, 0, 1, 0, 1, 1, 1, 1, 0, 0, 1, 1, 1, 1, 1, 1, 0, 1, 0, 0, 1, 0, 0, 1, 0, 0, 1, 0, 1, 1, 1, 0, 0, 0, 1, 0, 0, 0, 0, 1, 0, 1, 0, 0, 1, 0, 1] 0.9480999708175659 0.8762742154525988
Generation 2
0000100110110111100010101111001111110100100100101110001000010100101 0.9480999708175659
0000110110101110010001011100001000001110100001000101110010110101101 0.9556999802589417
0000100110110111100010101111001111110100100100101110001000010100101 0.9480999708175659
0000110100101110001011011100001000011110100001101110000010110101101 0.9467999935150146
1100010111101001110100100100010000100110000010110000110110110011111 0.9459999799728394
1100010100101001100010110110011001101011000111111101111001100101011 0.9408000111579895
1000110100101110001011011100001100001111001111111101111001100101110 0.9399999976158142
0000110100101110001011011100001000001110100001000101110010110101101 0.9340999722480774
1101010001011001101100001101000001011111000011011101110101101100110 0.9265000224113464
1100010100101001100010110110011001101011000111111100011011101100011 0.910099983215332
1100010000101001100010110110011010001110100111111100011011101100101 0.9035000205039978
1100010111101001111100100101010000100110000010110000110110110101010 0.8759999871253967
0101010000010011000111010011100110101110111011011101110101101100101 0.8607000112533569
0000100110110111100010101111001111110100100100000101110000010100101 0.8468999862670898
1101010001011001101100001101000010011000001100111111001110111101100 0.839900016784668
1100111010100111010000111111010011010000001111011100110001110101001 0.7983999848365784
1110100010000100010110001000000010011000001100111111001110111101001 0.5914000272750854
0000100110110101111100100111010000100100100100101110001000110101111 0.5519999861717224
0000110100011100011011111101101111011100111000100010110011110010101 0.5507000088691711
1000000010111100110010010000011111100111001111111101111001100101010 0.49720001220703125
1000000010111100110010000000011111100101001111111100011011101100010 0.48660001158714294
0000110000010111100011011101011110010110011011111000100110001110111 0.4814999997615814
0000101001111000010001110110100000010101010100100000010111000101001 0.40560001134872437
0000101001111000001011110110100000010101010100100000010111000101001 0.3176000118255615
0101010000010011000111010011100110101011110011011101110101101100010 0.31610000133514404
1101010001011001101100001101000001011111000101110001111001101000100 0.271699994802475
Generation 3
0000110110101110010001011100001000001110100001000101110010110101101 0.9556999802589417
0000110100101110001011011100001000001110100001000101000010010101101 0.9581000208854675
0000110110101110010001011100001000001110100001000101110010110101101 0.9556999802589417
0000100110110111100010101111001111110100100100101110001000010100101 0.9480999708175659
0000110100101110001011011100001000011110100001101110000010110101101 0.9467999935150146
1100010111101001110100100100010000100110000010110000110110110011111 0.9459999799728394
1100010100101001100010110110011001101011100111111101111011111101011 0.942300021648407
1100010100101001100010110110011001101011000111111101111001100101011 0.9408000111579895
1100010100101001100010110110011001101011000011011101011011101100110 0.9406999945640564
1000110100101110001011011100001100001111001111111101110010110101101 0.9402999877929688
0000110110101110010001011100001000101110100001000101111001100101110 0.9401999711990356
1100010001011001101100001110011001100011000111111101111001100100110 0.9401000142097473
1000110100101110001011011100001100001111001111111101111001100101110 0.9399999976158142
1100010111101001110100100100010000100110000100110000110110111101100 0.9348999857902527
0000110100101110001011011100001000001110100001000101110010110101101 0.9340999722480774
1101010001001001101100011100001000001110100001000101110101100100110 0.9334999918937683
1101010001011001101100001101000001011111000011011101110101101100110 0.9265000224113464
0000110100101110001011011100001000011110100001101110110010110101101 0.9254999756813049
0000110110101110010001001101001001011111000011011101110010111101101 0.9172999858856201
1101010001011001101100000101010000100110000000110110110110111101100 0.916100025177002
1100010100101001100010110110011001101011000111111100011011101100011 0.910099983215332
0000110110111110110100100100010000100110000010110000110110110101101 0.9099000096321106
1100010000101001100010110110011010001110100111111100011011101100101 0.9035000205039978
1100010111101001010001011100001000001110100001000101110010110011111 0.8960000276565552
1100110100001110000011011100001000011110100001101110000010100100001 0.8924000263214111
1100010111101001111000100101000010011000001100111101001110110101010 0.8797000050544739
Generation 4
0000110100101110001011011100001000001110100001000101000010010101101 0.9581000208854675
0000110100101110001011011100001000001110100001000101000010010101101 0.9581000208854675
0000110110101110010001011100001000001110100001000101110010110101101 0.9556999802589417
0000100110110111100010101111001111110100100100101110001000010100101 0.9519000053405762
0000100110110111100010101111001111110100100100101110001000010100101 0.9480999708175659
0000110100101110001011011100001000011110100001101110000010110101101 0.9467999935150146
1100010111101001110100100100010000100110000010110000110110110011111 0.9459999799728394
1100010100101001100010110110011001101011100111111101111011111101011 0.942300021648407
0000100110110111101000001011001111110111100100101110001000001100110 0.942300021648407
1101010001001001101100011110001000001110100001000101110101101100110 0.9412000179290771
1100010100101001100010110110011001101011000111111101111001100101011 0.9408000111579895
1100010100101001100010110110011001101011000011011101011011101100110 0.9406999945640564
1000110100101110001011011100001100001111001111111101110010110101101 0.9402999877929688
0000110110101110010001011100001000101110100001000101111001100101110 0.9401999711990356
1100010001011001101100001110011001100011000111111101111001100100110 0.9401000142097473
1000110100101110001011011100001100001111001111111101111001100101110 0.9399999976158142
1101010001011001101100001101000001011111000011011101110101100100110 0.9368000030517578
1100010001011001101100001110011001100011000111110101111001101100110 0.9365000128746033
1100010111101001110100100100010000100110000100110000110110111101100 0.9348999857902527
0000110100101110001011011100001000001110100001000101110010110101101 0.9340999722480774
1101010001011001101100001101000001011111000011011101110101101100110 0.9340000152587891
0000100110110111100010101111001111110100100100101110001000010100101 0.9337999820709229
1101010001001001101100011100001000001110100001000101110101100100110 0.9334999918937683
1101010001011001101100001110011001100011000011011101110101100100110 0.9308000206947327
1101010001011001101100001101000001011111000011011101110101101100110 0.9265000224113464
0000110100101110001011011100001000011110100001101110110010110101101 0.9254999756813049
Generation 5
0000110100101110001011011100001000001110100001000101000010010101101 0.9581000208854675
0000110100101110001011011100001000001110100001000101001001000100110 0.9595999717712402
0000110100101110001011011100001000001110100001000101000010010101101 0.9581000208854675
0000110110101110010001011100001000001110100001000101110010110101101 0.9556999802589417
0000100110110111100010101111001111110100100100101110001000010100101 0.9519000053405762
1101010001001001101101011110001000001110100111111101111011111101011 0.9498000144958496
0000100110110111100010101111001111110100100100101110001000010100101 0.9480999708175659
0000110100101110001011011100001000011110100001101110000010110101101 0.9467999935150146
1100010001011001101101001110011000101110000111110101111000111100110 0.9467999935150146
1100010111101001110100100100010000100110000010110000110110110011111 0.9459999799728394
1000110100101110001011011110011001100011001111111101111001100100110 0.9430999755859375
1100010100101001100010110110011001101011100111111101111011111101011 0.942300021648407
0000100110110111101000001011001111110111100100101110001000001100110 0.942300021648407
1101010001001001101100011110001000001110100001000101110101101100110 0.9412000179290771
1100010100101001100010110110011001101011000111111101111001100101011 0.9408000111579895
1100010100101001100010110110011001101011000011011101011011101100110 0.9406999945640564
1000110100101110001011011100001100001111001111111101110010110101101 0.9402999877929688
0000110110101110010001011100001000101110100001000101111001100101110 0.9401999711990356
1100010001011001101100001110011001100011000111111101111001100100110 0.9401000142097473
1000110100101110001011011100001100001111001111111101111001100101110 0.9399999976158142
1101010001011001101100101110011001100011000111111101111001100011111 0.9370999932289124
1100010111101001110100100100010000100110000100110000110110111101100 0.9370999932289124
1101010001011001101100001101000001011111000011011101110101100100110 0.9368000030517578
1100010001011001101100001110011001100011000111110101111001101100110 0.9365000128746033
1100010111101001110100100100010000100110000100110000110110111101100 0.9348999857902527
1100010001011001101100001110011001100011000111110101111001101100110 0.9345999956130981
Generation 6
0000110100101110001011011100001000001110100001000101001001000100110 0.9595999717712402
0000110100101110001011011100001000001110100001000101001001000100110 0.9595999717712402
0000110100101110001011011100001000001110100001000101000010010101101 0.9581000208854675
0000110110101110010001011100001000001110100001000101110010110101101 0.9556999802589417
0000100110110111100010101111001111110100100100101110001000010100101 0.9519000053405762
1101010001001001101101011110001000001110100001000101110101101101110 0.9505000114440918
1101010001001001101101011110001000001110100111111101111011111101011 0.9498000144958496
0000100110110111100010101111001111110100100100101110001000010100101 0.9480999708175659
0000110100101110001011011100001000011110100001101110000010110101101 0.9467999935150146
1100010001011001101101001110011000101110000111110101111000111100110 0.9467999935150146
1100010111101001110100100100010000100110000010110000110110110011111 0.9459999799728394
1000110100101110001011011110011001100011001111111101111001100100110 0.9430999755859375
1100010100101001100010110110011001101011100111111101111011111101011 0.942300021648407
0000100110110111101000001011001111110111100100101110001000001100110 0.942300021648407
0000110100101110001011011000001000001111100111000101001001110101011 0.9412999749183655
1101010001001001101100011110001000001110100001000101110101101100110 0.9412000179290771
1100010100101001100010110110011001101011000111111101111001100101011 0.9408000111579895
1100010100101001100010110110011001101011000011011101011011101100110 0.9406999945640564
1000110100101110001011011100001100001111001111111101110010110101101 0.9402999877929688
0000110110101110010001011100001000101110100001000101111001100101110 0.9401999711990356
1100010001011001101100001110011001100011000111111101111001100100110 0.9401000142097473
1000110100101110001011011100001100001111001111111101111001100101110 0.9399999976158142
1101010001011001101100101110011001100011000111111101111001100011111 0.9370999932289124
1100010111101001110100100100010000100110000100110000110110111101100 0.9370999932289124
1101010001011001101100001101000001011111000011011101110101100100110 0.9368000030517578
1100010001011001101100001110011001100011000111110101111001101100110 0.9365000128746033
Generation 7
0000110100101110001011011100001000001110100001000101001001000100110 0.9595999717712402
1101010001001110001001011100001000101110100111111101111001100011111 0.9693999886512756
0000110100101110001011011100001000001110100001000101001001000100110 0.9595999717712402
0000110100101110001011011100001000001110100001000101000010010101101 0.9581000208854675
0000110110101110010001011100001000001110100001000101110010110101101 0.9556999802589417
0000110100101110101011011100001000011110100001101110001010110101101 0.955299973487854
0000100110110111100010101111001111110100100100101110000000010100101 0.9538999795913696
0000100110110111100010101111001111110100100100101110001000010100101 0.9519000053405762
0000100110110111101000001011001111110111000011011101001000101100110 0.9516000151634216
1101010001001001101101011110001000001110100001000101110101101101110 0.9505000114440918
0000100110110111100010101111001111110100100111101110001000010101101 0.9498999714851379
1101010001001001101101011110001000001110100111111101111011111101011 0.9498000144958496
0000100110110111100010101111001111110100100100101110001000010100101 0.9480999708175659
0000110110101110010011011100001000001110100001000101110101100100111 0.9478999972343445
0000110100101110001011011100001000011110100001101110000010110101101 0.9467999935150146
1100010001011001101101001110011000101110000111110101111000111100110 0.9467999935150146
0000110110101110010001011100001000101110100001000101101001100101110 0.9463000297546387
0000110110101110001011011100001000011100100001101110110010110111101 0.9463000297546387
1100010111101001110100100100010000100110000010110000110110110011111 0.9459999799728394
1000110100101110001011011110011001100011001111111101111001100100110 0.9430999755859375
1100010100101001100010110110011001101011100111111101111011111101011 0.942300021648407
0000100110110111101000001011001111110111100100101110001000001100110 0.942300021648407
0000110100101110001011011000001000001111100111000101001001110101011 0.9412999749183655
1101010001001001101100011110001000001110100001000101110101101100110 0.9412000179290771
1100010100101001100010110110011001101011000111111101111001100101011 0.9408000111579895
1100010100101001100010110110011001101011000011011101011011101100110 0.9406999945640564
Generation 8
1101010001001110001001011100001000101110100111111101111001100011111 0.9693999886512756
1101010001001110001001011100001000101110100111111101111001100011111 0.9693999886512756
1101010001001110001001001100001000101110100111111101111001100011111 0.9679999947547913
1101010001001110101101011110001000101110101111111101111001100011111 0.9674000144004822
1101010001001110001001011100001000101110100111111101110101100011111 0.9646000266075134
1101010001001110001001011101001000101110100111111101111001101011111 0.9645000100135803
1101010001001110001001011100001000101110100111111101111001100011111 0.9613999724388123
0000110100101110001011011100001000001110100001000101001001000100110 0.9595999717712402
0000110100101110001011011100001000001110100001000101000010010101101 0.9581000208854675
1101010001001110001001011100001000101110100111111101111001101100110 0.9573000073432922
0000110110101110010001011100001000001110100001000101110010110101101 0.9556999802589417
0000110100101110101011011100001000011110100001101110001010110101101 0.955299973487854
0000100110110111100010101111001111110100100100101110000000010100101 0.9538999795913696
0000100110110111100010101111001111110100100100101110001000010100101 0.9519000053405762
1000110100101110001011111110011001100011001111111101111011100101011 0.9519000053405762
0000100110110111101000001011001111110111000011011101001000101100110 0.9516000151634216
1101010001001001101101011110001000001110100001000101110101101101110 0.9505000114440918
1000110100101110001011011110011001000011000111111101111000010100110 0.9502000212669373
0000100110110111100010101111001111110100100111101110001000010101101 0.9498999714851379
1101010001001001101101011110001000001110100111111101111011111101011 0.9498000144958496
0000100110110111100010101111001111110100100100101110001000010100101 0.9480999708175659
0000110110101110010011011100001000001110100001000101110101100100111 0.9478999972343445
1101000001001001101101011110001000001110100111011101111001111100110 0.9476000070571899
0000100110110111100010101111001111110100101111101110001001100101101 0.9470999836921692
0000110100101110001011011100001000011110100001101110000010110101101 0.9467999935150146
1100010001011001101101001110011000101110000111110101111000111100110 0.9467999935150146
Generation 9
1101010001001110001001011100001000101110100111111101111001100011111 0.9693999886512756
1101010001001110001001011100001000101110100111111101111001100011111 0.9693999886512756
1101010001001110001001001100001000101110100111111101111001100011111 0.9679999947547913
0000110110101110000011011100001001001110000111011101110101100100110 0.9679999947547913
1101010001001110101101011110001000101110101111111101111001100011111 0.9674000144004822
1101010001001110001001011100001000101110100111111101110101100011111 0.9646000266075134
1101010001001110001001011101001000101110100111111101111001101011111 0.9645000100135803
1101010001001001101101011110101000001110100001010101110010110101101 0.9623000025749207
1101010001001110001001011100001000101110100111111101111001100011111 0.9613999724388123
0000110100101110001011011100001000001110100001000101001001000100110 0.9595999717712402
0000110100101110000010111110011001100011001111111101111000110101011 0.9584000110626221
0000110100101110001011011100001000001110100001000101000010010101101 0.9581000208854675
1101010001001110001001011100001000101110100111111101111001101100110 0.9573000073432922
0000110110101110010001011100001000001110100001000101110010110101101 0.9556999802589417
0000110100101110101011011100001000011110100001101110001010110101101 0.955299973487854
0000100110110111100010101111001111110100100100101110000000010100101 0.9538999795913696
0000100110110111100010101111001111110100100111101110001000010101101 0.9526000022888184
0000100110110111100010101111001111110100100100101110001000010100101 0.9519000053405762
1000110100101110001011111110011001100011001111111101111011100101011 0.9519000053405762
0000100110110111101000001011001111110111000011011101001000101100110 0.9516000151634216
0000100110110111100010101111001111110100100100101110000000010100101 0.9513000249862671
1000110100101110001011111111001110110100101111101101111011100101101 0.9509999752044678
1101010001001001101101011110001000001110100001000101110101101101110 0.9505000114440918
1000110100101110001011011110011001000011000111111101111000010100110 0.9502000212669373
0000100110110111100010101111001111110100100111101110001000010101101 0.9498999714851379
1101010001001001101101011110001000001110100111111101111011111101011 0.9498000144958496
Generation 10
1101010001001110001001011100001000101110100111111101111001100011111 0.9693999886512756
1101010001001110001001011100001000101110100111111101111001100011111 0.9693999886512756
1101010001001110001001001100001000101110100111111101111001100011111 0.9679999947547913
0000110110101110000011011100001001001110000111011101110101100100110 0.9679999947547913
1101010001001110101101011110001000101110101111111101111001100011111 0.9674000144004822
0000100110101001101101011110101000001110100001011101101000101100110 0.964900016784668
1101010001001110001001011100001000101110100111111101110101100011111 0.9646000266075134
1101010001001110001001011101001000101110100111111101111001101011111 0.9645000100135803
0000100110101110001011011100001000001110110001010101001001001100110 0.9628999829292297
0000110100101110001011011100001000001110100001000101000000010101101 0.9625999927520752
1101010001001001101101011110101000001110100001010101110010110101101 0.9623000025749207
1101010001001110001001011100001000101110100111111101111001100011111 0.9613999724388123
0000110100101110001011011100001000001110100001000101001001000100110 0.9595999717712402
0000110100101110000010111110011001100011001111111101111000110101011 0.9584000110626221
0000110100101110001011011100001000001110100001000101000010010101101 0.9581000208854675
1101010001001110001001011100001000101110100111111101111001101100110 0.9573000073432922
0000110110101110010001011100001000001110100001000101110010110101101 0.9556999802589417
0000110100101110101011011100001000011110100001101110001010110101101 0.955299973487854
0000100110110111100010101111001111110100100100101110000000010100101 0.9538999795913696
0000100110110111100010101111001111110100100111101110001000010101101 0.9526000022888184
0000100110110111100010101111001111110100100100101110001000010100101 0.9519000053405762
1000110100101110001011111110011001100011001111111101111011100101011 0.9519000053405762
0000100110110111101000001011001111110111000011011101001000101100110 0.9516000151634216
0000100110110111100010101111001111110100100100101110000000010100101 0.9513000249862671
1000110100101110001011111111001110110100101111101101111011100101101 0.9509999752044678
1101010001001001101101011110001000001110100001000101110101101101110 0.9505000114440918
Generation 11
1101010001001110001001011100001000101110100111111101111001100011111 0.9693999886512756
1101010001001110001001011100001000101110100111111101111001100011111 0.9693999886512756
1101010001001110001001001100001000101110100111111101111001100011111 0.9679999947547913
0000110110101110000011011100001001001110000111011101110101100100110 0.9679999947547913
1101010001001110101101011110001000101110101111111101111001100011111 0.9674000144004822
0000100110110111100010101111001111110100100111100101110010010101101 0.9663000106811523
0000100110101001101101011110101000001110100001011101101000101100110 0.964900016784668
1101010001001110001001011100001000101110100111111101110101100011111 0.9646000266075134
1101010001001110001001011101001000101110100111111101111001101011111 0.9645000100135803
0000100110101110001011011100001000001110110001010101001001001100110 0.9628999829292297
0000110100101110001011011100001000001110100001000101000000010101101 0.9625999927520752
1101010001001001101101011110101000001110100001010101110010110101101 0.9623000025749207
1101010001001110001001011100101000101110100111111101111000111101100 0.9623000025749207
1101010001001110001001011100001000101110100111111101111001100011111 0.9613999724388123
0000110100101110001011011100001000001110100001000101001001000100110 0.9595999717712402
1101010001001001101101001110101000001110100001011110001000110101101 0.9593999981880188
0000110100101110000010111110011001100011001111111101111000110101011 0.9584000110626221
1101010001001110001001001100001000101110100111101101111000000011111 0.958299994468689
0000110100101110001011011100001000001110100001000101000010010101101 0.9581000208854675
1101010001001110001001011100001000101110100111111101111001101100110 0.9573000073432922
0000110110101110010001011100001000001110100001000101110010110101101 0.9556999802589417
0000110100101110101011011100001000011110100001101110001010110101101 0.955299973487854
1000110100101110001011111110001110110100101111101101111010110100101 0.954800009727478
0000100110100001101101011110101000001100100001001101101000101101110 0.9544000029563904
0000100110110111100010101111001111110100100100101110000000010100101 0.9538999795913696
1101010001001001101101101111001111110100100001010101110000010101101 0.9538000226020813
Generation 12
1101010001001110001001011100001000101110100111111101111001100011111 0.9693999886512756
1101010001001110001001011100001000101110100111111101111001100011111 0.9693999886512756
0001110110001011101101001110101000101110100001011110001101110101100 0.9692000150680542
1101010001001110001001001100001000101110100111111101111001100011111 0.9679999947547913
0000110110101110000011011100001001001110000111011101110101100100110 0.9679999947547913
1101010001001110101101011110001000101110101111111101111001100011111 0.9674000144004822
0000100110110111100010101111001111110100100111100101110010010101101 0.9663000106811523
0000100110101001101101011110101000001110100001011101101000101100110 0.964900016784668
1101010001001110001001011100001000101110100111111101110101100011111 0.9646000266075134
1101010001001110001001011101001000101110100111111101111001101011111 0.9645000100135803
0000100110101110001011011100001000001110110001010101001001001100110 0.9628999829292297
0000110100101110001011011100001000001110100001000101000000010101101 0.9625999927520752
1101010001001001101101011110101000001110100001010101110010110101101 0.9623000025749207
1101010001001110001001011100101000101110100111111101111000111101100 0.9623000025749207
1101010001001001101101001110101000001110100001010101110000110101101 0.9623000025749207
1101010001001110001001011100001000101110100111111101111001100011111 0.9613999724388123
1101010001001001101101011110101000001110100001000101000000010101101 0.9610000252723694
1101010001001001101101011110101000001110100001010110001010110101101 0.9603999853134155
0000100110100001101101011110101000001101001111111101111000111101011 0.9596999883651733
0000110100101110001011011100001000001110100001000101001001000100110 0.9595999717712402
0000110110110111100010101111001111110100100001101110001010010101101 0.9595999717712402
1101010001001001101101001110101000001110100001011110001000110101101 0.9593999981880188
0000110100101110000010111110011001100011001111111101111000110101011 0.9584000110626221
1101010001001110001001001100001000101110100111101101111000000011111 0.958299994468689
0000110100101110001011011100001000001110100001000101000010010101101 0.9581000208854675
1101010001001110001001011100001000101110100111111101111001101100110 0.9573000073432922
Generation 13
1101010001001110001001011100001000101110100111111101111001100011111 0.9693999886512756
1101010001001110101101011110001000101100100001101110001010100011111 0.9708999991416931
1101010001001110001001011100001000101110100111111101111001100011111 0.9693999886512756
0001110110001011101101001110101000101110100001011110001101110101100 0.9692000150680542
0000100110101001101101011110101000001110100001011101101000101100110 0.9682999849319458
1101010001001110001001001100001000101110100111111101111001100011111 0.9679999947547913
0000110110101110000011011100001001001110000111011101110101100100110 0.9679999947547913
1101010001001110101101011110001000101110101111111101111001100011111 0.9674000144004822
0000110100100001101101011110101000001101001111111101111000110101011 0.96670001745224
0000100110110111100010101111001111110100100111100101110010010101101 0.9663000106811523
0000100110101001101101011110101000001110100001011101101000101100110 0.964900016784668
1101010001001110001001011100001000101110100111111101110101100011111 0.9646000266075134
1101010001001110001001011101001000101110100111111101111001101011111 0.9645000100135803
0000100110110111100010101110101000001110100001010101110010010101101 0.9632999897003174
0000100110101110001011011100001000001110110001010101001001001100110 0.9628999829292297
0000110100101110001011011100001000001110100001000101000000010101101 0.9625999927520752
1101010001001001101101011110101000001110100001010101110010110101101 0.9623000025749207
1101010001001110001001011100101000101110100111111101111000111101100 0.9623000025749207
1101010001001001101101001110101000001110100001010101110000110101101 0.9623000025749207
1101010001001110001001011100001000101110100111111101111001100011111 0.9613999724388123
1101010001001001101101011110101000001110100001000101000000010101101 0.9610000252723694
1101010001001001101101011110101000001110100001010110001010110101101 0.9603999853134155
0000100110100001101101011110101000001101001111111101111000111101011 0.9596999883651733
0000110100101110001011011100001000001110100001000101001001000100110 0.9595999717712402
0000110110110111100010101111001111110100100001101110001010010101101 0.9595999717712402
1101010001001001101101001110101000001110100001011110001000110101101 0.9593999981880188
Generation 14
1101010001001110101101011110001000101100100001101110001010100011111 0.9708999991416931
1101010001001110101101011110001000101100100001101110001010100011111 0.9708999991416931
1101010001001110001001011100001000101110100111111101111001100011111 0.9693999886512756
0001110110001011101101001110101000101110100001011110001101110101100 0.9692000150680542
0000100110101001101101011110101000001110100001011101101000101100110 0.9682999849319458
1101010001001110001001001100001000101110100111111101111001100011111 0.9679999947547913
0000110110101110000011011100001001001110000111011101110101100100110 0.9679999947547913
0000100110110111100011011100001001001110000111011101110101100100110 0.9679999947547913
1101010001001110101101011110001000101110101111111101111001100011111 0.9674000144004822
0001110110001011101100101111001111110100100001011110001110010101100 0.9667999744415283
0000110100100001101101011110101000001101001111111101111000110101011 0.96670001745224
0000100110110111100010101111001111110100100111100101110010010101101 0.9663000106811523
0000100110100001101101011110101000001101001101101110011010010101101 0.9657999873161316
0000100110101001101101011110101000001110100001011101101000101100110 0.964900016784668
1101010001001110001001011100001000101110100111111101110101100011111 0.9646000266075134
1101010001001110001001011101001000101110100111111101111001101011111 0.9645000100135803
1100110110110111110010101111001111110100100001101101111000111101100 0.9639000296592712
0000100110110111100010101110101000001110100001010101110010010101101 0.9632999897003174
0000100110101110001011011100001000001110110001010101001001001100110 0.9628999829292297
0000110100101110001011011100001000001110100001000101000000010101101 0.9625999927520752
1101010001001001101101011110101000001110100001010101110010110101101 0.9623000025749207
1101010001001110001001011100101000101110100111111101111000111101100 0.9623000025749207
1101010001001001101101001110101000001110100001010101110000110101101 0.9623000025749207
1101010001001110001001011100001000101110100111111101111001100011111 0.9613999724388123
1101010001001001101101011110101000001110100001000101000000010101101 0.9610000252723694
1101010001001001101101011110101000001110100001010110001010110101101 0.9603999853134155
Generation 15
1101010001001110101101011110001000101100100001101110001010100011111 0.9708999991416931
1101010001001110101101011110001000101100100001101110001010100011111 0.9708999991416931
0000101110101001100101011110101001001110100001011101110101101100110 0.9695000052452087
1101010001001110001001011100001000101110100111111101111001100011111 0.9693999886512756
0001110110001011101101001110101000101110100001011110001101110101100 0.9692000150680542
0000100110101001101101011110101000001110100001011101101000101100110 0.9682999849319458
0000100110100001101101011110101000001101001101101110001001000101100 0.9681000113487244
1101010001001110001001001100001000101110100111111101111001100011111 0.9679999947547913
0000110110101110000011011100001001001110000111011101110101100100110 0.9679999947547913
0000100110110111100011011100001001001110000111011101110101100100110 0.9679999947547913
1101010001001110101101011110001000101110101111111101111001100011111 0.9674000144004822
0001110110001011101100101111001111110100100001011110001110010101100 0.9667999744415283
0000110100100001101101011110101000001101001111111101111000110101011 0.96670001745224
0000100110110111100010101111001111110100100111100101110010010101101 0.9663000106811523
0000110110101110000011011100001001001110100001101001110101111101100 0.9659000039100647
0000100110100001101101011110101000001101001101101110011010010101101 0.9657999873161316
0000100110101001101101011110101000001110100001011101101000101100110 0.964900016784668
1101010001001110001001011100001000101110100111111101110101100011111 0.9646000266075134
1101010001001110001001011101001000101110100111111101111001101011111 0.9645000100135803
1100110110110111110010101111001111110100100001101101111000111101100 0.9639000296592712
0000100110110111100010101110101000001110100001010101110010010101101 0.9632999897003174
0000100110101110001011011100001000001110110001010101001001001100110 0.9628999829292297
0000110100101110001011011100001000001110100001000101000000010101101 0.9625999927520752
1101010001001001101101011110101000001110100001010101110010110101101 0.9623000025749207
1101010001001110001001011100101000101110100111111101111000111101100 0.9623000025749207
1101010001001001101101001110101000001110100001010101110000110101101 0.9623000025749207
Generation 16
1101010001001110101101011110001000101100100001101110001010100011111 0.9708999991416931
0001110110001011101110101111001000001110100111111101111000111101100 0.9715999960899353
1101010001001110101101011110001000101100100001101110001010100011111 0.9708999991416931
0000101110101001100101011110101001001110100001011101110101101100110 0.9695000052452087
1101010001001110001001011100001000101110100111111101111001100011111 0.9693999886512756
0001110110001011101101001110101000101110100001011110001101110101100 0.9692000150680542
0000100110101001101101011110101000001110100001011101101000101100110 0.9682999849319458
0001100110001011101101011110101000001110100001010100110000110101100 0.9682999849319458
0000100110100001101101011110101000001101001101101110001001000101100 0.9681000113487244
1101010001001110001001001100001000101110100111111101111001100011111 0.9679999947547913
0000110110101110000011011100001001001110000111011101110101100100110 0.9679999947547913
0000100110110111100011011100001001001110000111011101110101100100110 0.9679999947547913
1101010001001110101101011110001000101110101111111101111001100011111 0.9674000144004822
0001110110001011101100101111001111110100100001011110001110010101100 0.9667999744415283
0000110100100001101101011110101000001101001111111101111000110101011 0.96670001745224
0000100110110111100010101111001111110100100111100101110010010101101 0.9663000106811523
0000110110101110000011011100001001001110100001101001110101111101100 0.9659000039100647
0000100110100001101101011110101000001101001101101110011010010101101 0.9657999873161316
0000100110101001101101011110101000001110100001011101101000101100110 0.964900016784668
1101010001001110001001011100001000101110100111111101110101100011111 0.9646000266075134
1101010001001110001001011101001000101110100111111101111001101011111 0.9645000100135803
1101010001001011101100101111001111110100100001011110001110010101101 0.9641000032424927
1100110110110111110010101111001111110100100001101101111000111101100 0.9639000296592712
0000100110110111100010101110101000001110100001010101110010010101101 0.9632999897003174
0000100110101110001011011100001000001110110001010101001001001100110 0.9628999829292297
0000100110100001101101011110101000001101101101011110001010010101100 0.9627000093460083
Generation 17
0001110110001011101110101111001000001110100111111101111000111101100 0.9715999960899353
0001110110001011101110101111001000001110100111111101111000111101100 0.9715999960899353
1101010001001110101101011110001000101100100001101110001010100011111 0.9708999991416931
0000101110101001100101011110101001001110100001011101110101101100110 0.9695000052452087
1101010001001110001001011100001000101110100111111101111001100011111 0.9693999886512756
0001110110001011101101001110101000101110100001011110001101110101100 0.9692000150680542
0000100110101001101101011110101000001110100001011101101000101100110 0.9682999849319458
0001100110001011101101011110101000001110100001010100110000110101100 0.9682999849319458
0000100110100001101101011110101000001101001101101110001001000101100 0.9681000113487244
1101010001001110001001001100001000101110100111111101111001100011111 0.9679999947547913
0000110110101110000011011100001001001110000111011101110101100100110 0.9679999947547913
0000100110110111100011011100001001001110000111011101110101100100110 0.9679999947547913
1101010001001110101101011110001000101110101111111101111001100011111 0.9674000144004822
0001110110001011101100101111001111110100100001011110001110010101100 0.9667999744415283
0000110100100001101101011110101000001101001111111101111000110101011 0.96670001745224
0000100110110111100010101111001111110100100111100101110010010101101 0.9663000106811523
0000100110110110000011011100001001001110000111010101110101100100110 0.9660000205039978
0000110110101110000011011100001001001110100001101001110101111101100 0.9659000039100647
0000100110100001101101011110101000001101001101101110011010010101101 0.9657999873161316
0000100110101001101101011110101000001110100001011101101000101100110 0.964900016784668
1101010001001110001001011100001000101110100111111101110101100011111 0.9646000266075134
1101010001001110001001011101001000101110100111111101111001101011111 0.9645000100135803
1101010001001011101100101111001111110100100001011110001110010101101 0.9641000032424927
1100110110110111110010101111001111110100100001101101111000111101100 0.9639000296592712
0000100110110111100010101110101000001110100001010101110010010101101 0.9632999897003174
0000100110101110001011011100001000001110110001010101001001001100110 0.9628999829292297
Generation 18
0001110110001011101110101111001000001110100111111101111000111101100 0.9715999960899353
0001110110001011101110101111001000001110100111111101111000111101100 0.9715999960899353
0001110111001011101100101110001111110100100001011101101001100101100 0.9714000225067139
1101010001001110101101011110001000101100100001101110001010100011111 0.9708999991416931
0001110110001011101100101111001100001110100000011110110000110101100 0.9696000218391418
0000101110101001100101011110101001001110100001011101110101101100110 0.9695000052452087
1101010001001110001001011100001000101110100111111101111001100011111 0.9693999886512756
0001110110001011101101001110101000101110100001011110001101110101100 0.9692000150680542
0000100110101001101101011110101000001110100001011101101000101100110 0.9682999849319458
0001100110001011101101011110101000001110100001010100110000110101100 0.9682999849319458
0000100110100001101101011110101000001101001101101110001001000101100 0.9681000113487244
0001100110001011101101011110101000001110100001010100110000110101100 0.9681000113487244
1101010001001110001001001100001000101110100111111101111001100011111 0.9679999947547913
0000110110101110000011011100001001001110000111011101110101100100110 0.9679999947547913
0000100110110111100011011100001001001110000111011101110101100100110 0.9679999947547913
0001100110001011101101011110101000001110100001010100110000110101100 0.9678999781608582
1101010001001110101101011110001000101110101111111101111001100011111 0.9674000144004822
0001110110001011101100101111001111110100100001011110001110010101100 0.9667999744415283
0000110100100001101101011110101000001101001111111101111000110101011 0.96670001745224
0000100110110111100010101111001111110100100111100101110010010101101 0.9663000106811523
0000100110110110000011011100001001001110000111010101110101100100110 0.9660000205039978
0000110110101110000011011100001001001110100001101001110101111101100 0.9659000039100647
0000100110100001101101011110101000001101001101101110011010010101101 0.9657999873161316
0000100110101001101101011110101000001110100001011101101000101100110 0.964900016784668
1101010001001110001001011100001000101110100111111101110101100011111 0.9646000266075134
1101010001001110001001011101001000101110100111111101111001101011111 0.9645000100135803
Generation 19
0001110110001011101110101111001000001110100111111101111000111101100 0.9715999960899353
0001110110001011101110101111001000001110100111111101111000111101100 0.9715999960899353
0001110111001011101100101110001111110100100001011101101001100101100 0.9714000225067139
1101010001001110101101011110001000101100100001101110001010100011111 0.9708999991416931
0001110110001011101100101111001100001110100000011110110000110101100 0.9696000218391418
0000101110101001100101011110101001001110100001011101110101101100110 0.9695000052452087
1101010001001110001001011100001000101110100111111101111001100011111 0.9693999886512756
0001110110001011101101001110101000101110100001011110001101110101100 0.9692000150680542
0000100110101001101101011110101000001110100001011101101000101100110 0.9682999849319458
0001100110001011101101011110101000001110100001010100110000110101100 0.9682999849319458
0000110100100110000011011100001000001101000111011101110101100100110 0.9682999849319458
0000100110100001101101011110101000001101001101101110001001000101100 0.9681000113487244
0001100110001011101101011110101000001110100001010100110000110101100 0.9681000113487244
1101010001001110001001001100001000101110100111111101111001100011111 0.9679999947547913
0000110110101110000011011100001001001110000111011101110101100100110 0.9679999947547913
0000100110110111100011011100001001001110000111011101110101100100110 0.9679999947547913
0001100110001011101101011110101000001110100001010100110000110101100 0.9678999781608582
1101010001001110101101011110001000101110101111111101111001100011111 0.9674000144004822
0001110110001011101100101111001111110100100001011110001110010101100 0.9667999744415283
0000110100100001101101011110101000001101001111111101111000110101011 0.96670001745224
0000100110110111100010101111001111110100100111100101110010010101101 0.9663000106811523
0000100110110110000011011100001001001110000111010101110101100100110 0.9660000205039978
0000110110101110000011011100001001001110100001101001110101111101100 0.9659000039100647
0000100110100001101101011110101000001101001101101110011010010101101 0.9657999873161316
0000101110101001100101011110101001001110100001011101111000111100110 0.9656000137329102
0000100110101001101101011110101000001110100001011101101000101100110 0.964900016784668
Generation 20
0001110110001011101110101111001000001110100111111101111000111101100 0.9715999960899353
0001110110001011101110101111001000001110100111111101111000111101100 0.9715999960899353
0001110111001011101100101110001111110100100001011101101001100101100 0.9714000225067139
1101010001001110101101011110001000101100100001101110001010100011111 0.9708999991416931
0001110010001011101100101111001111100100100001011110001110010101100 0.97079998254776
0001110110001011101100101111001100001110100000011110110000110101100 0.9696000218391418
0000101110101001100101011110101001001110100001011101110101101100110 0.9695000052452087
1101010001001110001001011100001000101110100111111101111001100011111 0.9693999886512756
0000110110110111100011011100001001001110100001101101010101110100110 0.9693999886512756
0001110110001011101101001110101000101110100001011110001101110101100 0.9692000150680542
0000100110101001101101011110101000001110100001011101101000101100110 0.9682999849319458
0001100110001011101101011110101000001110100001010100110000110101100 0.9682999849319458
0000110100100110000011011100001000001101000111011101110101100100110 0.9682999849319458
0000100110100001101101011110101000001101001101101110001001000101100 0.9681000113487244
0001100110001011101101011110101000001110100001010100110000110101100 0.9681000113487244
1101010001001110001001001100001000101110100111111101111001100011111 0.9679999947547913
0000110110101110000011011100001001001110000111011101110101100100110 0.9679999947547913
0000100110110111100011011100001001001110000111011101110101100100110 0.9679999947547913
0001100110001011101101011110101000001110100001010100110000110101100 0.9678999781608582
1101010001001110101101011110001000101110101111111101111001100011111 0.9674000144004822
0001110110001011101100101111001111110100100001011110001110010101100 0.9667999744415283
0000110100100001101101011110101000001101001111111101111000110101011 0.96670001745224
0000100110100001101101011110101000001101001101101110001001000101100 0.9666000008583069
0000100110110111100010101111001111110100100111100101110010010101101 0.9663000106811523
0000100110110110000011011100001001001110000111010101110101100100110 0.9660000205039978
0000110110101110000011011100001001001110100001101001110101111101100 0.9659000039100647
Generation 21
0001110110001011101110101111001000001110100111111101111000111101100 0.9715999960899353
0001110110001011101110101111001000101110100111011101110101110101100 0.9726999998092651
0001110110001011101110101111001000001110100111111101111000111101100 0.9715999960899353
0001110111001011101100101110001111110100100001011101101001100101100 0.9714000225067139
1101010001001110101101011110001000101100100001101110001010100011111 0.9708999991416931
0001110010001011101100101111001111100100100001011110001110010101100 0.97079998254776
0001110110001011101100101111001100001110100000011110110000110101100 0.9696000218391418
0000101110101001100101011110101001001110100001011101110101101100110 0.9695000052452087
1101010001001110001001011100001000101110100111111101111001100011111 0.9693999886512756
0000110110110111100011011100001001001110100001101101010101110100110 0.9693999886512756
0001110110001011101101001110101000101110100001011110001101110101100 0.9692000150680542
0000100110101001101101011110101000001110100001011101101000101100110 0.9682999849319458
0001100110001011101101011110101000001110100001010100110000110101100 0.9682999849319458
0000110100100110000011011100001000001101000111011101110101100100110 0.9682999849319458
0000100110100001101101011110101000001101001101101110001001000101100 0.9681000113487244
0001100110001011101101011110101000001110100001010100110000110101100 0.9681000113487244
1101010001001110001001001100001000101110100111111101111001100011111 0.9679999947547913
0000110110101110000011011100001001001110000111011101110101100100110 0.9679999947547913
0000100110110111100011011100001001001110000111011101110101100100110 0.9679999947547913
0000110110001011101110101111001000001110100111111101111000111101100 0.9679999947547913
0001100110001011101101011110101000001110100001010100110000110101100 0.9678999781608582
1101010001001110101101011110001000101110101111111101111001100011111 0.9674000144004822
0001110110001011101100101111001111110100100001011110001110010101100 0.9667999744415283
0000110100100001101101011110101000001101001111111101111000110101011 0.96670001745224
0000100110100001101101011110101000001101001101101110001001000101100 0.9666000008583069
0000100110110111100010101111001111110100100111100101110010010101101 0.9663000106811523
Generation 22
0001110110001011101110101111001000101110100111011101110101110101100 0.9726999998092651
0001110110001011101110101111001000101110100111011101110101110101100 0.9726999998092651
0001110110001011101110101111001000101110100011011101110101110101100 0.9721999764442444
0001110110001011101110101111001000001110100111111101111000111101100 0.9715999960899353
0001110111001011101100101110001111110100100001011101101001100101100 0.9714000225067139
1101010001001110101101011110001000101100100001101110001010100011111 0.9708999991416931
0001110010001011101100101111001111100100100001011110001110010101100 0.97079998254776
0000110110110011101110101111001001001110000001101101110101110101100 0.9707000255584717
0001110110001011101100101111001100001110100000011110110000110101100 0.9696000218391418
0000101110101001100101011110101001001110100001011101110101101100110 0.9695000052452087
1101010001001110001001011100001000101110100111111101111001100011111 0.9693999886512756
0000110110110111100011011100001001001110100001101101010101110100110 0.9693999886512756
0001110110001011101101001110101000101110100001011110001101110101100 0.9692000150680542
0000100110101001101101011110101000001110100001011101101000101100110 0.9682999849319458
0001100110001011101101011110101000001110100001010100110000110101100 0.9682999849319458
0000110100100110000011011100001000001101000111011101110101100100110 0.9682999849319458
0000100110100001101101011110101000001101001101101110001001000101100 0.9681000113487244
0001100110001011101101011110101000001110100001010100110000110101100 0.9681000113487244
1101010001001110001001001100001000101110100111111101111001100011111 0.9679999947547913
0000110110101110000011011100001001001110000111011101110101100100110 0.9679999947547913
0000100110110111100011011100001001001110000111011101110101100100110 0.9679999947547913
0000110110001011101110101111001000001110100111111101111000111101100 0.9679999947547913
0001100110001011101101011110101000001110100001010100110000110101100 0.9678999781608582
0000101111101000100101011110101001001110100001011101110101101100110 0.9677000045776367
1101010001001110101101011110001000101110101111111101111001100011111 0.9674000144004822
0001110110001011101100101111001111110100100001011110001110010101100 0.9667999744415283
Generation 23
0001110110001011101110101111001000101110100111011101110101110101100 0.9726999998092651
0001110110001011101110101111001000101110100111011101110101110101100 0.9726999998092651
0001110110001011101110101111001000101110100011011101110101110101100 0.9721999764442444
0001110110001011101110101111001000001110100111111101111000111101100 0.9715999960899353
0001110111001011101100101110001111110100100001011101101001100101100 0.9714000225067139
1101010001001110101101011110001000101100100001101110001010100011111 0.9708999991416931
0001110010001011101100101111001111100100100001011110001110010101100 0.97079998254776
0000110110110011101110101111001001001110000001101101110101110101100 0.9707000255584717
0000101110110111100011011100011001001110100001011101010101101100110 0.9696999788284302
0001110110001011101100101111001100001110100000011110110000110101100 0.9696000218391418
0000101110101001100101011110101001001110100001011101110101101100110 0.9695000052452087
1101010001001110001001011100001000101110100111111101111001100011111 0.9693999886512756
0000110110110111100011011100001001001110100001101101010101110100110 0.9693999886512756
0001110110001011101101001110101000101110100001011110001101110101100 0.9692000150680542
0000110110001011101101011110101000001110100111111101111000110101100 0.968500018119812
0000100110101001101101011110101000001110100001011101101000101100110 0.9682999849319458
0001100110001011101101011110101000001110100001010100110000110101100 0.9682999849319458
0000110100100110000011011100001000001101000111011101110101100100110 0.9682999849319458
0000100110100001101101011110101000001101001101101110001001000101100 0.9681000113487244
0001100110001011101101011110101000001110100001010100110000110101100 0.9681000113487244
1101010001001110001001001100001000101110100111111101111001100011111 0.9679999947547913
0000110110101110000011011100001001001110000111011101110101100100110 0.9679999947547913
0000100110110111100011011100001001001110000111011101110101100100110 0.9679999947547913
0000110110001011101110101111001000001110100111111101111000111101100 0.9679999947547913
0001100110001011101101011110101000001110100001010100110000110101100 0.9678999781608582
0000101111101000100101011110101001001110100001011101110101101100110 0.9677000045776367
Generation 24
0001110110001011101110101111001000101110100111011101110101110101100 0.9726999998092651
0001110110001011101110101111001000101110100111011101110101110101100 0.9726999998092651
0001110110001011101110101111001000101110100011011101110101110101100 0.9721999764442444
0001110110001011101110101111001000001110100111111101110101110101100 0.9721999764442444
0001110110001011101110101111001000001110100111111101111000111101100 0.9715999960899353
0001110111001011101100101110001111110100100001011101101001100101100 0.9714000225067139
1101010001001110101101011110001000101100100001101110001010100011111 0.9708999991416931
0001110010001011101100101111001111100100100001011110001110010101100 0.97079998254776
0000110110110011101110101111001001001110000001101101110101110101100 0.9707000255584717
0000101110110111100011011100011001001110100001011101010101101100110 0.9696999788284302
0001110110001011101100101111001100001110100000011110110000110101100 0.9696000218391418
0000101110101001100101011110101001001110100001011101110101101100110 0.9695000052452087
1101010001001110001001011100001000101110100111111101111001100011111 0.9693999886512756
0000110110110111100011011100001001001110100001101101010101110100110 0.9693999886512756
0001110110001011101101001110101000101110100001011110001101110101100 0.9692000150680542
0000101110110101100011011100011001001110100001011101010001100011111 0.968999981880188
0000101110110000100101011110101001001110100001011101010101101100110 0.9689000248908997
0000110110001011101101011110101000001110100111111101111000110101100 0.968500018119812
0000110110101110000001011100001000000101000111011101110101100100110 0.9684000015258789
0000100110101001101101011110101000001110100001011101101000101100110 0.9682999849319458
0001100110001011101101011110101000001110100001010100110000110101100 0.9682999849319458
0000110100100110000011011100001000001101000111011101110101100100110 0.9682999849319458
0000100110100001101101011110101000001101001101101110001001000101100 0.9681000113487244
0001100110001011101101011110101000001110100001010100110000110101100 0.9681000113487244
1101010001001110001001001100001000101110100111111101111001100011111 0.9679999947547913
0000110110101110000011011100001001001110000111011101110101100100110 0.9679999947547913
Generation 25
0001110110001011101110101111001000101110100111011101110101110101100 0.9726999998092651
0001110110001011101110101111001000101110100111011101110101110101100 0.9726999998092651
0001110110001011101110101111001000101110100011011101110101110101100 0.9721999764442444
0001110110001011101110101111001000001110100111111101110101110101100 0.9721999764442444
0001110110001011101110101111001000001110100111111101111000111101100 0.9715999960899353
0001110111001011101100101110001111110100100001011101101001100101100 0.9714000225067139
0000110110001011101110101111001000101110100111111101110101110101100 0.9710000157356262
1101010001001110101101011110001000101100100001101110001010100011111 0.9708999991416931
0001110010001011101100101111001111100100100001011110001110010101100 0.97079998254776
0000110110110011101110101111001001001110000001101101110101110101100 0.9707000255584717
0000101110110111100011011100011001001110100001011101010101101100110 0.9696999788284302
0001110110001011101100101111001100001110100000011110110000110101100 0.9696000218391418
0000101110101001100101011110101001001110100001011101110101101100110 0.9695000052452087
1101010001001110001001011100001000101110100111111101111001100011111 0.9693999886512756
0000110110110111100011011100001001001110100001101101010101110100110 0.9693999886512756
0001110110001011101101001110101000101110100001011110001101110101100 0.9692000150680542
0000101110110101100011011100011001001110100001011101010001100011111 0.968999981880188
0000110110001011101101011110101000001110100011011101111000110101100 0.968999981880188
0000101110110000100101011110101001001110100001011101010101101100110 0.9689000248908997
0000110110001011101101011110101000001110100111111101111000110101100 0.968500018119812
0000110110101110000001011100001000000101000111011101110101100100110 0.9684000015258789
0000100110101001101101011110101000001110100001011101101000101100110 0.9682999849319458
0001100110001011101101011110101000001110100001010100110000110101100 0.9682999849319458
0000110100100110000011011100001000001101000111011101110101100100110 0.9682999849319458
0000100110100001101101011110101000001101001101101110001001000101100 0.9681000113487244
0001100110001011101101011110101000001110100001010100110000110101100 0.9681000113487244
Generation 26
0001110110001011101110101111001000101110100111011101110101110101100 0.9726999998092651
0001110110001011101110101111001000101110100111011101110101110101100 0.9726999998092651
0001110111001011101100011110101000001110100001011101101100110101100 0.9726999998092651
0001110110001011101110101111001000101110100011011101110101110101100 0.9721999764442444
0001110110001011101110101111001000001110100111111101110101110101100 0.9721999764442444
0001110110001011101110101111001000001110100111111101111000111101100 0.9715999960899353
0001110111001011101100101110001111110100100001011101101001100101100 0.9714000225067139
0001110110001011101110101111101111110100100000011101101001100101100 0.9714000225067139
0001110110001011101110101111001000001110100111111001110101110101100 0.9710999727249146
0000110110001011101110101111001000101110100111111101110101110101100 0.9710000157356262
1101010001001110101101011110001000101100100001101110001010100011111 0.9708999991416931
0001110010001011101100101111001111100100100001011110001110010101100 0.97079998254776
0000110110110011101110101111001001001110000001101101110101110101100 0.9707000255584717
0001110110001011101110101111001000001110100001011101111000101101100 0.9702000021934509
0000101110110111100011011100011001001110100001011101010101101100110 0.9696999788284302
0001110110001011101100101111001100001110100000011110110000110101100 0.9696000218391418
0000101110101001100101011110101001001110100001011101110101101100110 0.9695000052452087
1101010001001110001001011100001000101110100111111101111001100011111 0.9693999886512756
0000110110110111100011011100001001001110100001101101010101110100110 0.9693999886512756
0001110111001011101100101110001111110100100111111101101001110101100 0.9692999720573425
0001110110001011101101001110101000101110100001011110001101110101100 0.9692000150680542
0000101110110101100011011100011001001110100001011101010001100011111 0.968999981880188
0000110110001011101101011110101000001110100011011101111000110101100 0.968999981880188
0000101110110000100101011110101001001110100001011101010101101100110 0.9689000248908997
0000110110001011101101011110101000001110100111111101111000110101100 0.968500018119812
0000110110101110000001011100001000000101000111011101110101100100110 0.9684000015258789
Generation 27
0001110110001011101110101111001000101110100111011101110101110101100 0.9726999998092651
0001110110001011101110101111001000101110100111011101110101110101100 0.9726999998092651
0001110111001011101100011110101000001110100001011101101100110101100 0.9726999998092651
0001110110001011101110101111001000101110100011011101110101110101100 0.9721999764442444
0001110110001011101110101111001000001110100111111101110101110101100 0.9721999764442444
0001110110001011101110101111001000001110100111111101111000111101100 0.9715999960899353
0001110111001011101100101110001111110100100001011101101001100101100 0.9714000225067139
0001110110001011101110101111101111110100100000011101101001100101100 0.9714000225067139
0001110110001011101110101111001000001110100111111001110101110101100 0.9710999727249146
0000110110001011101110101111001000101110100111111101110101110101100 0.9710000157356262
1101010001001110101101011110001000101100100001101110001010100011111 0.9708999991416931
0000110110001011101101011110101100001101000111111101110101100101100 0.9708999991416931
0001110010001011101100101111001111100100100001011110001110010101100 0.97079998254776
0000110110110011101110101111001001001110000001101101110101110101100 0.9707000255584717
0001110110001011101110101111001000001110100001011101111000101101100 0.9702000021934509
0000101110110111100011011100011001001110100001011101010101101100110 0.9696999788284302
0001110110001011101100101111001100001110100000011110110000110101100 0.9696000218391418
0000101110101001100101011110101001001110100001011101110101101100110 0.9695000052452087
1101010001001110001001011100001000101110100111111101111001100011111 0.9693999886512756
0000110110110111100011011100001001001110100001101101010101110100110 0.9693999886512756
0001110111001011101100101110001111110100100111111101101001110101100 0.9692999720573425
0001110110001011101101001110101000101110100001011110001101110101100 0.9692000150680542
0000101110110101100011011100011001001110100001011101010001100011111 0.968999981880188
0000110110001011101101011110101000001110100011011101111000110101100 0.968999981880188
0000101110110000100101011110101001001110100001011101010101101100110 0.9689000248908997
0000110110001011101101011110101000001110100111111101111000110101100 0.968500018119812
Generation 28
0001110110001011101110101111001000101110100111011101110101110101100 0.9726999998092651
0000101110110111100011011100011001101110100001011101010101101100110 0.9736999869346619
0001110110001011101110101111001000101110100111011101110101110101100 0.9726999998092651
0001110111001011101100011110101000001110100001011101101100110101100 0.9726999998092651
0001110110001011101110101111001000101110100011011101110101110101100 0.9721999764442444
0001110110001011101110101111001000001110100111111101110101110101100 0.9721999764442444
0001110110001011101110101111001000001110100111111101111000111101100 0.9715999960899353
0001110111001011101100101110001111110100100001011101101001100101100 0.9714000225067139
0001110110001011101110101111101111110100100000011101101001100101100 0.9714000225067139
0001110110001011101110101111001000001110100111111001110101110101100 0.9710999727249146
0000110110001011101110101111001000101110100111111101110101110101100 0.9710000157356262
1101010001001110101101011110001000101100100001101110001010100011111 0.9708999991416931
0000110110001011101101011110101100001101000111111101110101100101100 0.9708999991416931
0001110010001011101100101111001111100100100001011110001110010101100 0.97079998254776
0000110110110011101110101111001001001110000001101101110101110101100 0.9707000255584717
0001110110001011101110101111001000001110100001011101111000101101100 0.9702000021934509
0000101110110111100011011111001000101110100111111101110101101101100 0.9700999855995178
0000101110110111100011011100011001001110100001011101010101101100110 0.9696999788284302
0001110110001011101100101111001100001110100000011110110000110101100 0.9696000218391418
0000101110101001100101011110101001001110100001011101110101101100110 0.9695000052452087
1101010001001110001001011100001000101110100111111101111001100011111 0.9693999886512756
0000110110110111100011011100001001001110100001101101010101110100110 0.9693999886512756
0001110111001011101100101110001111110100100111111101101001110101100 0.9692999720573425
0001110110001011101101001110101000101110100001011110001101110101100 0.9692000150680542
0000110110001011101101011110101001001110100001011101110101110101100 0.9692000150680542
0000101110110101100011011100011001001110100001011101010001100011111 0.968999981880188
Generation 29
0000101110110111100011011100011001101110100001011101010101101100110 0.9736999869346619
0001110111001011101101011110101001001110100001011101110101110101100 0.975600004196167
0000101110110111100011011100011001101110100001011101010101101100110 0.9736999869346619
0000110110110011101110101111001001001110000001101101110101100101100 0.9731000065803528
0001110110001011101110101111001000101110100111011101110101110101100 0.9726999998092651
0001110111001011101100011110101000001110100001011101101100110101100 0.9726999998092651
0001110110001011101110101111001000101110100011011101110101110101100 0.9721999764442444
0001110110001011101110101111001000001110100111111101110101110101100 0.9721999764442444
0001110110001011101110101111001000001110100111111101111000111101100 0.9715999960899353
0001110111001011101100101110001111110100100001011101101001100101100 0.9714000225067139
0001110110001011101110101111101111110100100000011101101001100101100 0.9714000225067139
0001110110001011101110101111001000001110100111111001110101110101100 0.9710999727249146
0000110110001011101110101111001000101110100111111101110101110101100 0.9710000157356262
1101010001001110101101011110001000101100100001101110001010100011111 0.9708999991416931
0000110110001011101101011110101100001101000111111101110101100101100 0.9708999991416931
0001110010001011101100101111001111100100100001011110001110010101100 0.97079998254776
0000110110110011101110101111001001001110000001101101110101110101100 0.9707000255584717
0001110110001011101110101111001000001110100001011101111000101101100 0.9702000021934509
0000101110110111100011011111001000101110100111111101110101101101100 0.9700999855995178
0000101110110111100011011100011001001110100001011101010101101100110 0.9696999788284302
0001110110001011101100101111001100001110100000011110110000110101100 0.9696000218391418
0000101110101001100101011110101001001110100001011101110101101100110 0.9695000052452087
1101010001001110001001011100001000101110100111111101111001100011111 0.9693999886512756
0000110110110111100011011100001001001110100001101101010101110100110 0.9693999886512756
0001110111001011101100101110001111110100100111111101101001110101100 0.9692999720573425
0001110110001011101101001110101000101110100001011110001101110101100 0.9692000150680542
Generation 30
0001110111001011101101011110101001001110100001011101110101110101100 0.975600004196167
0001110111001011101101011110101001001110100001011101110101110101100 0.975600004196167
0000110110001011101101011111001001001110000001101101110101100101100 0.9747999906539917
0000101110110111100011011100011001101110100001011101010101101100110 0.9736999869346619
0000110110110011101110101111001001001110000001101101110101100101100 0.9731000065803528
0000110110001011101110101111001000101110100111111101110101110101100 0.9728999733924866
0001110110001011101110101111001000101110100111011101110101110101100 0.9726999998092651
0001110111001011101100011110101000001110100001011101101100110101100 0.9726999998092651
0001110110001011101110101111001000101110100011011101110101110101100 0.9721999764442444
0001110110001011101110101111001000001110100111111101110101110101100 0.9721999764442444
0001110110001011101110101111001000001110100111111101111000111101100 0.9715999960899353
0001110111001011101100101110001111110100100001011101101001100101100 0.9714000225067139
0001110110001011101110101111101111110100100000011101101001100101100 0.9714000225067139
0001110110001011101110101111001000001110100111111001110101110101100 0.9710999727249146
0000110110001011101110101111001000101110100111111101110101110101100 0.9710000157356262
1101010001001110101101011110001000101100100001101110001010100011111 0.9708999991416931
0000110110001011101101011110101100001101000111111101110101100101100 0.9708999991416931
0001110010001011101100101111001111100100100001011110001110010101100 0.97079998254776
0000110110110011101110101111001001001110000001101101110101110101100 0.9707000255584717
0001110110001011101110101111001000001110100001011101111000101101100 0.9702000021934509
0000101110110111100011011111001000101110100111111101110101101101100 0.9700999855995178
0000101110110111100011011100011001001110100001011101010101101100110 0.9696999788284302
0001110110001011101100101111001100001110100000011110110000110101100 0.9696000218391418
0000101110101001100101011110101001001110100001011101110101101100110 0.9695000052452087
1101010001001110001001011100001000101110100111111101111001100011111 0.9693999886512756
0000110110110111100011011100001001001110100001101101010101110100110 0.9693999886512756
[0.9480999708175659, 0.9556999802589417, 0.9581000208854675, 0.9581000208854675, 0.9595999717712402, 0.9595999717712402, 0.9693999886512756, 0.9693999886512756, 0.9693999886512756, 0.9693999886512756, 0.9693999886512756, 0.9693999886512756, 0.9708999991416931, 0.9708999991416931, 0.9708999991416931, 0.9715999960899353, 0.9715999960899353, 0.9715999960899353, 0.9715999960899353, 0.9715999960899353, 0.9726999998092651, 0.9726999998092651, 0.9726999998092651, 0.9726999998092651, 0.9726999998092651, 0.9726999998092651, 0.9726999998092651, 0.9736999869346619, 0.975600004196167, 0.975600004196167]
[0, 0, 0, 1, 1, 1, 0, 1, 1, 1, 0, 0, 1, 0, 1, 1, 1, 0, 1, 1, 0, 1, 0, 1, 1, 1, 1, 0, 1, 0, 1, 0, 0, 1, 0, 0, 1, 1, 1, 0, 1, 0, 0, 0, 0, 1, 0, 1, 1, 1, 0, 1, 1, 1, 0, 1, 0, 1, 1, 1, 0, 1, 0, 1, 1, 0, 0] 0.975600004196167 0.7669300032986535