Downloading data from https://storage.googleapis.com/tensorflow/tf-keras-datasets/mnist.npz
11493376/11490434 [==============================] - 0s 0us/step
11501568/11490434 [==============================] - 0s 0us/step
Generation 1
0100100000010110110100010100001100101100100110011000011001111010110 0.20059999823570251
0001111011001111110010000111100010101010111110010110010100111110110 0.5314000248908997
1101110111000001111011110001101111001010111011101011100000000110101 0.1160999983549118
0100111101001111000000001001001111000101011110101000001000010010001 0.09510000050067902
0000110111011001010001111111100110001100100011100010001111000110110 0.9262999892234802
0000010011000010111001010000011010001111011010111000111000010110010 0.20659999549388885
1101001100001010101001010101101010000100111011001011110110101001000 0.1257999986410141
0101000100000001110000011100111000010000001101001100011001100010000 0.1160999983549118
1100100011001101000100110000110111010111000000001111110110111011010 0.12489999830722809
1000110111001011101101010000100001101000110010110101001100010010100 0.8671000003814697
0000111001111100100011010010110000101111100101111000000001100111111 0.34459999203681946
1100011001010101110000101011011101001001100100110001100011010100011 0.6904000043869019
1001100111000101000000111110110110001111001011000010011010100100111 0.11349999904632568
1101011100010101001001000010110101000011101111011110011011100011011 0.09929999709129333
0001011111001011101100011100100000010110100110100110100101100001011 0.8675000071525574
1000011001110101011000001011001011101000001010111111110101111000011 0.19120000302791595
1000001111010000111010011100010110111010111001011001100001100010101 0.12960000336170197
0101000111001100101000010101001110001101010000111011110000111101010 0.776199996471405
0100011001010110001101010110010001001000000110000100011010011110101 0.06870000064373016
0100011110101000011001001110011110100010010001001110111100000000101 0.503000020980835
0100011110011111100101011110000101110000100100100100100100101110011 0.1031000018119812
1100000011010110111001100011011001101101110101011000011101000110010 0.10180000215768814
1000011100011011101110100011111011010100110101010010011111100111001 0.1657000035047531
1100100110101100011010101110001001010111101001010101011001110111000 0.21459999680519104
0000001100110010011101000100001001101100101011001011010111000101100 0.8256000280380249
[0.9262999892234802]
[0, 0, 0, 0, 1, 1, 0, 1, 1, 1, 0, 1, 1, 0, 0, 1, 0, 1, 0, 0, 0, 1, 1, 1, 1, 1, 1, 1, 1, 0, 0, 1, 1, 0, 0, 0, 1, 1, 0, 0, 1, 0, 0, 0, 1, 1, 1, 0, 0, 0, 1, 0, 0, 0, 1, 1, 1, 1, 0, 0, 0, 1, 1, 0, 1, 1, 0] 0.9262999892234802 0.8442838443443179
Generation 2
0000110111011001010001111111100110001100100011100010001111000110110 0.9262999892234802
0000110111011001010000101111011101001000100011100001100011010100110 0.9538999795913696
0001010111001011111001010000011000010110100110111000111000100001111 0.9395999908447266
0000110111011001010001111111100110001100100011100010001111000110110 0.9262999892234802
1100110111011011101101010000100001101000110001001110111100000000110 0.8834999799728394
0101000111001101110000100101001110001101010000111011110000011101011 0.8827000260353088
0001011111001011101100011100100000010110100110100110100101100001011 0.8675000071525574
1000110111001011101101010000100001101000110010110101001100010010100 0.8671000003814697
1000011100011011001110100011100001101000110010110110001100000111001 0.8589000105857849
0100100000011001010001111111100110001100100110011000001001111010110 0.8406999707221985
0000001100110010011101000100001001101100101011001011010111000101100 0.8256000280380249
0101000111001100101000010101001110001101010000111011110000111101010 0.776199996471405
0100011110101000011001001110001110100010010010110101011100010010101 0.7379999756813049
0000110111010110110100010100001100101100100011100010011111000110110 0.7103999853134155
1100011001010101110000101011011101001001100100110001100011010100011 0.6904000043869019
0001111011001111110010000111100010101010111110010100010100111110110 0.6577000021934509
0000011110101001010001111110011110100010010001001110111100000010110 0.6502000093460083
0001111011001111110010000111100010101010111110010110010100111110110 0.6459000110626221
1100011001010100101000011011011101001001100100110001100011010100010 0.6245999932289124
0001111011001111110010000111100010101010111110010110010100111110110 0.5314000248908997
0100011110101000011001001110011110100010010001001110111100000000101 0.503000020980835
0000001111001100101000010101001110001101110000111011010111111101000 0.46470001339912415
1100100110101100011010101110001001110111101011010001100001110101001 0.3456000089645386
0000111001111100100011010010110000101111100101111000000001100111111 0.34459999203681946
1000110111001011101101010000111011010100110101010001011111110010100 0.27160000801086426
1000110111001011101101010000100001100000110010100010011110100000110 0.25450000166893005
Generation 3
0000110111011001010000101111011101001000100011100001100011010100110 0.9538999795913696
0101100111001011101101010000100101101100110010110101001100011101100 0.957099974155426
0000110111011001010000101111011101001000100011100001100011010100110 0.9538999795913696
0001010111001011111001010000011000010110100110111000111000100001111 0.9395999908447266
1100110111011010101101010000100001101000110001000110100101100000111 0.9348000288009644
0000110111011001010001111111100110001100100011100010001111000110110 0.9262999892234802
0100011110101000010001001110011000100110100110111000111000100001111 0.9139000177383423
0001010111001011111001010000011000010110100110110100111000000111101 0.9041000008583069
1100110111011011101101010000100001101000110001001110111100000000110 0.8834999799728394
0101000111001101110000100101001110001101010000111011110000011101011 0.8827000260353088
0101000111001101110000100100001001101100010000111011110001000101011 0.8823000192642212
0101000111001101110000100101011101001001100100110011110011011101011 0.882099986076355
0101000111001101110000100101001110001101010000111001110000010101110 0.8805999755859375
0000111111011001010000101111011101001000100011100011100011011100011 0.875
0001011111001011101100011100100000010110100110100110100101100001011 0.8675000071525574
1000110111001011101101010000100001101000110010110101001100010010100 0.8671000003814697
1000011100011011001110100011100001101000110010110110001100000111001 0.8589000105857849
1000011100011011001110100011100001001100100110011000001001110111101 0.8489999771118164
0000001100110010011001000101001110001101101011001011010110011101100 0.847100019454956
0100100000011001010001111111100110001100100110011000001001111010110 0.8406999707221985
0000001100110010011101000100001001101100101011001011010111000101100 0.8256000280380249
0001111011001111110000000111100010101010111110010100010001111010110 0.8230999708175659
0101000111001100101000010101001110001101010000111011110000111101010 0.776199996471405
1000011100011011001110100011100001101100110010110110001100110111011 0.7753999829292297
0100011110101000011001001110001110100010010010110101011100010010101 0.7379999756813049
0000110111010110110100010100001100101100100011100010011111000110110 0.7103999853134155
Generation 4
0101100111001011101101010000100101101100110010110101001100011101100 0.957099974155426
0101110111001011101101010000100101101100110010110101001100011101100 0.9660000205039978
0101100111001011101101010000100101101100110010110101001100011101100 0.957099974155426
0101100111001011101101010000100101101100110010110101001101011101100 0.9557999968528748
0000111111011001010000101111011101001110100111111000111000100001111 0.9556999802589417
0000110111011001010000101111011101001000100011100001100011010100110 0.9538999795913696
0001011111001011101100011101011101001000100011100010100111100100011 0.9419000148773193
0001010111001011111001010000011000010110100110111000111000100001111 0.9395999908447266
0001011111001011101100111100111000010110100110111000111001100001111 0.9373000264167786
1100110111011010101101010000100001101000110001000110100101100000111 0.9348000288009644
0101100111001011101101010000100101101100110000111011110001011101010 0.9266999959945679
0000110111011001010001111111100110001100100011100010001111000110110 0.9262999892234802
0001010111001011111001010000011000000110100110111000111000100001111 0.9235000014305115
0100011110101000010001001110011000100110100110111000111000100001111 0.9139000177383423
0000111111011101110000101111011101001000100100110011100011011100011 0.9124000072479248
0101000111001101110000100110001001101100010010110001001100000101101 0.9092000126838684
0100011110101000010001001110011000110110100110111000111000100001111 0.9053000211715698
0001010111001011111001010000011000010110100110110100111000000111101 0.9041000008583069
0001010111001011111001010000011000010000100010100011100011011100011 0.8845000267028809
1100110111011011101101010000100001101000110001001110111100000000110 0.8834999799728394
0101000111001101110000100101001110001101010000111011110000011101011 0.8827000260353088
0101000111001101110000100100001001101100010000111011110001000101011 0.8823000192642212
0101000111001101110000100101011101001001100100110011110011011101011 0.882099986076355
0101000111001101110000100101001110001101010000111001110000010101110 0.8805999755859375
0000111111011001010000101111011101001000100011100011100011011100011 0.875
0101000111001101110000100100001001101100010000111011110011000101011 0.8716999888420105
Generation 5
0101110111001011101101010000100101101100110010110101001100011101100 0.9660000205039978
0101110111001011101101010000100101101100110010110101001100011101100 0.9660000205039978
0101100111001011101101010000100101101100110010110101001100011101100 0.957099974155426
0101100111001011101101010000100101101100110010110101001101011101100 0.9557999968528748
0000111111011001010000101111011101001110100111111000111000100001111 0.9556999802589417
0000110111011001010000101111011110001000100011100000000011010100110 0.9545000195503235
0000110111011001010000101111011101001000100011100001100011010100110 0.9538999795913696
1100110111011011101101010000110001101100110001001110111100011101110 0.9506000280380249
0000110111011001010000101111011101001000010010110001000011010111100 0.9496999979019165
0000110111011001010000101111011101001000100011100001100011010100110 0.9467999935150146
0001011111001011101100011101011101001000100011100010100111100100011 0.9419000148773193
0001010111001011111001010000011000010110100110111000111000100001111 0.9395999908447266
0001011111001011101100111100111000010110100110111000111001100001111 0.9373000264167786
1100110111011010101101010000100001101000110001000110100101100000111 0.9348000288009644
0101000111001011101101010000100101101100110010110001001100011101100 0.9273999929428101
0101100111001011101101010000100101101100110000111011110001011101010 0.9266999959945679
0000110111011001010001111111100110001100100011100010001111000110110 0.9262999892234802
0000111111011101110000101111011101001000100100110011100011011101011 0.9243000149726868
0000110111011001010001111111100110001100100011100010001111000110110 0.9240000247955322
0001010111001011111001010000011000000110100110111000111000100001111 0.9235000014305115
1100110111011010101101000000100001101000110001000010001111000100110 0.919700026512146
0100011110101000010001001110011000100110100110111000111000100001111 0.9139000177383423
0000111111011101110000101111011101001000100100110011100011011100011 0.9124000072479248
0101000111001101110000100110001000010110100110110001001100100101101 0.9122999906539917
0101000111001101110000100110001001101100010010110001001100000101101 0.9092000126838684
0100011110101000010001001110011000110110100110111000111000100001111 0.9053000211715698
Generation 6
0101110111001011101101010000100101101100110010110101001100011101100 0.9660000205039978
1100110111111011101101010000011101001000100100110011111100011101100 0.9661999940872192
0101110111001011101101010000100101101100110010110101001100011101100 0.9660000205039978
0000111111011001010000001111011101001110100111111000111000100011111 0.9648000001907349
1100110111011001010001010000100001101000110011100000000011010100110 0.9577999711036682
0101100111001011101101010000100101101100110010110101001100011101100 0.957099974155426
0000111111011101110000101111110001101100110001001110100011011101011 0.9567999839782715
0101100111001011101101010000100101101100110010110101001101011101100 0.9557999968528748
0000111111011001010000101111011101001110100111111000111000100001111 0.9556999802589417
0000110111011001010000101111011110001000100011100000000011010100110 0.9545000195503235
1100110111011010101101010000110001101100110001001110100110001101011 0.9545000195503235
0000110111011001010000101111011101001000100011100001100011010100110 0.9538999795913696
1100110111011011101101010000110001101100110001001110111100011101110 0.9506000280380249
0000110111011010101100101111011110001000100001000110100101100000111 0.9501000046730042
0000110111011001010000101111011101001000010010110001000011010111100 0.9496999979019165
0000110111011001010000101111011101001000100011100001100011010100110 0.9467999935150146
0001011111001011101100011101011101001000100011100010100111100100011 0.9419000148773193
0001011111001010101100111100111000010110100110111000111011011101011 0.9401999711990356
1100110111011010101101000000100001101000110010110001000011010101100 0.9397000074386597
0001010111001011111001010000011000010110100110111000111000100001111 0.9395999908447266
0000111111011101110000101011011101001000100011100010100111111100011 0.9390000104904175
0001011111001011101100111100111000010110100110111000111001100001111 0.9373000264167786
1100110111011010101101010000100001101000110001000110100101100000111 0.9348000288009644
0101000111001011101101010000100101101100110010110001001100011101100 0.9273999929428101
0101100111001011101101010000100101101100110000111011110001011101010 0.9266999959945679
0000110111011001010001111111100110001100100011100010001111000110110 0.9262999892234802
Generation 7
1100110111111011101101010000011101001000100100110011111100011101100 0.9661999940872192
0000111111011001010000001111011101011000000111111001000011010111100 0.9706000089645386
1100110111111011101101010000011101001000100100110011111100011101100 0.9661999940872192
0101110111001011101101010000100101101100110010110101001100011101100 0.9660000205039978
0000111111011001010000001111011101001110100111111000111000100011111 0.9648000001907349
1100110111011001010001010000100001101000110011100000000011010100110 0.9577999711036682
0001011111001010101101010000111000010100110010110101001100011101100 0.9574000239372253
0101100111001011101101010000100101101100110010110101001100011101100 0.957099974155426
0000111111011101110000101111110001101100110001001110100011011101011 0.9567999839782715
1100110111011010101100101111011110001000100001000110100101000101101 0.9560999870300293
0101100111001011101101010000100101101100110010110101001101011101100 0.9557999968528748
0000111111011001010000101111011101001110100111111000111000100001111 0.9556999802589417
0000110111011001010000101111011110001000100011100000000011010100110 0.9545000195503235
1100110111011010101101010000110001101100110001001110100110001101011 0.9545000195503235
0000110111011001010000101111011101001000100011100001100011010100110 0.9538999795913696
0000110111011010101100001111011101001110100111111000111001100010111 0.9523000121116638
1100110111011011101101010000110001101100110001001110111100011101110 0.9506000280380249
0000110111011010101100101111011110001000100001000110100101100000111 0.9501000046730042
0000110111011001010000101111011101001000010010110001000011010111100 0.9496999979019165
1100110111011010101101010000100001101100110001001110100001111101011 0.9491000175476074
0000110111011001010000101111011101001000100011100001100011010100110 0.9467999935150146
1100111111011010101101010000100001101000110001000110100101100001111 0.9451000094413757
0001010111001011111001010001011000010110100110111010100101100001111 0.9430999755859375
0001011111001011101100011101011101001000100011100010100111100100011 0.9419000148773193
0001011111001010101100111100111000010110100110111000111011011101011 0.9401999711990356
1100110111011010101101000000100001101000110010110001000011010101100 0.9397000074386597
Generation 8
0000111111011001010000001111011101011000000111111001000011010111100 0.9706000089645386
0000111111011001010000001111011101011000000111111001000011010111100 0.9706000089645386
1100110111111011101101010000011101001000100100110011111100011101100 0.9661999940872192
0101110111001011101101010000110001101100110001001110111100011101100 0.9661999940872192
0101110111001011101101010000100101101100110010110101001100011101100 0.9660000205039978
0000111111011001010000001111011101001110100111111000111000100011111 0.9648000001907349
0101111111001011101101010000100101101100110010110001011100011101100 0.9646000266075134
1100110111011001010001010000100001101000110011100000000011010100110 0.9577999711036682
0001011111001010101101010000111000010100110010110101001100011101100 0.9574000239372253
0101100111001011101101010000100101101100110010110101001100011101100 0.957099974155426
0000111111011101110000101111110001101100110001001110100011011101011 0.9567999839782715
1100110111011010101100101111011110001000100001000110100101000101101 0.9560999870300293
0101100111001011101101010000100101101100110010110101001101011101100 0.9557999968528748
0000111111011001010000101111011101001110100111111000111000100001111 0.9556999802589417
0101100111001011101101010000100101101000110010110101001101011101100 0.9545999765396118
0000110111011001010000101111011110001000100011100000000011010100110 0.9545000195503235
1100110111011010101101010000110001101100110001001110100110001101011 0.9545000195503235
0000110111011001010000101111011101001000100011100001100011010100110 0.9538999795913696
0101100111001011101101010000100101101100110010110111001100011101100 0.9528999924659729
0000110111011010101100001111011101001110100111111000111001100010111 0.9523000121116638
1100110111011011101101010000110001101100110001001110111100011101110 0.9506000280380249
0000110111011010101100101111011110001000100001000110100101100000111 0.9501000046730042
0000110111011001010000101111011101001000010010110001000011010111100 0.9496999979019165
1100110111011010101101010000100001101100110001001110100001111101011 0.9491000175476074
0001011111001010101100111100111000010110100110111000111100011101100 0.9470999836921692
0000110111011001010000101111011101001000100011100001100011010100110 0.9467999935150146
Generation 9
0000111111011001010000001111011101011000000111111001000011010111100 0.9706000089645386
0000111111011001010000001111011101011000000111111001000011010111100 0.9706000089645386
0000110111011010101100111100111000001000100001000100111100010101101 0.9663000106811523
1100110111111011101101010000011101001000100100110011111100011101100 0.9661999940872192
0101110111001011101101010000110001101100110001001110111100011101100 0.9661999940872192
0101110111001011101101010000100101101100110010110101001100011101100 0.9660000205039978
0101110111001011101101010000110001001100110011100000011100011101100 0.964900016784668
0000111111011001010000001111011101001110100111111000111000100011111 0.9648000001907349
0101111111001011101101010000100101101100110010110001011100011101100 0.9646000266075134
0101110111001011101101010000110001101100110001001000111100011101100 0.9628000259399414
0000110111011001010000101111011110001000100001001110100011010100110 0.9605000019073486
0000111111011001010000101111011101001110100111111000111001100010111 0.9581000208854675
1100110111011001010001010000100001101000110011100000000011010100110 0.9577999711036682
0001011111001010101101010000111000010100110010110101001100011101100 0.9574000239372253
0101100111001011101101010000100101101100110010110101001100011101100 0.957099974155426
0000111111011101110000101111110001101100110001001110100011011101011 0.9567999839782715
1100110111011010101100101111011110001000100001000110100101000101101 0.9560999870300293
0101100111001011101101010000100101101100110010110101001101011101100 0.9557999968528748
0000111111011001010000101111011101001110100111111000111000100001111 0.9556999802589417
0101100111001011101101010000100101101000110010110101001101011101100 0.9545999765396118
0000110111011001010000101111011110001000100011100000000011010100110 0.9545000195503235
1100110111011010101101010000110001101100110001001110100110001101011 0.9545000195503235
1100110111011011101101010000111001101100110001001110111100011101110 0.9545000195503235
0000110111011010101100101111011111001000110001001110100111100001111 0.9541000127792358
0000110111011001010000101111011101001000100011100001100011010100110 0.9538999795913696
1100110111111011101101010000011101001000110001001110101011011101101 0.9538000226020813
Generation 10
0000111111011001010000001111011101011000000111111001000011010111100 0.9706000089645386
0101110011001011101101010001110001101100110001111101000011011101100 0.9714999794960022
0000111111011001010000001111011101011000000111111001000011010111100 0.9706000089645386
0000110111011010101100111100111000001000100001000100111100010101101 0.9663000106811523
1100110111111011101101010000011101001000100100110011111100011101100 0.9661999940872192
0101110111001011101101010000110001101100110001001110111100011101100 0.9661999940872192
0101110111001011101101010000100101101100110010110101001100011101100 0.9660000205039978
0000110111011010101100111100111000001000100011100000000011010101100 0.9652000069618225
0101110111001011101101010000110001001100110011100000011100011101100 0.964900016784668
0000111111011001010000001111011101001110100111111000111000100011111 0.9648000001907349
0101111111001011101101010000100101101100110010110001011100011101100 0.9646000266075134
0001110111001011101101010000110001001100110011100000011100011101100 0.9646000266075134
0101110111001011101101010000110001101100110001001000111100011101100 0.9628000259399414
0101110111001011101101010000110001101100110001001110111100011101100 0.9616000056266785
0000110111011001010000101111011110001000100001001110100011010100110 0.9605000019073486
0000111111011001010001010000110001101110100101001100111100011111110 0.9591000080108643
0000111111011001010000101111011101001110100111111000111001100010111 0.9581000208854675
1100110111111001101101010000011101001000100100110011111010011101100 0.9578999876976013
1100110111011001010001010000100001101000110011100000000011010100110 0.9577999711036682
0001011111001010101101010000111000010100110010110101001100011101100 0.9574000239372253
0101100111001011101101010000100101101100110010110101001100011101100 0.957099974155426
0000111111011101110000101111110001101100110001001110100011011101011 0.9567999839782715
1100110111011010101100101111011110001000100001000110100101000101101 0.9560999870300293
0101100111001011101101010000100101101100110010110101001101011101100 0.9557999968528748
0000111111011001010000101111011101001110100111111000111000100001111 0.9556999802589417
0000110111011001010000101111011000001000100011101110111100011101100 0.9555000066757202
Generation 11
0101110011001011101101010001110001101100110001111101000011011101100 0.9714999794960022
0101110011001011101101010001110001101100110001111101000011011101100 0.9714999794960022
0000111111011001010000001111011101011000000111111001000011010111100 0.9706000089645386
0000111111011001010001001111011101011000000111110001000011011111100 0.968999981880188
0101110011001011101101010001110001101100110001111101000000011101100 0.9684000015258789
0101110011001011101101010000110000001000100011101110111100011101100 0.9677000045776367
0101110011001011101101010001111101001000110001110011111100011101100 0.967199981212616
0000110111011010101100111100111000001000100001000100111100010101101 0.9663000106811523
1100110111111011101101010000011101001000100100110011111100011101100 0.9661999940872192
0101110111001011101101010000110001101100110001001110111100011101100 0.9661999940872192
0101110111001011101101010000100101101100110010110101001100011101100 0.9660000205039978
0000110111011010101100111100111000001000100011100000000011010101100 0.9652000069618225
0101110111001011101101010000110001001100110011100000011100011101100 0.964900016784668
0000111111011001010000001111011101001110100111111000111000100011111 0.9648000001907349
0101111111001011101101010000100101101100110010110001011100011101100 0.9646000266075134
0001110111001011101101010000110001001100110011100000011100011101100 0.9646000266075134
0101110111001011101101010000110001101100110001001000111100011101100 0.9628000259399414
1100110111111001101101010000011000001000100001110011111010011101100 0.9617999792098999
0101110111001011101101010000110001101100110001001110111100011101100 0.9616000056266785
0000110111001011101101001111011000001000100011101110110011011101100 0.9613999724388123
0000110111011001010000101111011110001000100001001110100011010100110 0.9605000019073486
0000111111011001010001010000110001101110100101001100111100011111110 0.9591000080108643
0000111111011001010000101111011101001110100111111000111001100010111 0.9581000208854675
0101110111001011101101010000110001101100110001001110111100011101100 0.9580000042915344
1100110111111001101101010000011101001000100100110011111010011101100 0.9578999876976013
1100110111011001010001010000100001101000110011100000000011010100110 0.9577999711036682
Generation 12
0101110011001011101101010001110001101100110001111101000011011101100 0.9714999794960022
0101110011001011101101010000100101001000100001101110111100011101100 0.9722999930381775
0101110011001011101101010001110001101100110001111101000011011101100 0.9714999794960022
0000111111011001010000001111011101011000000111111001000011010111100 0.9706000089645386
0101110110001011101101010000000101101100110010110101001100011101100 0.9696999788284302
0000110111001011101101001100011000001000100001110011111010011101100 0.9690999984741211
0000111111011001010001001111011101011000000111110001000011011111100 0.968999981880188
0101110011001011101101010001110001101100110001111101000000011101100 0.9684000015258789
0101111111001011101101010000100101101000100001110001011100010101100 0.9679999947547913
0101110011001011101101010000110000001000100011101110111100011101100 0.9677000045776367
0101110011001011101101010001111101001000110001110011111100011101100 0.967199981212616
0000111111011001010001010010110001101110100101001100111100011111110 0.9670000076293945
0000110111011010101100111100111000001000100001000100111100010101101 0.9663000106811523
1100110111111011101101010000011101001000100100110011111100011101100 0.9661999940872192
0101110111001011101101010000110001101100110001001110111100011101100 0.9661999940872192
0101110111001011101101010000100101101100110010110101001100011101100 0.9660000205039978
0000110111011010101100111100111000001000100011100000000011010101100 0.9652000069618225
0101110111001011101101010000110001001100110011100000011100011101100 0.964900016784668
0000111111011001010000001111011101001110100111111000111000100011111 0.9648000001907349
0101111111001011101101010000100101101100110010110001011100011101100 0.9646000266075134
0001110111001011101101010000110001001100110011100000011100011101100 0.9646000266075134
0000111111011001010001010000110011101110100101001100111100011111110 0.9643999934196472
0101110111001011101101010000110001101100110001001000111100011101100 0.9628000259399414
1100110111111001101101010000011000001000100001110011111010011101100 0.9617999792098999
0101110111001011101101010000110001101100110001001110111100011101100 0.9616000056266785
0000110111001011101101001111011000001000100011101110110011011101100 0.9613999724388123
Generation 13
0101110011001011101101010000100101001000100001101110111100011101100 0.9722999930381775
0000111111011001010000001110011101001000100111111011111000011101100 0.973800003528595
0101110011001011101101010000100101001000100001101110111100011101100 0.9722999930381775
0101110011001011101101010001110001101100110001111101000011011101100 0.9714999794960022
0000111111011001010000001111011101011000000111111001000011010111100 0.9706000089645386
0000111111011001010100001111011101011000000001110001000011011101100 0.9700000286102295
0101110110001011101101010000000101101100110010110101001100011101100 0.9696999788284302
0000110111001011101101001100011000001000100001110011111010011101100 0.9690999984741211
0000111111011001010001001111011101011000000111110001000011011111100 0.968999981880188
0101110011001011101101010001110001101100110001111101000000011101100 0.9684000015258789
0101111111001011101101010000100101101000100001110001011100010101100 0.9679999947547913
0101110111001011101101001100011000001000100001110011111100011101100 0.9679999947547913
0101110011001011101101010000110000001000100011101110111100011101100 0.9677000045776367
0000110111011010101100111100111000101000100011100000011001010101100 0.9674999713897705
0101110011001011101101010001111101001000110001110011111100011101100 0.967199981212616
0000111111011001010001010010110001101110100101001100111100011111110 0.9670000076293945
0000110111011010101100111100111000001000100001000100111100010101101 0.9663000106811523
1100110111111011101101010000011101001000100100110011111100011101100 0.9661999940872192
0101110111001011101101010000110001101100110001001110111100011101100 0.9661999940872192
0101110111001011101101010000100101101100110010110101001100011101100 0.9660000205039978
0000110111011010101100111100111000001000100011100000000011010101100 0.9652000069618225
0101110111001011101101010000110001001100110011100000011100011101100 0.964900016784668
0000111111011001010000001111011101001110100111111000111000100011111 0.9648000001907349
0000110111011010101100111000110000001000100011101110111011011101100 0.9646999835968018
0101111111001011101101010000100101101100110010110001011100011101100 0.9646000266075134
0001110111001011101101010000110001001100110011100000011100011101100 0.9646000266075134
Generation 14
0000111111011001010000001110011101001000100111111011111000011101100 0.973800003528595
0000111111011001010000001110011101001000100111111011111000011101100 0.973800003528595
0000111111011010100100001111011101011010000001110001000010010101100 0.9728999733924866
0000111111011001010100010000110000011000000001110001000011011101100 0.972599983215332
0000111111011001010000001110011101001000100111111011111100011101100 0.9724000096321106
0101110011001011101101010000100101001000100001101110111100011101100 0.9722999930381775
0101110011001011101101010001110001101100110001111101000011011101100 0.9714999794960022
0000110111001011101101010000011101001000100001110011111000011101100 0.9711999893188477
0000111111011001010000001111011101011000000111111001000011010111100 0.9706000089645386
0000111111011001010100001111011101011000000001110001000011011101100 0.9700000286102295
0101110110001011101101010000000101101100110010110101001100011101100 0.9696999788284302
0000111111011001110001010010110001101110100001110011111100011111100 0.9696000218391418
0000110111001011101101001100011000001000100001110011111010011101100 0.9690999984741211
0000111111011001010001001111011101011000000111110001000011011111100 0.968999981880188
0101110011001011101101010001110001101100110001111101000000011101100 0.9684000015258789
0000111111011001010001010010110001101110100101001100111100011111110 0.9682999849319458
0101111111001011101101010000100101101000100001110001011100010101100 0.9679999947547913
0101110111001011101101001100011000001000100001110011111100011101100 0.9679999947547913
0101110011001011101101010000110000001000100011101110111100011101100 0.9677000045776367
0101111111001011101101010000100101101000100001100001011100010101100 0.9675999879837036
0000110111011010101100111100111000101000100011100000011001010101100 0.9674999713897705
0101110011001011101101001111011101001000100011101110111100011101100 0.9674000144004822
0101110011001011101101010001111101001000110001110011111100011101100 0.967199981212616
0000111111011001010001010010110001101110100101001100111100011111110 0.9670000076293945
0000110111011010101100111100111000001000100001000100111100010101101 0.9663000106811523
1100110111111011101101010000011101001000100100110011111100011101100 0.9661999940872192
Generation 15
0000111111011001010000001110011101001000100111111011111000011101100 0.973800003528595
0101110011001011101101110001111101001000110001110001111110011101100 0.9794999957084656
0000111111011001010000001110011101001000100111111011111000011101100 0.973800003528595
0000111111011001010000001110011101011000100111111011111000011101100 0.9736999869346619
0000111111011010100100001111011101011010000001110001000010010101100 0.9728999733924866
0000111111011001010100010000110000011000000001110001000011011101100 0.972599983215332
0000111111011001010000001110011101001000100111111011111100011101100 0.9724000096321106
0101110011001011101101010000100101001000100001101110111100011101100 0.9722999930381775
0000111111011001010000001110011101001000100111111011111000010101100 0.9718999862670898
0101111111001011101101010000100101101000100001100001011100011101100 0.9718000292778015
0101110011001011101101010000110000001000100011101110111100011101100 0.9717000126838684
0101110110001011101101010000001101101100110010110101001100011101100 0.9715999960899353
0101110011001011101101010001110001101100110001111101000011011101100 0.9714999794960022
0000110111001011101101010000011101001000100001110011111000011101100 0.9711999893188477
0000111111011001010000001111011101011000000111111001000011010111100 0.9706000089645386
0101110011001011101101010000110000001000100011101110111100011101100 0.9703999757766724
0000111111011001010100001111011101011000000001110001000011011101100 0.9700000286102295
0101110110001011101101010000000101101100110010110101001100011101100 0.9696999788284302
0000111111011001110001010010110001101110100001110011111100011111100 0.9696000218391418
0000110111001011101101001100011000001000100001110011111010011101100 0.9690999984741211
0000111111011001010001001111011101011000000111110001000011011111100 0.968999981880188
0101111111001011101101010000100101101100110001111101011100011101100 0.9689000248908997
0000111111011001010000001110011101001000100111111011111000011101100 0.968500018119812
0101110011001011101101010001110001101100110001111101000000011101100 0.9684000015258789
0000111111011001010001010010110001101110100101001100111100011111110 0.9682999849319458
0101111111001011101101010000100101101000100001110001011100010101100 0.9679999947547913
Generation 16
0101110011001011101101110001111101001000110001110001111110011101100 0.9794999957084656
0101110011001011101101110001111101001000110001110001111110011101100 0.9794999957084656
0001110011001011101101110001111101001000110001110001111110011101100 0.9760000109672546
0000111111001011101101010001011101011110000001110001001100011101100 0.9753999710083008
0101110011001011101101110001111101001000110001110001001010010101100 0.9739000201225281
0000111111011001010000001110011101001000100111111011111000011101100 0.973800003528595
0000111111011001010000001110011101011000100111111011111000011101100 0.9736999869346619
0101111111001011101101010000100101101000100001110001011100010101100 0.9735999703407288
0000111111011010100100001111011101011010000001110001000010010101100 0.9728999733924866
0000111111011001010100010000110000011000000001110001000011011101100 0.972599983215332
0000111111011001010000001110011101001000100111111011111100011101100 0.9724000096321106
0101110011001011101101010000100101001000100001101110111100011101100 0.9722999930381775
0000111111011001010000001110011101001000100111111011111000010101100 0.9718999862670898
0101111111001011101101010000100101101000100001100001011100011101100 0.9718000292778015
0101110011001011101101010000110000001000100011101110111100011101100 0.9717000126838684
0101110110001011101101010000001101101100110010110101001100011101100 0.9715999960899353
0101110011001011101101010001110001101100110001111101000011011101100 0.9714999794960022
0000110111001011101101010000011101001000100001110011111000011101100 0.9711999893188477
0101110011001011101101110001110101001000100011110000111100011101100 0.9708999991416931
0101110001001011101101010000110000001000100011101110111100011101100 0.9707000255584717
0000111111011001010000001111011101011000000111111001000011010111100 0.9706000089645386
0101110011001011101101010000110000001000100011101110111100011101100 0.9703999757766724
0000111111011001010100001111011101011000000001110001000011011101100 0.9700000286102295
0101110110001011101101010000000101101100110010110101001100011101100 0.9696999788284302
0000111111011001110001010010110001101110100001110011111100011111100 0.9696000218391418
1000111111011001010100001111011101011000000001110001000011010101100 0.9695000052452087
Generation 17
0101110011001011101101110001111101001000110001110001111110011101100 0.9794999957084656
0101110011001011101101110001111101001000110001110001111110011101100 0.9794999957084656
0001110011001011101101110001111101001000110001110001111110011101100 0.9760000109672546
0000111111001011101101010001011101011110000001110001001100011101100 0.9753999710083008
0101110011001011101101110001111101001000110001110001001010010101100 0.9739000201225281
0000111111011001010000001110011101001000100111111011111000011101100 0.973800003528595
0000111111011001010000001110011101011000100111111011111000011101100 0.9736999869346619
0101111111001011101101010000100101101000100001110001011100010101100 0.9735999703407288
0000111111011001010000001110011101001000100111111011111100011101100 0.9732999801635742
0000111111011010100100001111011101011010000001110001000010010101100 0.9728999733924866
0000110111001011101101010000000101001100110001110011111100011101100 0.9728000164031982
0000111111011001010100010000110000011000000001110001000011011101100 0.972599983215332
0000111111011001010000001110011101001000100111111011111100011101100 0.9724000096321106
0101110011001011101101010000100101001000100001101110111100011101100 0.9722999930381775
0101110110001011101101010010011101011110000001110100101100011101100 0.972000002861023
0000111111011001010000001110011101001000100111111011111000010101100 0.9718999862670898
0101111111001011101101010000100101101000100001100001011100011101100 0.9718000292778015
0101110011001011101101010000110000001000100011101110111100011101100 0.9717000126838684
0101110110001011101101010000001101101100110010110101001100011101100 0.9715999960899353
0000111111011001010010001110011000011000100111101111111000011101100 0.9715999960899353
0101110011001011101101010001110001101100110001111101000011011101100 0.9714999794960022
0000110111001011101101010000011101001000100001110011111000011101100 0.9711999893188477
0101110011001011101101110001110101001000100011110000111100011101100 0.9708999991416931
0101110001001011101101010000110000001000100011101110111100011101100 0.9707000255584717
0000111111011001010000001111011101011000000111111001000011010111100 0.9706000089645386
0101110011001011101101010000110000001000100011101110111100011101100 0.9703999757766724
Generation 18
0101110011001011101101110001111101001000110001110001111110011101100 0.9794999957084656
0101110011001011101101110001111101001000110001110001111110011101100 0.9794999957084656
0001110011001011101101110001111101001000110001110001111110011101100 0.9760000109672546
0000111111001011101101010001011101011110000001110001001100011101100 0.9753999710083008
0000111111011001010000001111011101010000000111111111111000011111100 0.9743000268936157
0101110011001011101101110001111101001000110001110001001010010101100 0.9739000201225281
0000111111011001010000001110011101001000100111111011111000011101100 0.973800003528595
0000111111011001010100010000110000001000000001110011111000011101100 0.973800003528595
0000111111011001010000001110011101011000100111111011111000011101100 0.9736999869346619
0101111111001011101101010000100101101000100001110001011100010101100 0.9735999703407288
0000111111011001010000001110011101001000100111111011111100011101100 0.9732999801635742
0001111111001011101101010000110000001000100011101110111100011101100 0.9731000065803528
0000111111011010100100001111011101011010000001110001000010010101100 0.9728999733924866
0000110111001011101101010000000101001100110001110011111100011101100 0.9728000164031982
0000111111011001010100010000110000011000000001110001000011011101100 0.972599983215332
0000111111011001010000001110011101001000100111111011111100011101100 0.9724000096321106
0101110011001011101101010000100101001000100001101110111100011101100 0.9722999930381775
0001111111001011101101010001011101011110000001110001001100011101100 0.9721999764442444
0101110110001011101101010010011101011110000001110100101100011101100 0.972000002861023
0000111111011001010000001110011101001000100111111011111000010101100 0.9718999862670898
0101111111001011101101010000100101101000100001100001011100011101100 0.9718000292778015
0101110011001011101101010000110000001000100011101110111100011101100 0.9717000126838684
0101110110001011101101010000001101101100110010110101001100011101100 0.9715999960899353
0000111111011001010010001110011000011000100111101111111000011101100 0.9715999960899353
0101110011001011101101010001110001101100110001111101000011011101100 0.9714999794960022
0000110111001011101101010011011101011010000001110001011000011101100 0.9714999794960022
Generation 19
0101110011001011101101110001111101001000110001110001111110011101100 0.9794999957084656
0101110011001011101101110001111101001000110001110001111110011101100 0.9794999957084656
0001111111001011101101010000110000001010000001110001011000011101100 0.9789000153541565
0001110011001011101101110001111101001000110001110001111110011101100 0.9760000109672546
0000111111001011101101010001011101011110000001110001001100011101100 0.9753999710083008
0101110110001011101101010011011101011010000001110001011100111101100 0.9746999740600586
0000111111011001010001001110011101001000100111111011111000011101100 0.974399983882904
0000111111011001010000001111011101010000000111111111111000011111100 0.9743000268936157
0101110011001011101101110001111101001000110001110001001010010101100 0.9739000201225281
0000111111011001010000001110011101001000100111111011111000011101100 0.973800003528595
0000111111011001010100010000110000001000000001110011111000011101100 0.973800003528595
0000111111011001010000001110011101011000100111111011111000011101100 0.9736999869346619
0101111111001011101101010000100101101000100001110001011100010101100 0.9735999703407288
0000111111011001010000001110011101001000100111111011111100011101100 0.9732999801635742
0101110011001011101101010000101101011110000001110001001100011101100 0.9732000231742859
0001111111001011101101010000110000001000100011101110111100011101100 0.9731000065803528
0000111111011010100100001111011101011010000001110001000010010101100 0.9728999733924866
0000110111001011101101010000000101001100110001110011111100011101100 0.9728000164031982
0000111111011001010100010000110000011000000001110001000011011101100 0.972599983215332
0000111111011001010000001110011101001000100111111011111100011101100 0.9724000096321106
0101110011001011101101010000100101001000100001101110111100011101100 0.9722999930381775
0001111111001011101101010001011101011110000001110001001100011101100 0.9721999764442444
0101110110001011101101010010011101011110000001110100101100011101100 0.972000002861023
0000111111011001010000001110011101001000100111111011111000010101100 0.9718999862670898
0000111111011001010100010000110000011000100111111011111100011101100 0.9718999862670898
0101111111001011101101010000100101101000100001100001011100011101100 0.9718000292778015
Generation 20
0101110011001011101101110001111101001000110001110001111110011101100 0.9794999957084656
0101110011001011101101110001111101001000110001110001111110011101100 0.9794999957084656
0001111111001011101101010000110000001010000001110001011000011101100 0.9789000153541565
0000111111011010100100001111011101011010000001110001111010010101100 0.9764000177383423
0001110011001011101101110001111101001000110001110001111110011101100 0.9760000109672546
0000111111001011101101010001011101011110000001110001001100011101100 0.9753999710083008
0001111111001011101101010000110000001000100011101110111100011101100 0.9753999710083008
0101110110001011101101010011011101011010000001110001011100111101100 0.9746999740600586
0000111111011001010001001110011101001000100111111011111000011101100 0.974399983882904
0000111111011001010000001111011101010000000111111111111000011111100 0.9743000268936157
0101110011001011101101110001111101001000110001110001001010010101100 0.9739000201225281
0000111111011001010000001110011101001000100111111011111000011101100 0.973800003528595
0000111111011001010100010000110000001000000001110011111000011101100 0.973800003528595
0000111111011001010000001110011101011000100111111011111000011101100 0.9736999869346619
0101111111001011101101010000100101101000100001110001011100010101100 0.9735999703407288
0000111111011001010000011110011001001000100111111011111100011101100 0.9735999703407288
0000111111011001010000001110011101001000100111111011111100011101100 0.9732999801635742
0101110011001011101101010000101101011110000001110001001100011101100 0.9732000231742859
0001111111001011101101010000110000001000100011101110111100011101100 0.9731000065803528
0000111111011001010000001111011101001000100111111011111000011101100 0.9729999899864197
0000111111011010100100001111011101011010000001110001000010010101100 0.9728999733924866
0000110111001011101101010000000101001100110001110011111100011101100 0.9728000164031982
0000111111011001010100010000110000011000000001110001000011011101100 0.972599983215332
0000111111011001010000001110011101001000100111111011111100011101100 0.9724000096321106
0000111111011001010100001110011101001000000111111011111000010101100 0.9724000096321106
0101110011001011101101010000100101001000100001101110111100011101100 0.9722999930381775
Generation 21
0101110011001011101101110001111101001000110001110001111110011101100 0.9794999957084656
0101110011001011101101110001111101001000110001110001111110011101100 0.9794999957084656
0001111111001011101101010000110000001010000001110001011000011101100 0.9789000153541565
0000111111011010100100001111011101011010000001110001111010010101100 0.9764000177383423
0001110011001011101101110001111101001000110001110001111110011101100 0.9760000109672546
0000111111001011101101010001011101011110000001110001001100011101100 0.9753999710083008
0001111111001011101101010000110000001000100011101110111100011101100 0.9753999710083008
0101110110001011101101010011011101011010000001110001011100111101100 0.9746999740600586
0000111111011001010001001110011101001000100111111011111000011101100 0.974399983882904
0000111111011001010000001111011101010000000111111111111000011111100 0.9743000268936157
0101110011001011101101110001111101001000110001110001001010010101100 0.9739000201225281
0000111111011001010000001110011101001000100111111011111000011101100 0.973800003528595
0000111111011001010100010000110000001000000001110011111000011101100 0.973800003528595
0000111111011001010000001110011101011000100111111011111000011101100 0.9736999869346619
0101111111001011101101010000100101101000100001110001011100010101100 0.9735999703407288
0000111111011001010000011110011001001000100111111011111100011101100 0.9735999703407288
0001110011001011101101110001111101001000110011110001011100010101100 0.9735999703407288
0000110111011010101101010000000101001101110001110011111010010101100 0.9735000133514404
0000111111011001010000001110011101001000100111111011111100011101100 0.9732999801635742
0101110011001011101101010000101101011110000001110001001100011101100 0.9732000231742859
0001111111001011101101010000110000001000100011101110111100011101100 0.9731000065803528
0000111111011001010000001111011101001000100111111011111000011101100 0.9729999899864197
0000111111011010100100001111011101011010000001110001000010010101100 0.9728999733924866
0101111111001011101101010000100101101000100001110001101110011101100 0.9728999733924866
0000110111001011101101010000000101001100110001110011111100011101100 0.9728000164031982
0101111111001011101101010000110000001000100011101110011000011101100 0.9728000164031982
Generation 22
0101110011001011101101110001111101001000110001110001111110011101100 0.9794999957084656
0101110011001011101101110001111101001000110001110001111110011101100 0.9794999957084656
0001111111001011101101010000110000001010000001110001011000011101100 0.9789000153541565
0000111111011010100100001111011101011010000001110001111010010101100 0.9764000177383423
0001110011001011101101110001111101001000110001110001111110011101100 0.9760000109672546
0000111111001011101101010001011101011110000001110001001100011101100 0.9753999710083008
0001111111001011101101010000110000001000100011101110111100011101100 0.9753999710083008
0000111111011010100100010000110000001000100011110001111010010101100 0.9753999710083008
0101110110001011101101010011011101011010000001110001011100111101100 0.9746999740600586
0000111111011001010001001110011101001000100111111011111000011101100 0.974399983882904
0000111111011001010000001111011101010000000111111111111000011111100 0.9743000268936157
0000111111011001010000101111011101011110000001110001111000111101100 0.9740999937057495
0101110011001011101101110001111101001000110001110001001010010101100 0.9739000201225281
0000111111011001010000001110011101001000100111111011111000011101100 0.973800003528595
0000111111011001010100010000110000001000000001110011111000011101100 0.973800003528595
0000111111011001010000001110011101011000100111111011111000011101100 0.9736999869346619
0101111111001011101101010000100101101000100001110001011100010101100 0.9735999703407288
0000111111011001010000011110011001001000100111111011111100011101100 0.9735999703407288
0001110011001011101101110001111101001000110011110001011100010101100 0.9735999703407288
0000110111011010101101010000000101001101110001110011111010010101100 0.9735000133514404
0000110111011010101101010000011101011010010001110001001010010101100 0.9735000133514404
0000111111011001101000001111011101001000100111110011111100011101100 0.9735000133514404
0000111111011001010000001110011101001000100111111011111100011101100 0.9732999801635742
0101110011001011101101010000101101011110000001110001001100011101100 0.9732000231742859
0000111111001011101101010001011101001000010011110101011100011101100 0.9732000231742859
0001111111001011101101010000110000001000100011101110111100011101100 0.9731000065803528
Generation 23
0101110011001011101101110001111101001000110001110001111110011101100 0.9794999957084656
0101110011001011101101110001111101001000110001110001111110011101100 0.9794999957084656
0001111111001011101101010000110000001010000001110001011000011101100 0.9789000153541565
0001111111001011101101010000110000001010000001101110111000011101100 0.9769999980926514
0000111111011010100100001111011101011010000001110001111010010101100 0.9764000177383423
0000111111011010100000001111001101011110100001110001001010010111100 0.9761000275611877
0001110011001011101101110001111101001000110001110001111110011101100 0.9760000109672546
0000111111001011101101010001011101011110000001110001001100011101100 0.9753999710083008
0001111111001011101101010000110000001000100011101110111100011101100 0.9753999710083008
0000111111011010100100010000110000001000100011110001111010010101100 0.9753999710083008
0000111111011001010000101111011101011110000001110101111000011101100 0.9751999974250793
0101110110001011101101010011011101011010000001110001011100111101100 0.9746999740600586
0000111111011001010001001110011101001000100111111011111000011101100 0.974399983882904
0000111111011001010000001111011101010000000111111111111000011111100 0.9743000268936157
0000111111011001010000101111011101011110000001110001111000111101100 0.9740999937057495
0101110011001011101101110001111101001000110001110001001010010101100 0.9739000201225281
0000111111011001010000001110011101001000100111111011111000011101100 0.973800003528595
0000111111011001010100010000110000001000000001110011111000011101100 0.973800003528595
0000111111011001010000001110011101011000100111111011111000011101100 0.9736999869346619
0101111111001011101101010000100101101000100001110001011100010101100 0.9735999703407288
0000111111011001010000011110011001001000100111111011111100011101100 0.9735999703407288
0001110011001011101101110001111101001000110011110001011100010101100 0.9735999703407288
0000111111001011101101110001111101001000000101110001111110011101100 0.9735999703407288
0000110111011010101101010000000101001101110001110011111010010101100 0.9735000133514404
0000110111011010101101010000011101011010010001110001001010010101100 0.9735000133514404
0000111111011001101000001111011101001000100111110011111100011101100 0.9735000133514404
Generation 24
0101110011001011101101110001111101001000110001110001111110011101100 0.9794999957084656
0101110011001011101101110001111101001000110001110001111110011101100 0.9794999957084656
0001111111001011101101010000110000001010000001110001011000011101100 0.9789000153541565
0001111111001011101101010000110000001010000001101110111000011101100 0.9769999980926514
0000111111011010100100001111011101011010000001110001111010010101100 0.9764000177383423
0101111111001011101101010000100101101000100001110001001100011101100 0.9763000011444092
0000111111011010100000001111001101011110100001110001001010010111100 0.9761000275611877
0001110011001011101101110011111111001000100011101011111110011101100 0.9761000275611877
0001110011001011101101110001111101001000110001110001111110011101100 0.9760000109672546
0000111111001011101101010001011101011110000001110001001100011101100 0.9753999710083008
0001111111001011101101010000110000001000100011101110111100011101100 0.9753999710083008
0000111111011010100100010000110000001000100011110001111010010101100 0.9753999710083008
0000111111011001010000101111011101011110000001110101111000011101100 0.9751999974250793
0001110011001011101101110001111101001000110011110101011100011101100 0.9751999974250793
0101110110001011101101010011011101011010000001110001011100111101100 0.9746999740600586
0000111111011001010001001110011101001000100111111011111000011101100 0.974399983882904
0000111111011001010000001111011101010000000111111111111000011111100 0.9743000268936157
0000111111011001010000101111011101011110000001110001111000111101100 0.9740999937057495
0101110011001011101101110001111101001000110001110001001010010101100 0.9739000201225281
0001111111001011101101010000110000001010000001110001011000011101100 0.9739000201225281
0000111111011001010000001110011101001000100111111011111000011101100 0.973800003528595
0000111111011001010100010000110000001000000001110011111000011101100 0.973800003528595
0000111111011001010000001110011101011000100111111011111000011101100 0.9736999869346619
0101111111001011101101010000100101101000100001110001011100010101100 0.9735999703407288
0000111111011001010000011110011001001000100111111011111100011101100 0.9735999703407288
0001110011001011101101110001111101001000110011110001011100010101100 0.9735999703407288
Generation 25
0101110011001011101101110001111101001000110001110001111110011101100 0.9794999957084656
0101110011001011101101110001111101001000110001110001111110011101100 0.9794999957084656
0001111111001011101101010000110000001010000001110001011000011101100 0.9789000153541565
0000111111011001010000001110011101001010100101111011111001010111100 0.9782999753952026
0001111111001011101101010000110000001010000001101110111000011101100 0.9769999980926514
0000111111011010100100001111011101011010000001110001111010010101100 0.9764000177383423
0101111111001011101101010000100101101000100001110001001100011101100 0.9763000011444092
0000111111011010100000001111001101011110100001110001001010010111100 0.9761000275611877
0001110011001011101101110011111111001000100011101011111110011101100 0.9761000275611877
0001110011001011101101110001111101001000110001110001111110011101100 0.9760000109672546
0000111111001011101101010001011101011110000001110001001100011101100 0.9753999710083008
0001111111001011101101010000110000001000100011101110111100011101100 0.9753999710083008
0000111111011010100100010000110000001000100011110001111010010101100 0.9753999710083008
0000111111011001010000101111011101011110000001110101111000011101100 0.9751999974250793
0001110011001011101101110001111101001000110011110101011100011101100 0.9751999974250793
0000111111011001010100010000110000001000000001110011111000011101100 0.9750000238418579
0101110110001011101101010011011101011010000001110001011100111101100 0.9746999740600586
0000111111011001010001001110011101001000100111111011111000011101100 0.974399983882904
0000111111011010100000001111001101011110100001110001001010010101100 0.974399983882904
0000111111011001010000001111011101010000000111111111111000011111100 0.9743000268936157
0101111111001011101101010000110000001000100011101110111100011101100 0.9743000268936157
0000111111011001010000101111011101011110000001110001111000111101100 0.9740999937057495
0101110011001011101101110001111101001000100011101110111110011101100 0.9739999771118164
0101110011001011101101110001111101001000110001110001001010010101100 0.9739000201225281
0001111111001011101101010000110000001010000001110001011000011101100 0.9739000201225281
0000111111011001010000001110011101001000100111111011111000011101100 0.973800003528595
Generation 26
0101110011001011101101110001111101001000110001110001111110011101100 0.9794999957084656
0101110011001011101101110001111101011000100011111111111000011101100 0.9800999760627747
0101110011001011101101110001111101001000110001110001111110011101100 0.9794999957084656
0001110011001011101101110001111101001000110011110101011100011101100 0.9790999889373779
0001110011001011101101110001111101001000110001110001111110011101100 0.9789999723434448
0001111111001011101101010000110000001010000001110001011000011101100 0.9789000153541565
0000111111011001010000001110011101001010100101111011111001010111100 0.9782999753952026
0001111111001011101101010000110000001010000001101110111000011101100 0.9769999980926514
0000111111011010100100001111011101011010000001110001111010010101100 0.9764000177383423
0101111111001011101101010000100101101000100001110001001100011101100 0.9763000011444092
0000111111011010100000001111001101011110100001110001001010010111100 0.9761000275611877
0001110011001011101101110011111111001000100011101011111110011101100 0.9761000275611877
0000111111011001010000001111011101010000000111111111111000011111100 0.9761000275611877
0001110011001011101101110001111101001000110001110001111110011101100 0.9760000109672546
0000111111001011101101010001011101011110000001110001001100011101100 0.9753999710083008
0001111111001011101101010000110000001000100011101110111100011101100 0.9753999710083008
0000111111011010100100010000110000001000100011110001111010010101100 0.9753999710083008
0000111111011001010000101111011101011110000001110101111000011101100 0.9751999974250793
0001110011001011101101110001111101001000110011110101011100011101100 0.9751999974250793
0000111111011001010100010000110000001000000001110011111000011101100 0.9750000238418579
0101110110001011101101010011011101011010000001110001011100111101100 0.9746999740600586
0000111111011001010001001110011101001000100111111011111000011101100 0.974399983882904
0000111111011010100000001111001101011110100001110001001010010101100 0.974399983882904
0001110011000011101101010001111111001000100001101011111110011101100 0.974399983882904
0000111111011001010000001111011101010000000111111111111000011111100 0.9743000268936157
0101111111001011101101010000110000001000100011101110111100011101100 0.9743000268936157
Generation 27
0101110011001011101101110001111101011000100011111111111000011101100 0.9800999760627747
0101110011001011101101110001111101011000100011111111111000011101100 0.9800999760627747
0101110011001011101101110001111101001000110001110001111110011101100 0.9794999957084656
0001110011001011101101110001111101001000110011110101011100011101100 0.9790999889373779
0001110011001011101101110001111101001000110001110001111110011101100 0.9789999723434448
0001111111001011101101010000110000001010000001110001011000011101100 0.9789000153541565
0000111111011001010000001110011101001010100101111011111001010111100 0.9782999753952026
0000111111011001010001001110011101001010100101111011111001010101100 0.9782999753952026
0001111111001011101101010000110000001010000001101110111000011101100 0.9769999980926514
0000111111011010100100001111011101011010000001110001111010010101100 0.9764000177383423
0101111111001011101101010000100101101000100001110001001100011101100 0.9763000011444092
0001110011001011101101110001111101001000110011110111111100011101100 0.9761999845504761
0000111111011010100000001111001101011110100001110001001010010111100 0.9761000275611877
0001110011001011101101110011111111001000100011101011111110011101100 0.9761000275611877
0000111111011001010000001111011101010000000111111111111000011111100 0.9761000275611877
0001110011001011101101110001111101001000110001110001111110011101100 0.9760000109672546
0001111111001011101101010000100101101000100001110001111000011101100 0.9758999943733215
0000111111011001010001001110011101001000100111111011111000111101100 0.9757000207901001
0000111111001011101101010001011101011110000001110001001100011101100 0.9753999710083008
0001111111001011101101010000110000001000100011101110111100011101100 0.9753999710083008
0000111111011010100100010000110000001000100011110001111010010101100 0.9753999710083008
0000111111011001010000001111011101010000000111111111111000011111100 0.9753999710083008
0000111111011001010000101111011101011110000001110101111000011101100 0.9751999974250793
0001110011001011101101110001111101001000110011110101011100011101100 0.9751999974250793
0000111111011001010100010000110000001000000001110011111000011101100 0.9750000238418579
0101110110001011101101010011011101011010000001110001011100111101100 0.9746999740600586
Generation 28
0101110011001011101101110001111101011000100011111111111000011101100 0.9800999760627747
0101110011001011101101110001111101011000100011111111111000011101100 0.9800999760627747
0101110011001011101101110001111101001000110001110001111110011101100 0.9794999957084656
0001110011001011101101110001111101001000110011110101011100011101100 0.9790999889373779
0001110011001011101101110001111101001000110001110001111110011101100 0.9789999723434448
0001111111001011101101010000110000001010000001110001011000011101100 0.9789000153541565
0000111111011001010000001110011101001010100101111011111001010111100 0.9782999753952026
0000111111011001010001001110011101001010100101111011111001010101100 0.9782999753952026
0001110011001011101101110011111111001000100011101011111110011101100 0.9771000146865845
0001111111001011101101010000110000001010000001101110111000011101100 0.9769999980926514
0001110011001011101101110011111111001000100011101011111110011101100 0.9764999747276306
0000111111011010100100001111011101011010000001110001111010010101100 0.9764000177383423
0101111111001011101101010000100101101000100001110001001100011101100 0.9763000011444092
0001110011001011101101110001111101011000110011110101011100011101100 0.9763000011444092
0000111111011001010100010000110000001100000001110011111000010101100 0.9763000011444092
0001110011001011101101110001111101001000110011110111111100011101100 0.9761999845504761
0000111111011010100000001111001101011110100001110001001010010111100 0.9761000275611877
0001110011001011101101110011111111001000100011101011111110011101100 0.9761000275611877
0000111111011001010000001111011101010000000111111111111000011111100 0.9761000275611877
0001110011001011101101110001111101001000110001110001111110011101100 0.9760000109672546
0001111111001011101101010000100101101000100001110001111000011101100 0.9758999943733215
0000111111011001010001001110011101001000100111111011111000111101100 0.9757000207901001
0000111111011001010001111111011101001000000111111111111100011111100 0.975600004196167
0000111111001011101101010001011101011110000001110001001100011101100 0.9753999710083008
0001111111001011101101010000110000001000100011101110111100011101100 0.9753999710083008
0000111111011010100100010000110000001000100011110001111010010101100 0.9753999710083008
Generation 29
0101110011001011101101110001111101011000100011111111111000011101100 0.9800999760627747
0101110011001011101101110001111101011000100011111111111000011101100 0.9800999760627747
0101110011001011101101110001111101001000110001110001111110011101100 0.9794999957084656
0001110011001011101101110001111101001000110011110101011100011101100 0.9790999889373779
0001110011001011101101110001111101001000110001110001111110011101100 0.9789999723434448
0001111111001011101101010000110000001010000001110001011000011101100 0.9789000153541565
0000111111011001010000001110011101001010100101111011111001010111100 0.9782999753952026
0000111111011001010001001110011101001010100101111011111001010101100 0.9782999753952026
0001110011001011101101110011111111001000100011101011111110011101100 0.9771000146865845
0001111111001011101101010000110000001010000001101110111000011101100 0.9769999980926514
0001110011001011101101110011111111001000100011101011111110011101100 0.9764999747276306
0000111111011010100100001111011101011010000001110001111010010101100 0.9764000177383423
0101111111001011101101010000100101101000100001110001001100011101100 0.9763000011444092
0001110011001011101101110001111101011000110011110101011100011101100 0.9763000011444092
0000111111011001010100010000110000001100000001110011111000010101100 0.9763000011444092
0001110011001011101101110001111101001000110011110111111100011101100 0.9761999845504761
0000111111011010100000001111001101011110100001110001001010010111100 0.9761000275611877
0001110011001011101101110011111111001000100011101011111110011101100 0.9761000275611877
0000111111011001010000001111011101010000000111111111111000011111100 0.9761000275611877
0001110011001011101101110001111101001000110001110001111110011101100 0.9760000109672546
0001111111001011101101010000100101101000100001110001111000011101100 0.9758999943733215
0001111111001011101101010000100001101000100001110001111000011101100 0.9757999777793884
0000111111011001010001001110011101001000100111111011111000111101100 0.9757000207901001
0000111111011001010001111111011101001000000111111111111100011111100 0.975600004196167
0000111111001011101101010001011101011110000001110001001100011101100 0.9753999710083008
0001111111001011101101010000110000001000100011101110111100011101100 0.9753999710083008
Generation 30
0101110011001011101101110001111101011000100011111111111000011101100 0.9800999760627747
0101110011001011101101110001111101011000100011111111111000011101100 0.9800999760627747
0101110011001011101101110001111101001000110001110001111110011101100 0.9794999957084656
0001110011001011101101110001111101001000110011110101011100011101100 0.9790999889373779
0001110011001011101101110001111101001000110001110001111110011101100 0.9789999723434448
0001111111001011101101010000110000001010000001110001011000011101100 0.9789000153541565
0000111111011001010000001110011101001010100101111011111001010111100 0.9782999753952026
0000111111011001010001001110011101001010100101111011111001010101100 0.9782999753952026
0001110011001011101101110011111111001000100011101011111110011101100 0.9771000146865845
0001111111001011101101010000110000001010000001101110111000011101100 0.9769999980926514
0101110011001011101101110001111101001000100111111111111000011111100 0.9769999980926514
0000111111011010100000001111001101011110100001110001001010011111100 0.9765999913215637
0001110011001011101101110011111111001000100011101011111110011101100 0.9764999747276306
0000111111011010100100001111011101011010000001110001111010010101100 0.9764000177383423
0101111111001011101101010000100101101000100001110001001100011101100 0.9763000011444092
0001110011001011101101110001111101011000110011110101011100011101100 0.9763000011444092
0000111111011001010100010000110000001100000001110011111000010101100 0.9763000011444092
0001110011001011101101110001111101001000110011110111111100011101100 0.9761999845504761
0000111111011010100000001111001101011110100001110001001010010111100 0.9761000275611877
0001110011001011101101110011111111001000100011101011111110011101100 0.9761000275611877
0000111111011001010000001111011101010000000111111111111000011111100 0.9761000275611877
0001110011001011101101110001111101001000110001110001111110011101100 0.9760000109672546
0001111111001011101101010000100101101000100001110001111000011101100 0.9758999943733215
0001111111001011101101010000100001101000100001110001111000011101100 0.9757999777793884
0000111111011001010001001110011101001000100111111011111000111101100 0.9757000207901001
0000111111011001010001111111011101001000000111111111111100011111100 0.975600004196167
[0.9262999892234802, 0.9538999795913696, 0.957099974155426, 0.9660000205039978, 0.9660000205039978, 0.9661999940872192, 0.9706000089645386, 0.9706000089645386, 0.9706000089645386, 0.9714999794960022, 0.9714999794960022, 0.9722999930381775, 0.973800003528595, 0.973800003528595, 0.9794999957084656, 0.9794999957084656, 0.9794999957084656, 0.9794999957084656, 0.9794999957084656, 0.9794999957084656, 0.9794999957084656, 0.9794999957084656, 0.9794999957084656, 0.9794999957084656, 0.9794999957084656, 0.9800999760627747, 0.9800999760627747, 0.9800999760627747, 0.9800999760627747, 0.9800999760627747]
[0, 1, 0, 1, 1, 1, 0, 0, 1, 1, 0, 0, 1, 0, 1, 1, 1, 0, 1, 1, 0, 1, 1, 1, 0, 0, 0, 1, 1, 1, 1, 1, 0, 1, 0, 1, 1, 0, 0, 0, 1, 0, 0, 0, 1, 1, 1, 1, 1, 1, 1, 1, 1, 1, 1, 0, 0, 0, 0, 1, 1, 1, 0, 1, 1, 0, 0] 0.9800999760627747 0.735074982047081