Generation 1
1000100110101101100001010101110100101111110000000000111000010100110 0.42559999227523804
1100001101000000111011100000110000111110101111000111011101000010000 0.1080000028014183
1000111010001001010001000100111100111010101101110011111110000111001 0.8924000263214111
1101000010001001111000111110011111110001011011010001101110010101111 0.0957999974489212
1100101110111111111110100100101100001001101111111110010100010101110 0.8033999800682068
1000111010111100010010010011011100011000001100001011001001101000100 0.12070000171661377
0100011001011001011110111101010111001110111101110011110110000011000 0.10670000314712524
0100100100000111001111011101010010100111001111110101001001110110001 0.2329999953508377
1100010111011010010100001110101001101111100001101101000011110110111 0.8508999943733215
0100011001011000111000110111101011100101001101111011111001011011100 0.5719000101089478
1101000001001111011100111100100101100110010110011100111010000011000 0.09380000084638596
0100000110100001110011101101100011101010101101011010100000111110101 0.09560000151395798
1000111001110011100010000000001111000110101101001000001110100110101 0.10939999669790268
0000001111110101111001000101000111010011111101110001000011101101110 0.8944000005722046
1001001000001111011100011011111100010011111110000011011010100111010 0.4284000098705292
1100011001000101111011110010001010110000100100010101100010111111011 0.34040001034736633
1000000100101000100111100010100010111101010000110101110001110010001 0.09929999709129333
0100101101110110110110110110001000100110100000000010101111101100111 0.11349999904632568
1100010101000110001010011000100111001100001101010100000000011100010 0.8579999804496765
0100111000000000100011001101011000010111010100111001110001011100101 0.09799999743700027
0100000101111101011110101110000010111100011100110111100000010111000 0.2143000066280365
1001001110010001101000010011011010001111111001001010010111010101011 0.7358999848365784
1100111100010100111010110111011111001100110100010011010110000101100 0.7519999742507935
1101111001001100000111011111001010010011010110110100111100100000001 0.12160000205039978
0000101111111010001111110011101111100010111010011100111111010001110 0.9014000296592712
[0.9014000296592712]
[0, 0, 0, 0, 1, 0, 1, 1, 1, 1, 1, 1, 1, 0, 1, 0, 0, 0, 1, 1, 1, 1, 1, 1, 0, 0, 1, 1, 1, 0, 1, 1, 1, 1, 1, 0, 0, 0, 1, 0, 1, 1, 1, 0, 1, 0, 0, 1, 1, 1, 0, 0, 1, 1, 1, 1, 1, 1, 0, 1, 0, 0, 0, 1, 1, 1, 0] 0.9014000296592712 0.8614942991795639
Generation 2
0000101111111010001111110011101111100010111010011100111111010001110 0.9014000296592712
0000101111111010001111110011101111100010111010011100111111010011111 0.9449999928474426
1000101110111111111110100100101100001001101111111110010100010101110 0.9196000099182129
0000101111111010001111110011101111100010111010011100111111010001110 0.9014000296592712
1100101110111111111110110011101111101001101111111110010111010101111 0.8998000025749207
1000111010001001010001011100111100111010101101110011111110000111001 0.8977000117301941
1100001110011111111110100100101100001001101111111110010100010101110 0.8974999785423279
1100111100010111111110101111011111001110101110011110001100010101100 0.8959000110626221
0000001111110101111001000101000111010011111101110001000011101101110 0.8944000005722046
0100101101110110110110110110001000100110111010011100111111010001110 0.8927000164985657
1000111010001001010001000100111100111010101101110011111110000111001 0.8924000263214111
1100011001000101111011110010001010001100001101010101100010111111011 0.8871999979019165
0000101111111010001111110011101111101001111111111110010100010001110 0.8756999969482422
1100010101000110001010011000100111001100001101010100000000011100010 0.8579999804496765
1100010111011010010100001110101001101111100001101101000011110110111 0.8508999943733215
1100101110111100111010110100101100000001110101110011010110000101110 0.8443999886512756
0000101111111010001111110100101101000010111010011100111100010001110 0.8442999720573425
1001001000001111011100011111001010010010111110110100111100101101001 0.8374999761581421
0100011001011000111010110111101011101001001101111011101000011111111 0.8205999732017517
1100101110111111111110100100101100001001101111111110010100010101110 0.8033999800682068
1100111100010100111010110111011111001100110100010011010110000101100 0.7519999742507935
1001001110001111011100011011111100010011111110000011010110100111011 0.7426999807357788
1001001110010001101000010011011010001111111001001010010111010101011 0.7358999848365784
1100010111011010010100001110101001101111100001101101100011110100010 0.7145000100135803
0100011001011000111000110111101011100101001101111011111001011011100 0.5719000101089478
1100101110111111111110100100101100000101101111111110010101010001100 0.5698999762535095
Generation 3
0000101111111010001111110011101111100010111010011100111111010011111 0.9449999928474426
1100101110111111111110110011101111101001101111111110110111010001111 0.9559000134468079
1000111010001001010001011100111100111010101111110011111110000111011 0.9503999948501587
1000101110110001101000100100101100001001101111111110010111010101011 0.9498000144958496
0000101111111010001111110011101111100010111010011100111111010011111 0.9449999928474426
0000101111111011001111110011101111100010111010011100111110111111011 0.9276000261306763
1000101110111111111110100100101100001001101111111110010100010101110 0.9196000099182129
1000111010001001110001000100111100101110101101110011111110000111101 0.902400016784668
0000101111111010001111110011101111100010111010011100111111010001110 0.9014000296592712
1100101110111111111110110011101111101001101111111110010111010101111 0.8998000025749207
1000111010001001010001011100111100111010101101110011111110000111001 0.8977000117301941
1100001110011111111110100100101100001001101111111110010100010101110 0.8974999785423279
1100111100010111111110101111011111001110101110011110001100010101100 0.8959000110626221
1100001110011111011100011111001000001001101111111110010100111101011 0.8952000141143799
0000001111110101111001000101000111010011111101110001000011101101110 0.8944000005722046
1000111010001001010001011101101111100010111011110010111111010111101 0.8928999900817871
0100101101110110110110110110001000100110111010011100111111010001110 0.8927000164985657
1000111010001001010001000100111100111010101101110011111110000111001 0.8924000263214111
1100011001000101111011110010001010001100011101010101100011010011111 0.8891000151634216
1100011001000101111011110010001010001100001101010101100010111111011 0.8871999979019165
1000111010001001010001000100111100111010101101110011111110000111001 0.8802000284194946
0000101111111010001111110011101111101001111111111110010100010001110 0.8756999969482422
1100010101000110001010011000100111001100001101010100000000011100010 0.8586000204086304
1100010101000110001010011000100111001100001101010100000000011100010 0.8579999804496765
1100010111011010010100001110101001101111100001101101000011110110111 0.8508999943733215
1100101110111100111010110100101100000001110101110011010110000101110 0.8443999886512756
Generation 4
1100101110111111111110110011101111101001101111111110110111010001111 0.9559000134468079
1000111010001001010001011100111100111010101101110011111110000111101 0.9574999809265137
1100101110111111111110110011101111101001101111111110110111010001111 0.9559000134468079
1000111010001001110001000100111100101110101101110001000011101101110 0.953499972820282
1000111010001001010001011100111100111010101111110011111110000111011 0.9503999948501587
1000101110110001101000100100101100001001101111111110010111010101011 0.9498000144958496
0000101111111010001111110011101111100010111010011100111111010011111 0.9449999928474426
0000101111111011001111110011101111100011101111011000111111011101011 0.9380999803543091
0000101111111011001111110011101110100010111010011100111110111111011 0.9373999834060669
0000101111111011001111110011101111100010111010011100111110111111011 0.9276000261306763
1100101110111100111010110100101101010001110101110011010110000101110 0.9269000291824341
1100010111011010010100001110101011101111100001101101100011111111011 0.9229000210762024
1100011001000101111001011100101100111010001101110011110010111111011 0.9205999970436096
1000101110111111111110100100101100001001101111111110010100010101110 0.9196000099182129
1000111010001001110001000110111100101100011101110011110011010011111 0.9190000295639038
0000101111111011001111110011101111100010111011110011011110111101010 0.9101999998092651
1000111010001001110001000100111100101110101101110011111110000111101 0.902400016784668
0000101111111010001111110011101111100010111010011100111111010001110 0.9014000296592712
1100101110111111111110110011101111101001101111111110010111010101111 0.8998000025749207
1000111010001001010001011100111100111010101101110011111110000111001 0.8977000117301941
1100001110011111111110100100101100001001101111111110010100010101110 0.8974999785423279
1100111100010111111110101111011111001110101110011110001100010101100 0.8959000110626221
1100001110011111011100011111001000001001101111111110010100111101011 0.8952000141143799
0000001111110101111101000101000111010011111101110010111110000111101 0.894599974155426
0000001111110101111001000101000111010011111101110001000011101101110 0.8944000005722046
1100011001000101111011110010001010001110101101110101101110000010101 0.8937000036239624
Generation 5
1000111010001001010001011100111100111010101101110011111110000111101 0.9574999809265137
1000111010001001010001011100101101010001110101110011110110000111011 0.9591000080108643
1000111010001001010001011100111100111010101101110011111110000111101 0.9574999809265137
0000101111111010111110110011101111000010111111111100110111010001111 0.9571999907493591
1100101110111111111110110011101111101001101111111110110111010001111 0.9559000134468079
1100101110111111001111110011101111101001101010011100111111010011111 0.9535999894142151
1000111010001001110001000100111100101110101101110001000011101101110 0.953499972820282
1000111010001001010001011100111100111010101111110011111110000111011 0.9503999948501587
1000101110110001101000100100101100001001101111111110010111010101011 0.9498000144958496
0000101111111001011111110000111100111010101111110011111110111111011 0.9465000033378601
0000101111111010001111110011101111100010111010011100111111010011111 0.9449999928474426
1100101110111111111110110011101111101001101111110011111110010101101 0.9440000057220459
1100111100010111111010110100101101010001110101110011010110000101100 0.9429000020027161
0000101111111011001111110011101111100011101111011000111111011101011 0.9380999803543091
0000101111111011001111110011101110100010111010011100111110111111011 0.9373999834060669
1000111010001001010001011100111100111010101111110011110010010111011 0.9368000030517578
1100111100010111111110101110101011101011100001101101100011110101110 0.9330000281333923
1100011001000101111001010000101100111010001101110011111110101111011 0.9300000071525574
0000101111111011001111110011101111100010111010011100111110111111011 0.9276000261306763
1100101110111100111010110100101101010001110101110011010110000101110 0.9269000291824341
1100010111011010010100001110101011101111100001101101100011111111011 0.9229000210762024
1100011001000101111001011100101100111010001101110011110010111111011 0.9205999970436096
1000101110111111111110100100101100001001101111111110010100010101110 0.9196000099182129
1000111010001001110001000110111100101100011101110011110011010011111 0.9190000295639038
1000111010001001010001011100111101111010101101111110110111000011111 0.913100004196167
0000101111111011001111110011101111100010111011110011011110111101010 0.9101999998092651
Generation 6
1000111010001001010001011100101101010001110101110011110110000111011 0.9591000080108643
1000110110001010011100001110101011101111100001111101100011111111011 0.9595000147819519
1000111010001001010001011100101101010001110101110011110110000111011 0.9591000080108643
1000111010001001010001011100111100111010100101110011111110101111011 0.9581999778747559
1000111010001001010001011100111100111010101101110011111110000111101 0.9574999809265137
0000101111111010111110110011101111000010111111111100110111010001111 0.9571999907493591
1000111010001001010001011100111100111010101101110011110010101111011 0.9563000202178955
1100101110111111111110110011101111101001101111111110110111010001111 0.9559000134468079
1100101110111111001111110011101111101001101010011100111111010011111 0.9535999894142151
1000111010001001110001000100111100101110101101110001000011101101110 0.953499972820282
1100111100010111111010110100101101110001110101110011111110000111101 0.9519000053405762
1000111010001001010001011100111100111010101111110011111110000111011 0.9503999948501587
1000101110110001101000100100101100001001101111111110010111010101011 0.9498000144958496
1100101110111111010001011100111100111010101101111110110111000111101 0.9470999836921692
0000101111111001011111110000111100111010101111110011111110111111011 0.9465000033378601
1000101110110001101000100100111100111010101111111111111110000111011 0.9459999799728394
0000101111111010001111110011101111100010111010011100111111010011111 0.9449999928474426
1100101110111111111110110011101111101001101111110011111110010101101 0.9440000057220459
1100111100010111111010110100101101010001110101110011010110000101100 0.9429000020027161
0000101111111011001111110011101111100011101111011000111111011101011 0.9380999803543091
0000101111111011001111110011101110100010111010011100111110111111011 0.9373999834060669
1000111010001001010001011100111100111010101111110011110010010111011 0.9368000030517578
1100111100010111111110101110101011101011100001101101100011110101110 0.9330000281333923
1100111100010111111110101100111100111010101101111111100011110101110 0.9326000213623047
1100011001000101111001010000101100111010001101110011111110101111011 0.9300000071525574
0000101111111011001111110011101111100010111010011100111110111111011 0.9276000261306763
Generation 7
1000110110001010011100001110101011101111100001111101100011111111011 0.9595000147819519
1000110110001010011100001011101111101111100001111111100010010101101 0.9657999873161316
1000111010001001110001000100101111110001110101110011111110001101101 0.965499997138977
1100111100010111111010100100111100110001110101110011110110000101011 0.9632999897003174
1000110110001010011100001110101011101111100001111101100011111111011 0.9595000147819519
1000111010001001010001011100101101010001110101110011110110000111011 0.9591000080108643
1000110110001010011100001110101011101111100001111101100011111111011 0.9591000080108643
1000111010001001010001011100111100111010100101110011111110101111011 0.9581999778747559
1000111010001001110001000100111100101110100001101101100011101101110 0.9580000042915344
1000111010001001010001011100111100111010101101110011111110000111101 0.9574999809265137
0000101111111010111110110011101111000010111111111100110111010001111 0.9571999907493591
0000101111111001011111110010111100101010101111110011111110111111011 0.9563999772071838
1000111010001001010001011100111100111010101101110011110010101111011 0.9563000202178955
1100101110111111111110110011101111101001101111111110110111010001111 0.9559000134468079
1100101110111111001111110011101111101001101010011100111111010011111 0.9535999894142151
1000111010001001110001000100111100101110101101110001000011101101110 0.953499972820282
1100101110111111111110110110101011101001101111110001111111111111011 0.953499972820282
1100111100010111111010110100101101110001110101110011111110000111101 0.9519000053405762
1000111010001001010001011100111100111010101111110011111110000111011 0.9513000249862671
1000111010001001010001011100111100111010101111110011111110000111011 0.9503999948501587
1000101110110001101000100100101100001001101111111110010111010101011 0.9498000144958496
1100011110010111111010110100101101010010110101110011111110101111011 0.9496999979019165
1100101110111111010001011100111100111010101101111110110111000111101 0.9470999836921692
1000110110001010011100001110101011101111100101111101100011111111011 0.9469000101089478
0000101111111001011111110000111100111010101111110011111110111111011 0.9465000033378601
1000101110110001101000100100111100111010101111111111111110000111011 0.9459999799728394
Generation 8
1000110110001010011100001011101111101111100001111111100010010101101 0.9657999873161316
1100111100010011111010110100101100110001110101110011111110000111011 0.9668999910354614
1100111100011111111010100100111100111011110101110011110110000101011 0.9663000106811523
1000110110001010011100001011101111101111100001111111100010010101101 0.9657999873161316
1000111010001001110001000100101111110001110101110011111110001101101 0.965499997138977
1100111100010111111010100100111100110001110101110011110110000101011 0.9632999897003174
1100111100010111111011000100111100110001110101100011110110000101011 0.9605000019073486
1000110110001010011100001110101011101111100001111101100011111111011 0.9595000147819519
1000111010001001010001011100101101010001110101110011110110000111011 0.9591000080108643
1000110110001010011100001110101011101111100001111101100011111111011 0.9591000080108643
1000111010001001010001011100111100111010100101110011111110101111011 0.9581999778747559
1000111010001001110001000100111100101110100001101101100011101101110 0.9580000042915344
1000111010001001010001011100111100111010101101110011111110000111101 0.9574999809265137
0000101111111010111110110011101111000010111111111100110111010001111 0.9571999907493591
0000101111111001011111110010111100101010101111110011111110111111011 0.9563999772071838
1000111010001001010001011100111100111010101101110011110010101111011 0.9563000202178955
1100101110111111111110110011101111101001101111111110110111010001111 0.9559000134468079
1100101110111111001111110011101111101001101010011100111111010011111 0.9535999894142151
1000111010001001110001000100111100101110101101110001000011101101110 0.953499972820282
1100101110111111111110110110101011101001101111110001111111111111011 0.953499972820282
1100111100010111111010110100101101110001110101110011111110000111101 0.9519000053405762
1000111010001001010001011100111100111010101111110011111110000111011 0.9513000249862671
1000111010001001010001011100111100111010101111110011111110000111011 0.9503999948501587
0000101111111101011111110000111100111010101111110011111110000111011 0.9498999714851379
1000101110110001101000100100101100001001101111111110010111010101011 0.9498000144958496
1100011110010111111010110100101101010010110101110011111110101111011 0.9496999979019165
Generation 9
1100111100010011111010110100101100110001110101110011111110000111011 0.9668999910354614
0000101111011010111110110011101111001010111111110011111111011101011 0.9674999713897705
1100111100010011111010110100101100110001110101110011111110000111011 0.9668999910354614
1100111100011111111010100100111100111011110101110011110110000101011 0.9663000106811523
1000110110001010011100001011101111101111100001111111100010010101101 0.9657999873161316
1000111010001001110001000100101111110001110101110011111110001101101 0.965499997138977
0000101110110001101000100100100100001001101111110010011110010101011 0.9646000266075134
1100111100010111111010100100111100110001110101110011110110000101011 0.9632999897003174
1100111100010111111011000100111100110001110101100011110110000101011 0.9605000019073486
1000110110001010011100001110101011101111100001111101100011111111011 0.9595000147819519
1000111010001001010001011100101101010001110101110011110110000111011 0.9591000080108643
1000110110001010011100001110101011101111100001111101100011111111011 0.9591000080108643
1000111010001001010001011100111100111010100101110011111110101111011 0.9581999778747559
1000111010001001110001000100111100101110100001101101100011101101110 0.9580000042915344
1000110110001010011100001110101011101111100001111011111110000111011 0.9575999975204468
1000111010001001010001011100111100111010101101110011111110000111101 0.9574999809265137
0000101111111010111110110011101111000010111111111100110111010001111 0.9571999907493591
1000111010001011110001000100111100101110101101110001000111110101011 0.95660001039505
0000101111111001011111110010111100101010101111110011111110111111011 0.9563999772071838
1000111010001001010001011100111100111010101101110011110010101111011 0.9563000202178955
1100101110111111111110110011101111101001101111111110110111010001111 0.9559000134468079
0000101111111101011111110010101011101111100001111101111110000111011 0.9537000060081482
1100101110111111001111110011101111101001101010011100111111010011111 0.9535999894142151
1000111010001001110001000100111100101110101101110001000011101101110 0.953499972820282
1100101110111111111110110110101011101001101111110001111111111111011 0.953499972820282
1000110110001010011100001110111100111010101111110011100011111111011 0.953000009059906
Generation 10
0000101111011010111110110011101111001010111111110011111111011101011 0.9674999713897705
0000101111011010111110110011101111001010111111110011111111011101011 0.9674999713897705
1100111100010011111010110100101100110001110101110011111110000111011 0.9668999910354614
1100111100011111111010100100111100111011110101110011110110000101011 0.9663000106811523
1000110110001010011100001011101111101111100001111111100010010101101 0.9657999873161316
1000110110001010011100001110001011101111100001111101100011111111011 0.9656999707221985
1000111010001001110001000100101111110001110101110011111110001101101 0.965499997138977
0000101110110001101000100100100100001001101111110010011110010101011 0.9646000266075134
1000110110001010011100001111101011101111100001111101100011111111011 0.9642000198364258
1100111100010111111010100100111100110001110101110011110110000101011 0.9632999897003174
0000101110110000101000100100100100001010101111110010011110011101011 0.9629999995231628
1100111100010111111011000100111100110001110101100011110110000101011 0.9605000019073486
1000110110001010011100001110101011101111100001111101100011111111011 0.9595000147819519
1000111010001001010001011100101101010001110101110011110110000111011 0.9591000080108643
1000110110001010011100001110101011101111100001111101100011111111011 0.9591000080108643
1000111010001001010001011100111100111010100101110011111110101111011 0.9581999778747559
1000111010001001110001000100111100101110100001101101100011101101110 0.9580000042915344
1100111100010111111010001110101011100111100001111101100011111111011 0.9580000042915344
1000110110001010011100001110101011101111100001111011111110000111011 0.9575999975204468
1000111010001001010001011100111100111010101101110011111110000111101 0.9574999809265137
0000101111011010011110001110111101001010111111110011100011011101011 0.9573000073432922
0000101111111010111110110011101111000010111111111100110111010001111 0.9571999907493591
1000111010001011110001000100111100101110101101110001000111110101011 0.95660001039505
0000101111111001011111110010111100101010101111110011111110111111011 0.9563999772071838
1000111010001001010001011100111100111010101101110011110010101111011 0.9563000202178955
1100101110111111111110110011101111101001101111111110110111010001111 0.9559000134468079
Generation 11
0000101111011010111110110011101111001010111111110011111111011101011 0.9674999713897705
1100111100010011111010110100101100110001110101110011111110000111011 0.9692000150680542
0000101111011010111110110011101111001010111111110011111111011101011 0.9674999713897705
1100111100010011111010110100101100110001110101110011111110000111011 0.9668999910354614
1100111100011111111010100100111100111011110101110011110110000101011 0.9663000106811523
1000110110001010011100001011101111101111100001111111100010010101101 0.9657999873161316
1000110110001010011100001110001011101111100001111101100011111111011 0.9656999707221985
1000111010001001110001000100101111110001110101110011111110001101101 0.965499997138977
0000101110110001101000100100100100001001101111110010011110010101011 0.9646000266075134
1000110110001010011100001111101011101111100001111101100011111111011 0.9642000198364258
0000101111011010111010001110101111100110100001111101100011011101011 0.963699996471405
1100111100010111111010100100111100110001110101110011110110000101011 0.9632999897003174
0000101110110000101000100100100100001010101111110010011110011101011 0.9629999995231628
1100111100010111111010100100111100110001110101111101100011111111011 0.9617999792098999
1100111100010111111011000100111100110001110101100011110110000101011 0.9605000019073486
0000101110110001111000100100100100001001111111110010011110010101011 0.9599000215530396
1000110110001010011100001110101011101111100001111101100011111111011 0.9595000147819519
1100011100010111111010100100111111001010111111110011111111000101011 0.9595000147819519
0000101111011110011110001110111101001010101111110011100011011101011 0.9592000246047974
1000111010001001010001011100101101010001110101110011110110000111011 0.9591000080108643
1000110110001010011100001110101011101111100001111101100011111111011 0.9591000080108643
0000101111010010011110001110101101001010111111110010011111011101011 0.9591000080108643
1000111010001001010001011100111100111010100101110011111110101111011 0.9581999778747559
1000111010001001110001000100111100101110100001101101100011101101110 0.9580000042915344
1100111100010111111010001110101011100111100001111101100011111111011 0.9580000042915344
1000110110001010011100001110101011101111100001111011111110000111011 0.9575999975204468
Generation 12
1100111100010011111010110100101100110001110101110011111110000111011 0.9692000150680542
1100111100011111111010100100111100111011110101110011101110000101011 0.9710999727249146
1100111100010011111010110100101100110001110101110011111110000111011 0.9692000150680542
1100110110001010011100001110101011101111100001111101100011111111011 0.9685999751091003
1100111100010111111110110011101111101010111111110011111111000111011 0.9679999947547913
0000101111011010111110110011101111001010111111110011111111011101011 0.9674999713897705
1100111100010011111010110100101100110001110101110011111110000111011 0.9668999910354614
1100111100011111111010100100111100111011110101110011110110000101011 0.9663000106811523
0000101111011010111010001110101111100110100001110101100011011101011 0.9660999774932861
0000101111011010111110110011100100110001110101111101111111111111011 0.9660999774932861
1000110110001010011100001011101111101111100001111111100010010101101 0.9657999873161316
1000110110001010011100001110001011101111100001111101100011111111011 0.9656999707221985
1000111010001001110001000100101111110001110101110011111110001101101 0.965499997138977
0000101110110001101000100100100100001001101111110010011110010101011 0.9646000266075134
1000110110001010011100001111101011101111100001111101100011111111011 0.9642000198364258
0000101111011010111010001110101111100110100001111101100011011101011 0.963699996471405
1100111100010111111010100100111100110001110101110011110110000101011 0.9632999897003174
0000101110110000101000100100100100001010101111110010011110011101011 0.9629999995231628
1100111100010111111010100100111100110001110101111101100011111111011 0.9617999792098999
0000101110110001101000100100100100001001100001111101100011110101011 0.9617999792098999
0000101111011110011110001110111101001010100001101101100011111101011 0.9611999988555908
0000101111011010111010001110101111100110100001111101100011010101011 0.9609000086784363
0000101111011010111010001110101111100110100001111101101011011101011 0.9607999920845032
1100111100010111111011000100111100110001110101100011110110000101011 0.9605000019073486
0000101110110001111000100100100100001001111111110010011110010101011 0.9599000215530396
1000110110001010011100001110101011101111100001111101100011111111011 0.9595000147819519
Generation 13
1100111100011111111010100100111100111011110101110011101110000101011 0.9710999727249146
1100111100010011111010110100101100110001110101110011110110000111011 0.9718999862670898
1100111100011111111010100100111100111011110101110011101110000101011 0.9710999727249146
1100110110001010011100001110101011101111100001110011101110000101011 0.9702000021934509
1100111100011011111010100100111100111011110101111101100011111111011 0.9700000286102295
1100111100010011111010110100101100110001110101110011111110000111011 0.9692000150680542
0000111100010011111010110100101100110001110101110011111110010101011 0.9686999917030334
1100110110001010011100001110101011101111100001111101100011111111011 0.9685999751091003
1100111100010111111110110011101111101010111111110011111111000111011 0.9679999947547913
1100111110010111111110110011101111101010110101110011111111000101011 0.9678999781608582
0000101110110001111000100101100100001010111111110010011110010101011 0.9675999879837036
0000101111011010111110110011101111001010111111110011111111011101011 0.9674999713897705
1100111100010011111110110010101100110001111111110011111111011111011 0.9674999713897705
1100111100011111111010100110111100111011110101110011010110000101011 0.9674999713897705
0000101111011010111110100100101111001010111111110011111111011101011 0.9671000242233276
1100111100010011111010110100101100110001110101110011111110000111011 0.9668999910354614
1100111100011111111010100100111100111011110101110011110110000101011 0.9663000106811523
0000101111011010111010001110101111100110100001110101100011011101011 0.9660999774932861
0000101111011010111110110011100100110001110101111101111111111111011 0.9660999774932861
1000110110001010011100001011101111101111100001111111100010010101101 0.9657999873161316
1000110110001010011100001110001011101111100001111101100011111111011 0.9656999707221985
1000111010001001110001000100101111110001110101110011111110001101101 0.965499997138977
0000101110110001101000100100100100001001101111110001011110010101011 0.9648000001907349
0000101110110001101000100100100100001001101111110010011110010101011 0.9646000266075134
1000110110001010011100001111101011101111100001111101100011111111011 0.9642000198364258
0000101111011010111010001110101111100110100001111101100011011101011 0.963699996471405
Generation 14
1100111100010011111010110100101100110001110101110011110110000111011 0.9718999862670898
0000111111011010111110100010101100110001111111110011111111011111011 0.9725000262260437
1100111100010011111010110100101100110001110101110011110110000111011 0.9718999862670898
1100111100011111111010100100111100111011110101110011101110000101011 0.9710999727249146
0000101111011010111010001110101111100100101111110010011111011101011 0.970300018787384
1100110110001010011100001110101011101111100001110011101110000101011 0.9702000021934509
1100111100011011111010100100111100111011110101111101100011111111011 0.9700000286102295
1100111100010011111010110100101100110001110101110011111110000111011 0.9692000150680542
0000111100010011111010110100101100110001110101110011111110010101011 0.9686999917030334
1100110110001010011100001110101011101111100001111101100011111111011 0.9685999751091003
1100111100010111111110110011101111101010111111110011111111000111011 0.9679999947547913
1100111110010111111110110011101111101010110101110011111111000101011 0.9678999781608582
0000101110110001111000100101100100001010111111110010011110010101011 0.9675999879837036
0000101100110001101000100100100100001011100111110101011110010101011 0.9675999879837036
0000101111011010111110110011101111001010111111110011111111011101011 0.9674999713897705
1100111100010011111110110010101100110001111111110011111111011111011 0.9674999713897705
1100111100011111111010100110111100111011110101110011010110000101011 0.9674999713897705
0000101111011010111110100100101111001010111111110011111111011101011 0.9671000242233276
1100111100010011111010110100101100110001110101110011111110000111011 0.9668999910354614
0000101111011010111100110011101111110001111111110011111111000111011 0.9666000008583069
1100111100011111111010100100111100111011110101110011110110000101011 0.9663000106811523
1100111100010011110110110010101100110001111111111101111111111111011 0.9663000106811523
0000101111011010111010001110101111100110100001110101100011011101011 0.9660999774932861
0000101111011010111110110011100100110001110101111101111111111111011 0.9660999774932861
1100111100011111111010100110111100111011110101111101111111110111011 0.9660000205039978
1000110110001010011100001011101111101111100001111111100010010101101 0.9657999873161316
Generation 15
0000111111011010111110100010101100110001111111110011111111011111011 0.9725000262260437
1100111100010011110110110010101100110001111111110011111111011111011 0.9739000201225281
0000111111011010111110100010101100110001111111110011111111011111011 0.9725000262260437
1100111100010011111010110100101100110001110101110011110110000111011 0.9718999862670898
1100111100011111111010100100111100111011110101110011101110000101011 0.9710999727249146
0000101111011010111110110011101111001010101111111101111111111101011 0.9703999757766724
0000101111011010111010001110101111100100101111110010011111011101011 0.970300018787384
1100110110001010011100001110101011101111100001110011101110000101011 0.9702000021934509
1100111100011011111010100100111100111011110101111101100011111111011 0.9700000286102295
1100111100010011110110110010101100110001110101111101111011111111011 0.9692999720573425
1100111100010011111010110100101100110001110101110011111110000111011 0.9692000150680542
0000111100010011111010110100101100110001110101110011111110010101011 0.9686999917030334
1100110110001010011100001110101011101111100001111101100011111111011 0.9685999751091003
1100111100010111111110110011101111101010111111110011111111000111011 0.9679999947547913
1100111110010111111110110011101111101010110101110011111111000101011 0.9678999781608582
0000101110110001111000100101100100001010111111110010011110010101011 0.9675999879837036
0000101100110001101000100100100100001011100111110101011110010101011 0.9675999879837036
0000101111011010111110110011101111001010111111110011111111011101011 0.9674999713897705
1100111100010011111110110010101100110001111111110011111111011111011 0.9674999713897705
1100111100011111111010100110111100111011110101110011010110000101011 0.9674999713897705
0000101111011010111110100100101111001010111111110011111111011101011 0.9671000242233276
1100111100010011111010110100101100110001110101110011111110000111011 0.9668999910354614
1100111100010001110110110000100100001011100111111101011110010111011 0.96670001745224
0000101111011010111100110011101111110001111111110011111111000111011 0.9666000008583069
1100111100011111111010100100111100111011110101110011110110000101011 0.9663000106811523
1100111100010011110110110010101100110001111111111101111111111111011 0.9663000106811523
Generation 16
1100111100010011110110110010101100110001111111110011111111011111011 0.9739000201225281
1100111100011011111010100100101100110001110101111101100011111111011 0.9749000072479248
1100111100010011111010110100101100110001110101110011011110000111011 0.9746000170707703
1100111100010011110110110010101100110001111111110011111111011111011 0.9739000201225281
0000111111011010111110100010101100110001111111110011111111011111011 0.9725000262260437
1100110110001010111010101100111101101111110001110011101001111111011 0.9725000262260437
1100111100011011011100000110101010111011110101111101100110000101011 0.9725000262260437
1100111100010011111010110100101100110001110101110011110110000111011 0.9718999862670898
1100111100011111111010100100111100111011110101110011101110000101011 0.9710999727249146
0100111100010001110110110001100100001011100111111101011110010111011 0.97079998254776
0000101111011010111110110011101111001010101111111101111111111101011 0.9703999757766724
0000101111011010111010001110101111100100101111110010011111011101011 0.970300018787384
1100110110001010011100001110101011101111100001110011101110000101011 0.9702000021934509
1100111100011011111010100100111100111011110101111101100011111111011 0.9700000286102295
1100111110001010011100001110101011101010110101110011111111000101011 0.9697999954223633
1100111100010011110110110010101100110001110101111101111011111111011 0.9692999720573425
1100111100010011111010110100101100110001110101110011111110000111011 0.9692000150680542
0000111100010011111010110100101100110001110101110011111110010101011 0.9686999917030334
1100110110001010011100001110101011101111100001111101100011111111011 0.9685999751091003
1100110110010111111110110011101111101111100001110011101110000101011 0.9685999751091003
1100111100011111111010100100111100111011110101110011101110000101011 0.9681000113487244
1100111100010111111110110011101111101010111111110011111111000111011 0.9679999947547913
1100111110010111111110110011101111101010110101110011111111000101011 0.9678999781608582
1100110110001010011100101110101011101111100001111101100011111111011 0.9677000045776367
0000101110110001111000100101100100001010111111110010011110010101011 0.9675999879837036
0000101100110001101000100100100100001011100111110101011110010101011 0.9675999879837036
Generation 17
1100111100011011111010100100101100110001110101111101100011111111011 0.9749000072479248
1100111100011011111010100100101100110001110101111101100011111111011 0.9749000072479248
1100111100010011111010110100101100110001110101110011011110000111011 0.9746000170707703
1100111100010011110110110010101100110001111111110011111111011111011 0.9739000201225281
0000111111011010111110100010101100110001111111110011111111011111011 0.9725000262260437
1100110110001010111010101100111101101111110001110011101001111111011 0.9725000262260437
1100111100011011011100000110101010111011110101111101100110000101011 0.9725000262260437
1100111100010011111010110100101100110001110101110011110110000111011 0.9718999862670898
1100111100010011110110110010101100110001111111110011111111011111011 0.9718999862670898
1100111100010011110110110010101100110001111111110011111111011111011 0.9718999862670898
1100110110001010111110100010101100110001100001111101100011111111011 0.9714999794960022
1100111100011111111010100100111100111011110101110011101110000101011 0.9710999727249146
0100111100011010111010001110101111101011100111111101011110010111011 0.9710999727249146
0100111100010001110110110001100100001011100111111101011110010111011 0.97079998254776
0000101111011010111110110011101111001010101111111101111111111101011 0.9703999757766724
0000111111011010011100101110101011101111011111110011111111011111011 0.9703999757766724
0000101111011010111010001110101111100100101111110010011111011101011 0.970300018787384
1100110110001010011100001110101011101111100001110011101110000101011 0.9702000021934509
1100111100011011111010100100111100111011110101111101100011111111011 0.9700000286102295
1100111110001010011100001110101011101010110101110011111111000101011 0.9697999954223633
1100111100010011110110110010101100110001110101111101111011111111011 0.9692999720573425
1100111100010011111010110100101100110001110101110011111110000111011 0.9692000150680542
0000111100010011111010110100101100110001110101110011111110010101011 0.9686999917030334
1100110110001010011100001110101011101111100001111101100011111111011 0.9685999751091003
1100110110010111111110110011101111101111100001110011101110000101011 0.9685999751091003
1100111100011111111010100100111100111011110101110011101110000101011 0.9681000113487244
Generation 18
1100111100011011111010100100101100110001110101111101100011111111011 0.9749000072479248
1100111100011011111010100100101100110001110101111101100011111111011 0.9749000072479248
1100111100010011111010110100101100110001110101110011011110000111011 0.9746000170707703
1100111100010011110110110010101100110001111111110011111111011111011 0.9739000201225281
0000111111011010111110110011101111001010101111110011111111011101011 0.9735000133514404
1100111100011010111110100000101100110001111111110011111111011111011 0.9732999801635742
0000111111011010111110100010101100110001111111110011111111011111011 0.9725000262260437
1100110110001010111010101100111101101111110001110011101001111111011 0.9725000262260437
1100111100011011011100000110101010111011110101111101100110000101011 0.9725000262260437
1100111100010011111010110100101100110001110101110011110110000111011 0.9718999862670898
1100111100010011110110110010101100110001111111110011111111011111011 0.9718999862670898
1100111100010011110110110010101100110001111111110011111111011111011 0.9718999862670898
0000111110010011110110110010101100110001111101110011111111011111011 0.9715999960899353
1100110110001010111110100010101100110001100001111101100011111111011 0.9714999794960022
1100111100011111111010100100111100111011110101110011101110000101011 0.9710999727249146
0100111100011010111010001110101111101011100111111101011110010111011 0.9710999727249146
0100111100010001110110110001100100001011100111111101011110010111011 0.97079998254776
0100111100010001111110110001100100110001111111110011111111011111011 0.97079998254776
0000101111011010111110110011101111001010101111111101111111111101011 0.9703999757766724
0000111111011010011100101110101011101111011111110011111111011111011 0.9703999757766724
0000101111011010111010001110101111100100101111110010011111011101011 0.970300018787384
1100110110001010011100001110101011101111100001110011101110000101011 0.9702000021934509
0000111111011010111110100010101100110001111111110011111111011111011 0.9700999855995178
1100111100011011111010100100111100111011110101111101100011111111011 0.9700000286102295
0100111100011010111010001110101111101011100111111101011111011111011 0.9700000286102295
1100111110001010011100001110101011101010110101110011111111000101011 0.9697999954223633
Generation 19
1100111100011011111010100100101100110001110101111101100011111111011 0.9749000072479248
1100111100011011111010100100101100110001010101111101100011111111011 0.9768999814987183
1100111100011011111010100100101100110001110101111101100011111111011 0.9749000072479248
1100111100010011111010110100101100110001110101110011011110000111011 0.9746000170707703
0000111110010011110110110010101100110001111101110011111111011111011 0.9745000004768372
1100111100010011110110110010101100110001111111110011111111011111011 0.9739000201225281
0000111111011010111110110011101111001010101111110011111111011101011 0.9735000133514404
1100111100011010111110100000101100110001111111110011111111011111011 0.9732999801635742
0000111111011010111110100010101100110001111111110011111111011111011 0.9725000262260437
1100110110001010111010101100111101101111110001110011101001111111011 0.9725000262260437
1100111100011011011100000110101010111011110101111101100110000101011 0.9725000262260437
1100110110001010110110110010101100110001111101110011101001101111011 0.972100019454956
1100111100010011111010110100101100110001110101110011110110000111011 0.9718999862670898
1100111100010011110110110010101100110001111111110011111111011111011 0.9718999862670898
1100111100010011110110110010101100110001111111110011111111011111011 0.9718999862670898
0000111110010011110110110010101100110001111101110011111111011111011 0.9715999960899353
1100111100011111111010100100111100111011110101111101100011110101011 0.9715999960899353
1100110110001010111110100010101100110001100001111101100011111111011 0.9714999794960022
1100111100011111111010100100111100111011110101110011101110000101011 0.9710999727249146
0100111100011010111010001110101111101011100111111101011110010111011 0.9710999727249146
0100111100010001110110110001100100001011100111111101011110010111011 0.97079998254776
0100111100010001111110110001100100110001111111110011111111011111011 0.97079998254776
0000111110010011110110110010101101110001111101110011111111011111011 0.9706000089645386
0000101111011010111110110011101111001010101111111101111111111101011 0.9703999757766724
0000111111011010011100101110101011101111011111110011111111011111011 0.9703999757766724
0000101111011010111010001110101111100100101111110010011111011101011 0.970300018787384
Generation 20
1100111100011011111010100100101100110001010101111101100011111111011 0.9768999814987183
1100111100011011111010100100101100110001010101111101100011111111011 0.9768999814987183
1100111100011011111010100100101100110001110101111101100011111111011 0.9749000072479248
1100111100010011111010110100101100110001110101110011011110000111011 0.9746000170707703
0000111110010011110110110010101100110001111101110011111111011111011 0.9745000004768372
1100111100010011110110110010101100110001111111110011111111011111011 0.9739000201225281
0000111111011010111110110011101111001010101111110011111111011101011 0.9735000133514404
0000111110010011110110110010101101001010101111111011110111011101011 0.9735000133514404
1100111100011010111110100000101100110001111111110011111111011111011 0.9732999801635742
1100110110001010111110100010101100110001100001110011101001111111011 0.9726999998092651
1100111100011111111010110010101100110001110101110011111111011111011 0.9726999998092651
0000111111011010111110100010101100110001111111110011111111011111011 0.9725000262260437
1100110110001010111010101100111101101111110001110011101001111111011 0.9725000262260437
1100111100011011011100000110101010111011110101111101100110000101011 0.9725000262260437
1100110110001010110110110010101100110001111101110011101001101111011 0.972100019454956
1100111100010011111010110100101100110001110101110011110110000111011 0.9718999862670898
1100111100010011110110110010101100110001111111110011111111011111011 0.9718999862670898
1100111100010011110110110010101100110001111111110011111111011111011 0.9718999862670898
0000111110010011110110110010101100110001111101110011111111011111011 0.9715999960899353
1100111100011111111010100100111100111011110101111101100011110101011 0.9715999960899353
1100110110001010111110100010101100110001100001111101100011111111011 0.9714999794960022
1100111100011111111010100100111100111011110101110011101110000101011 0.9710999727249146
0100111100011010111010001110101111101011100111111101011110010111011 0.9710999727249146
0100111100010001110110110001100100001011100111111101011110010111011 0.97079998254776
0100111100010001111110110001100100110001111111110011111111011111011 0.97079998254776
0000111110010011110110110010101101110001111101110011111111011111011 0.9706000089645386
Generation 21
1100111100011011111010100100101100110001010101111101100011111111011 0.9768999814987183
1100111100011011111010100100101100110001010101111101100011111111011 0.9768999814987183
1100111100011011111010100100101100110001110101111101100011111111011 0.9749000072479248
1100111100010011111010110100101100110001110101110011011110000111011 0.9746000170707703
0000111110010011110110110010101100110001111101110011111111011111011 0.9745000004768372
1100111100010011110110110010101100110001111111110011111111011111011 0.9739000201225281
0000111111011010111110110011101111001010101111110011111111011101011 0.9735000133514404
0000111110010011110110110010101101001010101111111011110111011101011 0.9735000133514404
1100111100011010111110100000101100110001111111110011111111011111011 0.9732999801635742
1100110110001010111110100010101100110001100001110011101001111111011 0.9726999998092651
1100111100011111111010110010101100110001110101110011111111011111011 0.9726999998092651
0000111111011010111110100010101100110001111111110011111111011111011 0.9725000262260437
1100110110001010111010101100111101101111110001110011101001111111011 0.9725000262260437
1100111100011011011100000110101010111011110101111101100110000101011 0.9725000262260437
1100110110001010110110110010101100110001111101110011101001101111011 0.972100019454956
1100111100011011111010100100101100111001010101111101100011111101011 0.972000002861023
1100111100010011111010110100101100110001110101110011110110000111011 0.9718999862670898
1100111100010011110110110010101100110001111111110011111111011111011 0.9718999862670898
1100111100010011110110110010101100110001111111110011111111011111011 0.9718999862670898
0000111110010011110110110010101100110001111101110011111111011111011 0.9715999960899353
1100111100011111111010100100111100111011110101111101100011110101011 0.9715999960899353
1100110110001010111110100010101100110001100001111101100011111111011 0.9714999794960022
1100111100011111111010100100111100111011110101110011101110000101011 0.9710999727249146
0100111100011010111010001110101111101011100111111101011110010111011 0.9710999727249146
0100111100010001110110110001100100001011100111111101011110010111011 0.97079998254776
0100111100010001111110110001100100110001111111110011111111011111011 0.97079998254776
Generation 22
1100111100011011111010100100101100110001010101111101100011111111011 0.9768999814987183
1100111100011011111010100100101100110001010101111101100011111111011 0.9768999814987183
1100111100011011111010100100101100110001110101111101100011111111011 0.9749000072479248
1100111100010011110110110011101100110001111111110011111111011111011 0.9746999740600586
1100111100010011111010110100101100110001110101110011011110000111011 0.9746000170707703
0000111110010011110110110010101100110001111101110011111111011111011 0.9745000004768372
1100111100010011110110110010101100110001111111110011111111011111011 0.9739000201225281
0000111111011010111110110011101111001010101111110011111111011101011 0.9735000133514404
0000111110010011110110110010101101001010101111111011110111011101011 0.9735000133514404
1100111100011010111110100000101100110001111111110011111111011111011 0.9732999801635742
1100111100011010111110100100111100111001111111110011111111011111011 0.9728999733924866
1100110110001010111110100010101100110001100001110011101001111111011 0.9726999998092651
1100111100011111111010110010101100110001110101110011111111011111011 0.9726999998092651
0000111111011010111110100010101100110001111111110011111111011111011 0.9725000262260437
1100110110001010111010101100111101101111110001110011101001111111011 0.9725000262260437
1100111100011011011100000110101010111011110101111101100110000101011 0.9725000262260437
0000111110010011110110110010101101001010101111111011110111011101011 0.9721999764442444
1100110110001010110110110010101100110001111101110011101001101111011 0.972100019454956
1100111100011011111010100100101100111001010101111101100011111101011 0.972000002861023
1100111100010011111010110100101100110001110101110011110110000111011 0.9718999862670898
1100111100010011110110110010101100110001111111110011111111011111011 0.9718999862670898
1100111100010011110110110010101100110001111111110011111111011111011 0.9718999862670898
0000111110010011110110110010101100110001111101110011111111011111011 0.9715999960899353
1100111100011111111010100100111100111011110101111101100011110101011 0.9715999960899353
1100110110001010111110100010101100110001100001111101100011111111011 0.9714999794960022
1100111111011010111110110010101100110001111111110011111111011111011 0.9714000225067139
Generation 23
1100111100011011111010100100101100110001010101111101100011111111011 0.9768999814987183
1100111100011011111010100100101100110001010101111101100011111111011 0.9768999814987183
1100111100011011111010100100101100110001110101111101100011111111011 0.9749000072479248
1100111100010011110110110011101100110001111111110011111111011111011 0.9746999740600586
1100111100010011111010110100101100110001110101110011011110000111011 0.9746000170707703
0000111110010011110110110010101100110001111101110011111111011111011 0.9745000004768372
1100111110011011011100000110101010110001100001111101100010010101011 0.9743000268936157
1100111100010011110110110010101100110001111111110011111111011111011 0.9739000201225281
0000111111011010111110110011101111001010101111110011111111011101011 0.9735000133514404
0000111110010011110110110010101101001010101111111011110111011101011 0.9735000133514404
1100111100011010111110100000101100110001111111110011111111011111011 0.9732999801635742
1100111100011010111110100100111100111001111111110011111111011111011 0.9728999733924866
1100110110001010111010110010101100100001110101110011111111111111011 0.9728000164031982
1100110110001010111110100010101100110001100001110011101001111111011 0.9726999998092651
1100111100011111111010110010101100110001110101110011111111011111011 0.9726999998092651
0000111111011010111110100010101100110001111111110011111111011111011 0.9725000262260437
1100110110001010111010101100111101101111110001110011101001111111011 0.9725000262260437
1100111100011011011100000110101010111011110101111101100110000101011 0.9725000262260437
0000111110010011110110110010101101001010101111111011110111011101011 0.9721999764442444
1100110110001010110110110010101100110001111101110011101001101111011 0.972100019454956
1100111100011011011100000110101010111011110101111101100110100101011 0.972100019454956
1100111100011011111010100100101100111001010101111101100011111101011 0.972000002861023
1100111100011011111010100100101100111001010101111101100011011101011 0.972000002861023
1100111100010011111010110100101100110001110101110011110110000111011 0.9718999862670898
1100111100010011110110110010101100110001111111110011111111011111011 0.9718999862670898
1100111100010011110110110010101100110001111111110011111111011111011 0.9718999862670898
Generation 24
1100111100011011111010100100101100110001010101111101100011111111011 0.9768999814987183
1100111100011011111010100100101100110001010101111101100011111111011 0.9768999814987183
1100111100011011111010100100101100110001110101111101100011111111011 0.9749000072479248
1100111100010011110110110011101100110001111111110011111111011111011 0.9746999740600586
1100111100010011111010110100101100110001110101110011011110000111011 0.9746000170707703
0000111110010011110110110010101100110001111101110011111111011111011 0.9745000004768372
1100111110011011011100000110101010110001100001111101100010010101011 0.9743000268936157
1100111100010011110110110010101100110001111111110011111111011111011 0.9739000201225281
0000111111011010111110110011101111001010101111110011111111011101011 0.9735000133514404
0000111110010011110110110010101101001010101111111011110111011101011 0.9735000133514404
1100111100010011110110110010101100110001111111110011111111011111011 0.9733999967575073
1100111110010011110110110010101100110001111111111011110111011101011 0.9733999967575073
1100111100011010111110100000101100110001111111110011111111011111011 0.9732999801635742
1100111100011010111110100100111100111001111111110011111111011111011 0.9728999733924866
1100110110001010111010110010101100100001110101110011111111111111011 0.9728000164031982
1100110110001010111110100010101100110001100001110011101001111111011 0.9726999998092651
1100111100011111111010110010101100110001110101110011111111011111011 0.9726999998092651
1100111100010011110110110011101111001010101111110011111111011101011 0.972599983215332
0000111111011010111110100010101100110001111111110011111111011111011 0.9725000262260437
1100110110001010111010101100111101101111110001110011101001111111011 0.9725000262260437
1100111100011011011100000110101010111011110101111101100110000101011 0.9725000262260437
0000111110010011110110110010101101001010101111111011110111011101011 0.9721999764442444
1100110110001010110110110010101100110001111101110011101001101111011 0.972100019454956
1100111100011011011100000110101010111011110101111101100110100101011 0.972100019454956
1100111100011011111010100100101100111001010101111101100011111101011 0.972000002861023
1100111100011011111010100100101100111001010101111101100011011101011 0.972000002861023
Generation 25
1100111100011011111010100100101100110001010101111101100011111111011 0.9768999814987183
1100111100011011111010100100101100110001010101111101100011111111011 0.9768999814987183
0000111111011010011110110011101111001010101111111011111111011101011 0.9764000177383423
1100111100011011111010100100101100110001110101111101100011111111011 0.9749000072479248
1100111100010011110110110011101100110001111111110011111111011111011 0.9746999740600586
1100111100010011111010110100101100110001110101110011011110000111011 0.9746000170707703
0000111110010011110110110010101100110001111101110011111111011111011 0.9745000004768372
1100111110011011011100000110101010110001100001111101100010010101011 0.9743000268936157
1100111100010011110110110010101100110001111111110011111111011111011 0.9739000201225281
0000111111011010111110110111101010110001100001111101100111011101011 0.973800003528595
1100111100001010110110110010101100110001110101110011101001111111011 0.973800003528595
0000111111011010111110110011101111001010101111110011111111011101011 0.9735000133514404
0000111110010011110110110010101101001010101111111011110111011101011 0.9735000133514404
1100111100010011110110110010101100110001111111110011111111011111011 0.9733999967575073
1100111110010011110110110010101100110001111111111011110111011101011 0.9733999967575073
1100111100011010111110100000101100110001111111110011111111011111011 0.9732999801635742
1100111100011010111110100100111100111001111111110011111111011111011 0.9728999733924866
1100110110001010111010110010101100100001110101110011111111111111011 0.9728000164031982
1100110110001010111110100010101100110001100001110011101001111111011 0.9726999998092651
1100111100011111111010110010101100110001110101110011111111011111011 0.9726999998092651
1100111100010011110110110011101111001010101111110011111111011101011 0.972599983215332
1100111110010011111000110100101100110001100001110011011110000111011 0.972599983215332
0000111111011010111110100010101100110001111111110011111111011111011 0.9725000262260437
1100110110001010111010101100111101101111110001110011101001111111011 0.9725000262260437
1100111100011011011100000110101010111011110101111101100110000101011 0.9725000262260437
0000111110010011110110110010101101001010101111111011110111011101011 0.9721999764442444
Generation 26
1100111100011011111010100100101100110001010101111101100011111111011 0.9768999814987183
1100111100011011111010100100101100110001010101111101100011111111011 0.9768999814987183
0000111111011010011110110011101111001010101111111011111111011101011 0.9764000177383423
0000111111011010111110110111101010111011110001111101100110000111011 0.9754999876022339
1100111100011011111010100100101100110001110101111101100011111111011 0.9749000072479248
1100111100010011110110110011101100110001111111110011111111011111011 0.9746999740600586
1100111100010011111010110100101100110001110101110011011110000111011 0.9746000170707703
0000111110010011110110110010101100110001111101110011111111011111011 0.9745000004768372
1100111110011011011100000110101010110001100001111101100010010101011 0.9743000268936157
1100111110001010111010110010101100100001110101110011011111111111011 0.9739999771118164
1100111100010011110110110010101100110001111111110011111111011111011 0.9739000201225281
0000111111011010111110110111101010110001100001111101100111011101011 0.973800003528595
1100111100001010110110110010101100110001110101110011101001111111011 0.973800003528595
0000111100011011111010100100101100110001110101111101100011011111011 0.9735999703407288
0000111111011010111110110011101111001010101111110011111111011101011 0.9735000133514404
0000111110010011110110110010101101001010101111111011110111011101011 0.9735000133514404
1100111100010011110110110010101100110001111111110011111111011111011 0.9733999967575073
1100111110010011110110110010101100110001111111111011110111011101011 0.9733999967575073
1100111100011010111110100000101100110001111111110011111111011111011 0.9732999801635742
1100111111011010011110110011101111001010101111111011111111111101011 0.9732999801635742
1100111100011010111110100100111100111001111111110011111111011111011 0.9728999733924866
1100111100010011111010110010101100100001110101110011111110011111011 0.9728999733924866
1100110110001010111010110010101100100001110101110011111111111111011 0.9728000164031982
1100110110001010111110100010101100110001100001110011101001111111011 0.9726999998092651
1100111100011111111010110010101100110001110101110011111111011111011 0.9726999998092651
1100111100010011110110110011101111001010101111110011111111011101011 0.972599983215332
Generation 27
1100111100011011111010100100101100110001010101111101100011111111011 0.9768999814987183
1100111100011011111010100100101100110001010101111101100011111111011 0.9768999814987183
0000111111011010011110110011101111001010101111111011111111011101011 0.9764000177383423
1100111100010010111010110010101100100001111111110011111111010111011 0.9763000011444092
0000111111011010111110110111101010111011110001111101100110000111011 0.9754999876022339
1100111100011011111010100100101100110001110101111101100011111111011 0.9749000072479248
1100111100010011110110110011101100110001111111110011111111011111011 0.9746999740600586
1100111100010011111010110100101100110001110101110011011110000111011 0.9746000170707703
0000111110010011110110110010101100110001111101110011111111011111011 0.9745000004768372
1100111110011011011100000110101010110001100001111101100010010101011 0.9743000268936157
1100111110001010111010110010101100100001110101110011011111111111011 0.9739999771118164
1100111100010011110110110010101100110001111111110011111111011111011 0.9739000201225281
0000111111011010111110110111101010110001100001111101100111011101011 0.973800003528595
1100111100001010110110110010101100110001110101110011101001111111011 0.973800003528595
0000111100011011111010100100101100110001110101111101100011011111011 0.9735999703407288
0000111111011010111110110011101111001010101111110011111111011101011 0.9735000133514404
0000111110010011110110110010101101001010101111111011110111011101011 0.9735000133514404
1100111100010011110110110010101100110001111111110011111111011111011 0.9733999967575073
1100111110010011110110110010101100110001111111111011110111011101011 0.9733999967575073
1100111100011010111110100000101100110001111111110011111111011111011 0.9732999801635742
1100111111011010011110110011101111001010101111111011111111111101011 0.9732999801635742
1100110110001010111110100010101100110001100001111011111111011111011 0.9732000231742859
0000111111011010011110110011101111001000101111111011111111011101011 0.9732000231742859
1100111110011011011100000110101010110001100001111101100010010101011 0.9732000231742859
1100111100001010111110100010101100111001100001110011111111011111011 0.9729999899864197
1100111100011010111110100100111100111001111111110011111111011111011 0.9728999733924866
Generation 28
1100111100011011111010100100101100110001010101111101100011111111011 0.9768999814987183
1100111111011010011110110011101110111001100111111011111111111111011 0.978600025177002
1100111100011011111010100100101100110001010101111101100011111111011 0.9768999814987183
0000111111011010011110110011101111001010101111111011111111011101011 0.9764000177383423
1100111100010010111010110010101100100001111111110011111111010111011 0.9763000011444092
0000111111011010111110110111101010111011110001111101100110000111011 0.9754999876022339
1100111100011011111010100100101100110001110101111101100011111111011 0.9749000072479248
1100111100010011110110110011101100110001111111110011111111011111011 0.9746999740600586
1100111100010011111010110100101100110001110101110011011110000111011 0.9746000170707703
1100111111011010011110110011101111001010101111111011111110111101011 0.9746000170707703
0000111111011010111110110111101100110001100001111101100111011101011 0.9746000170707703
0000111110010011110110110010101100110001111101110011111111011111011 0.9745000004768372
1100111110011011011100000110101010110001100001111101100010010101011 0.9743000268936157
1100111110001010111010110010101100100001110101110011011111111111011 0.9739999771118164
1100111100010011110110110010101100110001111111110011111111011111011 0.9739000201225281
0000111111011010111110110111101010110001100001111101100111011101011 0.973800003528595
1100111100001010110110110010101100110001110101110011101001111111011 0.973800003528595
0000111100011011111010100100101100110001110101111101100011011111011 0.9735999703407288
0000111111011010111110110011101111001010101111110011111111011101011 0.9735000133514404
0000111110010011110110110010101101001010101111111011110111011101011 0.9735000133514404
1100111100010011110110110010101100110001111111110011111111011111011 0.9733999967575073
1100111110010011110110110010101100110001111111111011110111011101011 0.9733999967575073
1100111100011010111110100000101100110001111111110011111111011111011 0.9732999801635742
1100111111011010011110110011101111001010101111111011111111111101011 0.9732999801635742
1100110110001010111110100010101100110001100001111011111111011111011 0.9732000231742859
0000111111011010011110110011101111001000101111111011111111011101011 0.9732000231742859
Generation 29
1100111111011010011110110011101110111001100111111011111111111111011 0.978600025177002
1100111111011010011110110011101110111001100111111011111111111111011 0.978600025177002
1100111100011011111010100100101100110001010101111101100011111111011 0.9768999814987183
0000111111011010011110110011101111001010101111111011111111011101011 0.9764000177383423
1100111100010010111010110010101100100001111111110011111111010111011 0.9763000011444092
1100111100010011111010100100101100110101010101111011011011111111011 0.9760000109672546
0000111111011010111110110111101010111011110001111101100110000111011 0.9754999876022339
0000111111011010111110110111101010110001100001111101100111111101011 0.9750000238418579
1100111100011011111010100100101100110001110101111101100011111111011 0.9749000072479248
1100111100010011110110110011101100110001111111110011111111011111011 0.9746999740600586
1100111100010011111010110100101100110001110101110011011110000111011 0.9746000170707703
1100111111011010011110110011101111001010101111111011111110111101011 0.9746000170707703
0000111111011010111110110111101100110001100001111101100111011101011 0.9746000170707703
0000111110010011110110110010101100110001111101110011111111011111011 0.9745000004768372
0000111110010011110110110111101100110001111101111101110111011111011 0.974399983882904
1100111110011011011100000110101010110001100001111101100010010101011 0.9743000268936157
1100111110001010111010110010101100100001110101110011011111111111011 0.9739999771118164
1100111100010011110110110010101100110001111111110011111111011111011 0.9739000201225281
0000111111011010111110110111101010110001100001111101100111011101011 0.973800003528595
1100111100001010110110110010101100110001110101110011101001111111011 0.973800003528595
0000111100011011111010100100101100110001110101111101100011011111011 0.9735999703407288
1100111100001010110110110010101100100001110101110011011001111111011 0.9735999703407288
0000111111011010111110110011101111001010101111110011111111011101011 0.9735000133514404
0000111110010011110110110010101101001010101111111011110111011101011 0.9735000133514404
1100111100010011110110110010101100110001111111110011111111011111011 0.9733999967575073
1100111110010011110110110010101100110001111111111011110111011101011 0.9733999967575073
Generation 30
1100111111011010011110110011101110111001100111111011111111111111011 0.978600025177002
1100111111011010011110110011101110111001100111111011111111111111011 0.978600025177002
1100111100011011111010100100101100110001010101111101100011111111011 0.9768999814987183
0000111111011010011110110011101111001010101111111011111111011101011 0.9764000177383423
1100111100010010111010110010101100100001111111110011111111010111011 0.9763000011444092
1100111100010011111010100100101100110101010101111011011011111111011 0.9760000109672546
0000111111011010111110110111101010111011110001111101100110000111011 0.9754999876022339
0000111111011010111110110111101010110001100001111101100111111101011 0.9750000238418579
1100111100011011111010100100101100110001110101111101100011111111011 0.9749000072479248
1100111100010011110110110011101100110001111111110011111111011111011 0.9746999740600586
1100111100010011111010110100101100110001110101110011011110000111011 0.9746000170707703
1100111111011010011110110011101111001010101111111011111110111101011 0.9746000170707703
0000111111011010111110110111101100110001100001111101100111011101011 0.9746000170707703
0000111110010011110110110010101100110001111101110011111111011111011 0.9745000004768372
1100111100010010110110110110101101001011111111110001111111010111011 0.9745000004768372
0000111110010011110110110111101100110001111101111101110111011111011 0.974399983882904
1100111110011011011100000110101010110001100001111101100010010101011 0.9743000268936157
1100111110001010111010110010101100100001110101110011011111111111011 0.9739999771118164
1100111100010011110110110010101100110001111111110011111111011111011 0.9739000201225281
0000111111011010111110110111101010110001100001111101100111011101011 0.973800003528595
1100111100001010110110110010101100110001110101110011101001111111011 0.973800003528595
0000111100011011111010100100101100110001110101111101100011011111011 0.9735999703407288
1100111100001010110110110010101100100001110101110011011001111111011 0.9735999703407288
0000111111011010111110110011101111001010101111110011111111011101011 0.9735000133514404
0000111110010011110110110010101101001010101111111011110111011101011 0.9735000133514404
1100111100010011110110110010101100110001111111110011111111011111011 0.9733999967575073
[0.9014000296592712, 0.9449999928474426, 0.9559000134468079, 0.9574999809265137, 0.9591000080108643, 0.9595000147819519, 0.9657999873161316, 0.9668999910354614, 0.9674999713897705, 0.9674999713897705, 0.9692000150680542, 0.9710999727249146, 0.9718999862670898, 0.9725000262260437, 0.9739000201225281, 0.9749000072479248, 0.9749000072479248, 0.9749000072479248, 0.9768999814987183, 0.9768999814987183, 0.9768999814987183, 0.9768999814987183, 0.9768999814987183, 0.9768999814987183, 0.9768999814987183, 0.9768999814987183, 0.9768999814987183, 0.978600025177002, 0.978600025177002, 0.978600025177002]
[1, 1, 0, 0, 1, 1, 1, 1, 1, 1, 0, 1, 1, 0, 1, 0, 0, 1, 1, 1, 1, 0, 1, 1, 0, 0, 1, 1, 1, 0, 1, 1, 1, 0, 1, 1, 1, 0, 0, 1, 1, 0, 0, 1, 1, 1, 1, 1, 1, 0, 1, 1, 1, 1, 1, 1, 1, 1, 1, 1, 1, 1, 1, 1, 0, 1, 1] 0.978600025177002 0.7008203305304049